2017060100 134.983
2017060101 135.133
2017060102 137.545
2017060103 141.953
2017060104 147.036
2017060105 144.299
2017060106 143.856
2017060107 139.121
2017060108 133.29
2017060109 121.572
2017060110 118.712
2017060111 117.421
2017060112 118.232
2017060113 118.577
2017060114 119.615
2017060115 121.682
2017060116 123.732
2017060117 125.128
2017060118 123.583
2017060119 127.313
2017060120 129.533
2017060121 132.741
2017060122 137.487
2017060123 136.826
2017060200 133.111
2017060201 128.004
2017060202 126.075
2017060203 126.088
2017060204 133.699
2017060205 142.973
2017060206 148.126
2017060207 148.439
2017060208 139.368
2017060209 133.813
2017060210 128.99
2017060211 126.695
2017060212 125.295
2017060213 126.965
2017060214 128.806
2017060215 131.411
2017060216 133.002
2017060217 133.365
2017060218 131.732
2017060219 138.818
2017060220 138.993
2017060221 138.924
2017060222 137.296
2017060223 135.224
2017060300 134.769
2017060301 134.722
2017060302 135.879
2017060303 135.838
2017060304 139.545
2017060305 143.447
2017060306 142.195
2017060307 140.496
2017060308 136.035
2017060309 132.045
2017060310 124.728
2017060311 122.298
2017060312 122.163
2017060313 121.618
2017060314 122.637
2017060315 127.772
2017060316 130.969
2017060317 135.552
2017060318 136.852
2017060319 135.956
2017060320 138.145
2017060321 142.839
2017060322 146.622
2017060323 148.627
2017060400 141.725
2017060401 141.246
2017060402 145.152
2017060403 149.935
2017060404 153.452
2017060405 151.497
2017060406 147.813
2017060407 148.678
2017060408 156.387
2017060409 166.54
2017060410 172.69
2017060411 191.661
2017060412 187.889
2017060413 164.811
2017060414 151.071
2017060415 135.979
2017060416 131.901
2017060417 131.497
2017060418 131.627
2017060419 134.867
2017060420 136.286
2017060421 143.92
2017060422 153.915
2017060423 161.245
2017060500 147.825
2017060501 148.868
2017060502 147.769
2017060503 147.411
2017060504 151.788
2017060505 156.068
2017060506 144.208
2017060507 144.923
2017060508 140.005
2017060509 136.236
2017060510 133.258
2017060511 130.935
2017060512 129.373
2017060513 127.85
2017060514 127.243
2017060515 127.724
2017060516 130.173
2017060517 133.634
2017060518 135.77
2017060519 136.179
2017060520 140.408
2017060521 135.867
2017060522 133.036
2017060523 129.276
2017060600 129.175
2017060601 128.912
2017060602 129.958
2017060603 132.232
2017060604 133.553
2017060605 140.398
2017060606 152.301
2017060607 152.249
2017060608 153.06
2017060609 149.813
2017060610 142.739
2017060611 136.393
2017060612 132.641
2017060613 130.982
2017060614 129.495
2017060615 128.414
2017060616 128.72
2017060617 131.687
2017060618 133.141
2017060619 132.26
2017060620 126.784
2017060621 123.826
2017060622 121.583
2017060623 118.792
2017060700 113.877
2017060701 110.771
2017060702 106.448
2017060703 105.421
2017060704 110.503
2017060705 112.419
2017060706 114.875
2017060707 112.872
2017060708 109.45
2017060709 108.002
2017060710 107.019
2017060711 106.511
2017060712 106.783
2017060713 107.93
2017060714 109.54
2017060715 111.039
2017060716 113.612
2017060717 112.759
2017060718 109.739
2017060719 109.008
2017060720 108.664
2017060721 114.459
2017060722 116.739
2017060723 115.192
2017060800 116.246
2017060801 113.653
2017060802 112.342
2017060803 114.611
2017060804 118.838
2017060805 121.864
2017060806 119.734
2017060807 121.533
2017060808 119.933
2017060809 113.489
2017060810 110.782
2017060811 108.479
2017060812 108.502
2017060813 110.911
2017060814 112.069
2017060815 112.208
2017060816 115.868
2017060817 116.03
2017060818 122.512
2017060819 119.91
2017060820 119.975
2017060821 125.243
2017060822 126.398
2017060823 123.244
2017060900 123.755
2017060901 118.885
2017060902 117.47
2017060903 116.927
2017060904 122.64
2017060905 143.496
2017060906 154.263
2017060907 147.077
2017060908 141.1
2017060909 131.638
2017060910 124.869
2017060911 124.041
2017060912 122.614
2017060913 119.083
2017060914 119.705
2017060915 118.945
2017060916 124.034
2017060917 124.59
2017060918 128.597
2017060919 126.082
2017060920 128.451
2017060921 127.906
2017060922 125.325
2017060923 123.715
2017061000 126.452
2017061001 126.772
2017061002 127.116
2017061003 129.399
2017061004 131.117
2017061005 137.565
2017061006 143.842
2017061007 142.648
2017061008 141.851
2017061009 136.467
2017061010 127.23
2017061011 127.121
2017061012 121.848
2017061013 120.425
2017061014 120.175
2017061015 119.82
2017061016 122.681
2017061017 123.007
2017061018 123.218
2017061019 122.559
2017061020 125.114
2017061021 129.693
2017061022 135.061
2017061023 137.813
