2017060100 8.859
2017060101 8.437
2017060102 7.17
2017060103 6.477
2017060104 6.88
2017060105 6.423
2017060106 6.513
2017060107 5.95
2017060108 5.102
2017060109 4.288
2017060110 3.333
2017060111 2.672
2017060112 2.22
2017060113 2.086
2017060114 2.192
2017060115 2.565
2017060116 3.734
2017060117 5.71
2017060118 7.604
2017060119 8.899
2017060120 7.345
2017060121 7.879
2017060122 8.511
2017060123 8.652
2017060200 8.656
2017060201 7.698
2017060202 6.788
2017060203 5.669
2017060204 5.1
2017060205 4.357
2017060206 4.417
2017060207 5.209
2017060208 3.922
2017060209 3.033
2017060210 2.468
2017060211 2.048
2017060212 1.788
2017060213 1.533
2017060214 1.712
2017060215 2.086
2017060216 3.499
2017060217 5.074
2017060218 6.68
2017060219 6.306
2017060220 7.879
2017060221 7.505
2017060222 7.873
2017060223 7.37
2017060300 7.809
2017060301 6.865
2017060302 6.348
2017060303 5.927
2017060304 5.879
2017060305 4.734
2017060306 4.183
2017060307 3.481
2017060308 2.494
2017060309 2.331
2017060310 1.952
2017060311 1.608
2017060312 1.448
2017060313 1.503
2017060314 1.772
2017060315 2.171
2017060316 3.36
2017060317 3.713
2017060318 3.441
2017060319 4.4
2017060320 5.117
2017060321 5.057
2017060322 5.92
2017060323 7.11
2017060400 7.578
2017060401 6.669
2017060402 6.02
2017060403 6.026
2017060404 6.318
2017060405 5.617
2017060406 5.208
2017060407 6.722
2017060408 6.226
2017060409 5.817
2017060410 4.987
2017060411 3.404
2017060412 2.46
2017060413 2.046
2017060414 1.649
2017060415 1.949
2017060416 2.619
2017060417 3.686
2017060418 5.208
2017060419 7.314
2017060420 8.625
2017060421 8.919
2017060422 9.67
2017060423 9.682
2017060500 9.802
2017060501 10.923
2017060502 10.458
2017060503 12.042
2017060504 13.102
2017060505 9.663
2017060506 9.164
2017060507 11.295
2017060508 10.736
2017060509 8.308
2017060510 6.485
2017060511 4.883
2017060512 3.326
2017060513 2.688
2017060514 2.54
2017060515 3.034
2017060516 3.602
2017060517 4.816
2017060518 5.825
2017060519 6.745
2017060520 6.481
2017060521 6.47
2017060522 7.106
2017060523 7.443
2017060600 6.507
2017060601 6.257
2017060602 5.982
2017060603 5.763
2017060604 5.502
2017060605 4.213
2017060606 4.22
2017060607 5.111
2017060608 5.07
2017060609 2.935
2017060610 2.332
2017060611 1.844
2017060612 1.367
2017060613 1.466
2017060614 1.559
2017060615 1.694
2017060616 1.966
2017060617 2.064
2017060618 2.151
2017060619 2.632
2017060620 2.942
2017060621 3.019
2017060622 3.326
2017060623 3.401
2017060700 3.278
2017060701 3.036
2017060702 2.913
2017060703 2.842
2017060704 2.484
2017060705 2.107
2017060706 2.109
2017060707 2.888
2017060708 2.769
2017060709 1.905
2017060710 1.343
2017060711 1.035
2017060712 1.006
2017060713 1.049
2017060714 1.123
2017060715 1.307
2017060716 1.728
2017060717 1.992
2017060718 2.652
2017060719 5.181
2017060720 5.354
2017060721 4.064
2017060722 5.498
2017060723 6.247
2017060800 4.205
2017060801 4.205
2017060802 3.999
2017060803 3.68
2017060804 3.742
2017060805 3.458
2017060806 3.776
2017060807 5.188
2017060808 4.883
2017060809 3.85
2017060810 2.756
2017060811 2.081
2017060812 1.671
2017060813 1.569
2017060814 1.583
2017060815 1.704
2017060816 2.521
2017060817 3.528
2017060818 4.079
2017060819 5.147
2017060820 5.749
2017060821 6.616
2017060822 7.13
2017060823 5.683
2017060900 5.692
2017060901 4.858
2017060902 4.178
2017060903 4.089
2017060904 4.136
2017060905 4.053
2017060906 3.948
2017060907 4.919
2017060908 4.017
2017060909 3.094
2017060910 2.408
2017060911 2.168
2017060912 1.92
2017060913 1.907
2017060914 1.98
2017060915 2.122
2017060916 3.452
2017060917 6.601
2017060918 8.037
2017060919 8.469
2017060920 9.221
2017060921 9.574
2017060922 9.651
2017060923 9.647
2017061000 8.929
2017061001 9.565
2017061002 9.354
2017061003 7.846
2017061004 8.377
2017061005 8.655
2017061006 8.099
2017061007 7.289
2017061008 5.782
2017061009 4.953
2017061010 3.71
2017061011 2.469
2017061012 1.869
2017061013 1.604
2017061014 1.557
2017061015 1.608
2017061016 2.14
2017061017 3.069
2017061018 4.113
2017061019 4.185
2017061020 4.109
2017061021 5.204
2017061022 6.324
2017061023 7.472
