2017060100 196.573
2017060101 194.192
2017060102 195.175
2017060103 194.516
2017060104 187.179
2017060105 168.525
2017060106 166.475
2017060107 166.427
2017060108 167.128
2017060109 146.088
2017060110 141.938
2017060111 138.176
2017060112 135.835
2017060113 134.993
2017060114 135.854
2017060115 139.03
2017060116 153.49
2017060117 158.942
2017060118 165.559
2017060119 167.205
2017060120 180.241
2017060121 186.4
2017060122 181.148
2017060123 171.426
2017060200 192.327
2017060201 203.666
2017060202 216.088
2017060203 227.369
2017060204 222.419
2017060205 208.946
2017060206 237.055
2017060207 168.577
2017060208 158.165
2017060209 139.684
2017060210 138.849
2017060211 140.724
2017060212 144.497
2017060213 146.351
2017060214 150.095
2017060215 156.194
2017060216 162.682
2017060217 166.959
2017060218 175.177
2017060219 203.323
2017060220 208.513
2017060221 215.876
2017060222 217.704
2017060223 209.511
2017060300 189.048
2017060301 188.293
2017060302 187.422
2017060303 187.083
2017060304 185.246
2017060305 183.488
2017060306 198.333
2017060307 188.699
2017060308 193.59
2017060309 173.729
2017060310 155.412
2017060311 145.538
2017060312 139.409
2017060313 136.45
2017060314 137.495
2017060315 142.004
2017060316 149.743
2017060317 152.382
2017060318 159.206
2017060319 172.698
2017060320 190.882
2017060321 194.945
2017060322 193.35
2017060323 186.783
2017060400 178.67
2017060401 178.528
2017060402 181.413
2017060403 182.494
2017060404 187.266
2017060405 179.762
2017060406 170.41
2017060407 165.514
2017060408 160.727
2017060409 156.774
2017060410 155.193
2017060411 156.354
2017060412 158.351
2017060413 158.825
2017060414 166.044
2017060415 170.617
2017060416 168.125
2017060417 176.722
2017060418 192.202
2017060419 198.778
2017060420 200.567
2017060421 201.701
2017060422 193.871
2017060423 191.46
2017060500 185.861
2017060501 181.7
2017060502 179.054
2017060503 180.446
2017060504 181.306
2017060505 181.374
2017060506 183.413
2017060507 161.527
2017060508 165.839
2017060509 160.65
2017060510 156.688
2017060511 153.231
2017060512 148.171
2017060513 143.584
2017060514 139.743
2017060515 140.43
2017060516 144.058
2017060517 142.143
2017060518 145.054
2017060519 148.308
2017060520 153.086
2017060521 157.092
2017060522 160.379
2017060523 159.608
2017060600 163.958
2017060601 161.838
2017060602 157.578
2017060603 153.827
2017060604 150.524
2017060605 147.563
2017060606 153.724
2017060607 146.295
2017060608 137.19
2017060609 129.215
2017060610 124.167
2017060611 121.906
2017060612 119.585
2017060613 119.118
2017060614 118.527
2017060615 118.144
2017060616 123.801
2017060617 125.208
2017060618 118.145
2017060619 140.875
2017060620 138.061
2017060621 128.553
2017060622 122.745
2017060623 119.415
2017060700 123.358
2017060701 123.787
2017060702 123.522
2017060703 124.192
2017060704 125.345
2017060705 125.463
2017060706 126.243
2017060707 126.808
2017060708 126.184
2017060709 123.58
2017060710 121.098
2017060711 119.817
2017060712 118.266
2017060713 118.641
2017060714 120.298
2017060715 123.248
2017060716 128.159
2017060717 129.628
2017060718 127.421
2017060719 126.386
2017060720 124.327
2017060721 124.033
2017060722 129.94
2017060723 129.103
2017060800 130.284
2017060801 134.276
2017060802 135.849
2017060803 135.026
2017060804 134.618
2017060805 133.54
2017060806 138.269
2017060807 134.351
2017060808 132.939
2017060809 127.015
2017060810 122.92
2017060811 122.603
2017060812 124.371
2017060813 125.936
2017060814 126.916
2017060815 129.809
2017060816 135.03
2017060817 147.788
2017060818 165.646
2017060819 173.231
2017060820 175.362
2017060821 172.458
2017060822 169.288
2017060823 168.918
2017060900 162.812
2017060901 160.12
2017060902 162.64
2017060903 166.126
2017060904 162.733
2017060905 158.053
2017060906 161.197
2017060907 154.479
2017060908 145.788
2017060909 135.306
2017060910 125.861
2017060911 124.047
2017060912 124.684
2017060913 124.657
2017060914 124.296
2017060915 124.897
2017060916 126.352
2017060917 130.231
2017060918 135.492
2017060919 144.101
2017060920 150.778
2017060921 156.64
2017060922 162.243
2017060923 163.776
2017061000 149.005
2017061001 152.806
2017061002 149.866
2017061003 145.799
2017061004 142.178
2017061005 142.721
2017061006 151.521
2017061007 149.726
2017061008 148.564
2017061009 148.373
2017061010 143.058
2017061011 141.149
2017061012 138.587
2017061013 133.549
2017061014 130.199
2017061015 130.147
2017061016 133.851
2017061017 134.506
2017061018 137.571
2017061019 132.978
2017061020 142.008
2017061021 144.286
2017061022 143.753
2017061023 144.743
