2017060100 206.722
2017060101 205.356
2017060102 205.532
2017060103 202.621
2017060104 190.775
2017060105 169.196
2017060106 168.516
2017060107 170.554
2017060108 169.903
2017060109 148.08
2017060110 143.509
2017060111 139.816
2017060112 138.307
2017060113 137.747
2017060114 138.475
2017060115 141.484
2017060116 164.1
2017060117 175.329
2017060118 180.119
2017060119 179.902
2017060120 185.184
2017060121 181.235
2017060122 175.247
2017060123 168.716
2017060200 190.657
2017060201 206.932
2017060202 221.482
2017060203 234.36
2017060204 225.069
2017060205 226.796
2017060206 246.187
2017060207 178.542
2017060208 168.858
2017060209 143.27
2017060210 142.073
2017060211 142.167
2017060212 148.17
2017060213 149.615
2017060214 154.696
2017060215 163.885
2017060216 169.954
2017060217 173.936
2017060218 184.885
2017060219 233.168
2017060220 238.472
2017060221 239.247
2017060222 241.504
2017060223 236.497
2017060300 207.971
2017060301 205.059
2017060302 204.167
2017060303 204.912
2017060304 206.042
2017060305 194.063
2017060306 205.23
2017060307 191.546
2017060308 198.28
2017060309 189.01
2017060310 162.513
2017060311 153.297
2017060312 146.559
2017060313 143.387
2017060314 144.061
2017060315 150.033
2017060316 156.691
2017060317 155.562
2017060318 163.064
2017060319 175.088
2017060320 190.349
2017060321 203.369
2017060322 206.282
2017060323 201.667
2017060400 189.592
2017060401 188.891
2017060402 191.543
2017060403 192.445
2017060404 198.453
2017060405 181.725
2017060406 174.305
2017060407 168.452
2017060408 162.892
2017060409 159.466
2017060410 157.414
2017060411 157.771
2017060412 159.11
2017060413 163.379
2017060414 172.689
2017060415 172.954
2017060416 170.144
2017060417 179.611
2017060418 199.131
2017060419 201.012
2017060420 201.558
2017060421 202.652
2017060422 191.658
2017060423 188.078
2017060500 196.516
2017060501 195.005
2017060502 192.719
2017060503 192.272
2017060504 192.002
2017060505 187.09
2017060506 189.632
2017060507 159.44
2017060508 175.394
2017060509 166.846
2017060510 162.546
2017060511 158.211
2017060512 153.135
2017060513 148.678
2017060514 142.692
2017060515 141.758
2017060516 145.327
2017060517 143.101
2017060518 149.924
2017060519 149.948
2017060520 155.068
2017060521 159.398
2017060522 165.83
2017060523 165.033
2017060600 168.59
2017060601 167.992
2017060602 166.634
2017060603 164.228
2017060604 158.568
2017060605 150.362
2017060606 157.931
2017060607 151.663
2017060608 141.581
2017060609 132.464
2017060610 126.25
2017060611 123.894
2017060612 122.005
2017060613 121.941
2017060614 121.135
2017060615 121.526
2017060616 131.98
2017060617 133.614
2017060618 123.612
2017060619 147.427
2017060620 142.22
2017060621 132.039
2017060622 127.084
2017060623 122.93
2017060700 126.746
2017060701 127.25
2017060702 128.662
2017060703 128.791
2017060704 131.794
2017060705 127.415
2017060706 133.438
2017060707 130.995
2017060708 130.436
2017060709 127.052
2017060710 124.757
2017060711 123.727
2017060712 122.079
2017060713 122.554
2017060714 123.789
2017060715 126.742
2017060716 132.266
2017060717 135.911
2017060718 134.196
2017060719 130.437
2017060720 129.692
2017060721 130.182
2017060722 133.723
2017060723 132.999
2017060800 135.316
2017060801 139.414
2017060802 141.189
2017060803 140.505
2017060804 140.961
2017060805 138.667
2017060806 145.255
2017060807 143.498
2017060808 138.861
2017060809 131.037
2017060810 127.281
2017060811 128.782
2017060812 131.381
2017060813 132.679
2017060814 133.016
2017060815 134.934
2017060816 144.759
2017060817 155.705
2017060818 173.27
2017060819 182.737
2017060820 184.598
2017060821 196.837
2017060822 186.35
2017060823 182.407
2017060900 178.537
2017060901 174.223
2017060902 178.787
2017060903 176.534
2017060904 175.267
2017060905 163.258
2017060906 164.867
2017060907 163.272
2017060908 152.216
2017060909 140.074
2017060910 128.325
2017060911 125.897
2017060912 127.961
2017060913 128.003
2017060914 127.714
2017060915 129.721
2017060916 131.062
2017060917 134.66
2017060918 140.117
2017060919 151.431
2017060920 160.378
2017060921 160.339
2017060922 167.125
2017060923 172.919
2017061000 154.055
2017061001 158.511
2017061002 155.577
2017061003 151.784
2017061004 149.886
2017061005 150.924
2017061006 161.045
2017061007 158.374
2017061008 153.127
2017061009 152.959
2017061010 145.346
2017061011 144.458
2017061012 140.348
2017061013 136.084
2017061014 135.054
2017061015 134.279
2017061016 138.954
2017061017 137.767
2017061018 139.68
2017061019 134.054
2017061020 139.622
2017061021 145.054
2017061022 144.179
2017061023 146.602
