2017060100 208.516
2017060101 187.03
2017060102 183.808
2017060103 186.971
2017060104 197.094
2017060105 166.197
2017060106 183.718
2017060107 192.248
2017060108 163.822
2017060109 169.009
2017060110 157.086
2017060111 155.605
2017060112 155.019
2017060113 156.568
2017060114 154.272
2017060115 151.711
2017060116 168.182
2017060117 183.768
2017060118 201.661
2017060119 212.423
2017060120 218.341
2017060121 222.086
2017060122 228.212
2017060123 247.858
2017060200 311.808
2017060201 288.774
2017060202 279.072
2017060203 279.647
2017060204 299.824
2017060205 310.902
2017060206 350.531
2017060207 256.749
2017060208 234.561
2017060209 224.614
2017060210 180.414
2017060211 171.853
2017060212 167.914
2017060213 167.277
2017060214 165.271
2017060215 163.546
2017060216 202.906
2017060217 224.219
2017060218 249.032
2017060219 254.843
2017060220 304.455
2017060221 323.977
2017060222 328.274
2017060223 326.194
2017060300 409.022
2017060301 405.849
2017060302 385.685
2017060303 342.377
2017060304 357.125
2017060305 320.924
2017060306 351.569
2017060307 281.914
2017060308 269.002
2017060309 244.815
2017060310 190.265
2017060311 185.305
2017060312 183.263
2017060313 187.66
2017060314 184.891
2017060315 180.381
2017060316 194.044
2017060317 195.272
2017060318 198.142
2017060319 228.618
2017060320 231.719
2017060321 250.475
2017060322 233.293
2017060323 212.157
2017060400 228.005
2017060401 241.792
2017060402 235.83
2017060403 210.295
2017060404 195.792
2017060405 176.981
2017060406 180.019
2017060407 149.169
2017060408 148.861
2017060409 145.751
2017060410 145.519
2017060411 144.719
2017060412 148.444
2017060413 154.658
2017060414 166.194
2017060415 186.57
2017060416 171.887
2017060417 172.458
2017060418 183.97
2017060419 191.786
2017060420 188.536
2017060421 192.581
2017060422 203.741
2017060423 195.445
2017060500 201.821
2017060501 215.547
2017060502 211.746
2017060503 204.674
2017060504 196.371
2017060505 196.744
2017060506 207.527
2017060507 166.323
2017060508 167.1
2017060509 171.319
2017060510 176.299
2017060511 180.524
2017060512 184.861
2017060513 184.29
2017060514 183.314
2017060515 183.961
2017060516 195.432
2017060517 195.388
2017060518 206.56
2017060519 193.764
2017060520 204.815
2017060521 207.718
2017060522 209.952
2017060523 196.811
2017060600 224.919
2017060601 238.52
2017060602 256.674
2017060603 275.646
2017060604 284.494
2017060605 255.004
2017060606 288.6
2017060607 192.122
2017060608 149.797
2017060609 142.265
2017060610 142.359
2017060611 140.886
2017060612 138.939
2017060613 138.501
2017060614 137.826
2017060615 138.551
2017060616 142.722
2017060617 149.638
2017060618 161.093
2017060619 160.939
2017060620 155.416
2017060621 165.058
2017060622 165.967
2017060623 154.158
2017060700 148.069
2017060701 150.279
2017060702 152.139
2017060703 156.546
2017060704 171.369
2017060705 145.524
2017060706 147.366
2017060707 137.611
2017060708 138.675
2017060709 138.128
2017060710 136.574
2017060711 136.806
2017060712 134.08
2017060713 132.49
2017060714 132.406
2017060715 132.492
2017060716 162.373
2017060717 177.764
2017060718 195.881
2017060719 204.46
2017060720 199.384
2017060721 193.314
2017060722 181.959
2017060723 177.958
2017060800 178.854
2017060801 184.264
2017060802 186.098
2017060803 189.052
2017060804 198.683
2017060805 175.594
2017060806 192.477
2017060807 190.779
2017060808 147.17
2017060809 145.938
2017060810 140.861
2017060811 136.101
2017060812 132.821
2017060813 131.351
2017060814 130.819
2017060815 130.699
2017060816 174.852
2017060817 194.393
2017060818 209.471
2017060819 237.569
2017060820 264.249
2017060821 274.28
2017060822 255.606
2017060823 250.453
2017060900 271.851
2017060901 249.849
2017060902 234.555
2017060903 227.76
2017060904 226.407
2017060905 238.305
2017060906 265.175
2017060907 216.33
2017060908 152.882
2017060909 152.61
2017060910 149.004
2017060911 148.587
2017060912 148.942
2017060913 151.657
2017060914 150.735
2017060915 146.431
2017060916 181.857
2017060917 193.588
2017060918 191.509
2017060919 177.209
2017060920 168.858
2017060921 177.699
2017060922 182.848
2017060923 175.994
2017061000 170.193
2017061001 163.597
2017061002 167.994
2017061003 178.803
2017061004 188.62
2017061005 168.776
2017061006 172.944
2017061007 158.843
2017061008 161.928
2017061009 164.111
2017061010 142.47
2017061011 141.599
2017061012 144.177
2017061013 142.462
2017061014 143.634
2017061015 145.421
2017061016 170.284
2017061017 182.286
2017061018 179.494
2017061019 175.67
2017061020 178.168
2017061021 193.201
2017061022 203.529
2017061023 207.264
