2017060100 7.957
2017060101 8.643
2017060102 9.219
2017060103 9.374
2017060104 7.386
2017060105 5.849
2017060106 4.918
2017060107 4.093
2017060108 2.611
2017060109 1.752
2017060110 1.324
2017060111 1.171
2017060112 1.131
2017060113 1.148
2017060114 1.227
2017060115 1.376
2017060116 2.084
2017060117 3.397
2017060118 4.785
2017060119 7.799
2017060120 7.969
2017060121 7.497
2017060122 8.643
2017060123 8.585
2017060200 8.415
2017060201 7.397
2017060202 7.406
2017060203 7.274
2017060204 8.016
2017060205 6.397
2017060206 6.856
2017060207 5.984
2017060208 4.653
2017060209 3.909
2017060210 3.201
2017060211 2.591
2017060212 2.228
2017060213 2.072
2017060214 1.97
2017060215 2.097
2017060216 3.315
2017060217 4.624
2017060218 6.247
2017060219 8.406
2017060220 8.301
2017060221 9.022
2017060222 9.22
2017060223 8.359
2017060300 7.637
2017060301 7.5
2017060302 7.788
2017060303 7.47
2017060304 6.721
2017060305 5.617
2017060306 5.55
2017060307 4.793
2017060308 3.585
2017060309 2.68
2017060310 1.76
2017060311 1.33
2017060312 1.299
2017060313 1.455
2017060314 1.599
2017060315 1.862
2017060316 3.136
2017060317 3.775
2017060318 5.369
2017060319 6.715
2017060320 6.366
2017060321 6.686
2017060322 7.688
2017060323 8.583
2017060400 6.116
2017060401 6.666
2017060402 7.033
2017060403 6.808
2017060404 6.865
2017060405 5.946
2017060406 5.629
2017060407 5.32
2017060408 4.845
2017060409 4.072
2017060410 3.945
2017060411 3.854
2017060412 2.301
2017060413 1.457
2017060414 1.82
2017060415 2.428
2017060416 3.483
2017060417 4.43
2017060418 5.135
2017060419 7.526
2017060420 8.97
2017060421 9.444
2017060422 10.167
2017060423 9.946
2017060500 7.728
2017060501 9.028
2017060502 8.848
2017060503 8.955
2017060504 7.785
2017060505 6.556
2017060506 6.72
2017060507 4.288
2017060508 3.355
2017060509 2.208
2017060510 1.551
2017060511 1.356
2017060512 1.326
2017060513 1.444
2017060514 1.545
2017060515 1.754
2017060516 2.575
2017060517 2.892
2017060518 3.764
2017060519 4.671
2017060520 5.128
2017060521 5.287
2017060522 5.427
2017060523 5.65
2017060600 4.971
2017060601 5.334
2017060602 5.376
2017060603 5.231
2017060604 5.073
2017060605 4.223
2017060606 4.461
2017060607 4.304
2017060608 3.859
2017060609 3.08
2017060610 2.238
2017060611 1.914
2017060612 1.874
2017060613 1.92
2017060614 2.161
2017060615 2.494
2017060616 3.87
2017060617 5.518
2017060618 4.616
2017060619 4.884
2017060620 5.557
2017060621 5.369
2017060622 4.898
2017060623 4.809
2017060700 5.093
2017060701 5.107
2017060702 4.797
2017060703 4.725
2017060704 3.901
2017060705 3.023
2017060706 2.808
2017060707 2.666
2017060708 2.037
2017060709 1.542
2017060710 1.145
2017060711 1.025
2017060712 1
2017060713 1.173
2017060714 1.257
2017060715 1.428
2017060716 1.971
2017060717 2.497
2017060718 3.203
2017060719 4.605
2017060720 5.162
2017060721 5.383
2017060722 5.976
2017060723 5.636
2017060800 5.588
2017060801 5.102
2017060802 5.23
2017060803 5.751
2017060804 6.049
2017060805 4.545
2017060806 4.582
2017060807 3.878
2017060808 3.096
2017060809 1.991
2017060810 1.605
2017060811 1.31
2017060812 1.335
2017060813 1.533
2017060814 1.612
2017060815 1.65
2017060816 2.069
2017060817 3.468
2017060818 5.669
2017060819 6.975
2017060820 7.806
2017060821 7.578
2017060822 7.203
2017060823 7.508
2017060900 8.845
2017060901 8.237
2017060902 7.614
2017060903 7.387
2017060904 6.576
2017060905 5.553
2017060906 5.139
2017060907 4.043
2017060908 2.807
2017060909 1.817
2017060910 1.537
2017060911 1.411
2017060912 1.49
2017060913 1.647
2017060914 1.783
2017060915 2.137
2017060916 3.235
2017060917 4.263
2017060918 5.406
2017060919 6.339
2017060920 7.431
2017060921 7.805
2017060922 8.069
2017060923 8.104
2017061000 8.466
2017061001 8.954
2017061002 8.2
2017061003 8.434
2017061004 8.64
2017061005 6.958
2017061006 5.717
2017061007 4.021
2017061008 2.71
2017061009 1.939
2017061010 1.404
2017061011 1.265
2017061012 1.202
2017061013 1.199
2017061014 1.254
2017061015 1.363
2017061016 2.076
2017061017 2.21
2017061018 2.618
2017061019 5.722
2017061020 7.406
2017061021 8.337
2017061022 7.947
2017061023 8.273
