2017060100 200.05
2017060101 200.361
2017060102 191.012
2017060103 189.304
2017060104 189.987
2017060105 185.182
2017060106 184.768
2017060107 174.483
2017060108 169.231
2017060109 171.923
2017060110 161.092
2017060111 157.109
2017060112 156.559
2017060113 159.492
2017060114 165.4
2017060115 170.508
2017060116 177.972
2017060117 176.59
2017060118 178.578
2017060119 176.262
2017060120 170.181
2017060121 170.838
2017060122 180.547
2017060123 185.025
2017060200 166.016
2017060201 161.474
2017060202 155.314
2017060203 149.189
2017060204 143.853
2017060205 143.726
2017060206 146.374
2017060207 149.572
2017060208 152.433
2017060209 156.037
2017060210 155.35
2017060211 164.904
2017060212 164.073
2017060213 160.209
2017060214 161.631
2017060215 166.426
2017060216 178.55
2017060217 174.929
2017060218 174.22
2017060219 175.398
2017060220 172.101
2017060221 167.167
2017060222 156.862
2017060223 144.887
2017060300 164.279
2017060301 154.981
2017060302 151.675
2017060303 148.6
2017060304 147.541
2017060305 144.025
2017060306 143.882
2017060307 138.005
2017060308 140.233
2017060309 142.322
2017060310 136.779
2017060311 135.385
2017060312 137.211
2017060313 139.516
2017060314 139.112
2017060315 139.31
2017060316 138.094
2017060317 134.496
2017060318 132.686
2017060319 136.592
2017060320 140.758
2017060321 146.023
2017060322 152.505
2017060323 157.689
2017060400 153.168
2017060401 147.997
2017060402 146.82
2017060403 148.025
2017060404 150.214
2017060405 146.002
2017060406 143.414
2017060407 144.773
2017060408 147.929
2017060409 149.602
2017060410 145.973
2017060411 143.17
2017060412 142.568
2017060413 137.406
2017060414 134.826
2017060415 134.353
2017060416 133.057
2017060417 135.022
2017060418 141.498
2017060419 148.768
2017060420 154.833
2017060421 159.831
2017060422 164.689
2017060423 168.853
2017060500 149.644
2017060501 153.696
2017060502 157.207
2017060503 168.176
2017060504 174.155
2017060505 176.621
2017060506 181.368
2017060507 175.04
2017060508 173.671
2017060509 175.907
2017060510 175.297
2017060511 176.318
2017060512 169.627
2017060513 164.705
2017060514 163.111
2017060515 161.164
2017060516 161.492
2017060517 163.303
2017060518 166.329
2017060519 166.447
2017060520 160.523
2017060521 160.011
2017060522 162.828
2017060523 161.581
2017060600 148.004
2017060601 149.276
2017060602 146.64
2017060603 142.244
2017060604 138.576
2017060605 140.115
2017060606 140.77
2017060607 142.856
2017060608 144.634
2017060609 131.9
2017060610 126.08
2017060611 120.217
2017060612 118.223
2017060613 118.28
2017060614 117.634
2017060615 116.972
2017060616 117.73
2017060617 110.72
2017060618 119.715
2017060619 116.061
2017060620 113.126
2017060621 111.192
2017060622 111.501
2017060623 111.128
2017060700 109.164
2017060701 106.8
2017060702 106.186
2017060703 107.678
2017060704 110.289
2017060705 110.287
2017060706 114.695
2017060707 118.482
2017060708 113.487
2017060709 106.413
2017060710 104.504
2017060711 103.179
2017060712 103.251
2017060713 104.775
2017060714 103.76
2017060715 104.794
2017060716 106.563
2017060717 108.1
2017060718 109.715
2017060719 117.924
2017060720 122.403
2017060721 119.97
2017060722 114.371
2017060723 114.913
2017060800 115.481
2017060801 115.373
2017060802 114.148
2017060803 112.627
2017060804 113.889
2017060805 115.54
2017060806 125.903
2017060807 127.168
2017060808 133.881
2017060809 133.694
2017060810 132.308
2017060811 130.787
2017060812 130.007
2017060813 130.073
2017060814 132.499
2017060815 132.467
2017060816 136.46
2017060817 139.992
2017060818 138.288
2017060819 137.772
2017060820 140.628
2017060821 143.558
2017060822 141.698
2017060823 135.897
2017060900 133.045
2017060901 130.771
2017060902 129.186
2017060903 126.264
2017060904 124.155
2017060905 126.369
2017060906 134.904
2017060907 139.023
2017060908 133.147
2017060909 134.097
2017060910 133.124
2017060911 134.233
2017060912 133.04
2017060913 132.861
2017060914 131.667
2017060915 134.867
2017060916 138.524
2017060917 139.026
2017060918 150.204
2017060919 155.943
2017060920 158.77
2017060921 159.475
2017060922 159.311
2017060923 158.38
2017061000 149.629
2017061001 152.565
2017061002 154.582
2017061003 148.13
2017061004 149.964
2017061005 153.336
2017061006 156.133
2017061007 154.527
2017061008 149.777
2017061009 147.869
2017061010 141.739
2017061011 137.414
2017061012 129.625
2017061013 128.657
2017061014 125.98
2017061015 134.374
2017061016 142.5
2017061017 142.156
2017061018 142.726
2017061019 144.434
2017061020 130.947
2017061021 125.099
2017061022 127.164
2017061023 130.388
