2017060100 246.776
2017060101 228.9
2017060102 224.285
2017060103 220.87
2017060104 218.389
2017060105 218.771
2017060106 239.487
2017060107 229.712
2017060108 210.323
2017060109 194.728
2017060110 191.014
2017060111 167.012
2017060112 163.508
2017060113 167.595
2017060114 175.028
2017060115 186.044
2017060116 198.476
2017060117 210.605
2017060118 247.626
2017060119 245.765
2017060120 253.859
2017060121 259.175
2017060122 267.679
2017060123 262.061
2017060200 212.308
2017060201 207.364
2017060202 201.122
2017060203 200.695
2017060204 198.944
2017060205 188.138
2017060206 204.133
2017060207 197.49
2017060208 184.105
2017060209 173.846
2017060210 165.787
2017060211 162.338
2017060212 157.53
2017060213 162.967
2017060214 171.836
2017060215 183.006
2017060216 206.408
2017060217 226.535
2017060218 242.725
2017060219 238.631
2017060220 232.656
2017060221 235.685
2017060222 236.489
2017060223 226.189
2017060300 238.19
2017060301 233.392
2017060302 224.895
2017060303 218.402
2017060304 212.131
2017060305 206.653
2017060306 215.106
2017060307 188.291
2017060308 168.186
2017060309 154.619
2017060310 139.162
2017060311 134.904
2017060312 137.415
2017060313 137.82
2017060314 138.759
2017060315 141.645
2017060316 147.109
2017060317 150.371
2017060318 152.898
2017060319 155.108
2017060320 155.173
2017060321 158.235
2017060322 165.533
2017060323 172.295
2017060400 167.454
2017060401 163.007
2017060402 153.756
2017060403 150.963
2017060404 155.429
2017060405 165.026
2017060406 158.035
2017060407 160.844
2017060408 163.066
2017060409 167.271
2017060410 164.684
2017060411 158.218
2017060412 153.329
2017060413 151.595
2017060414 154.555
2017060415 157.781
2017060416 161.604
2017060417 166.674
2017060418 173.675
2017060419 188.916
2017060420 193.763
2017060421 192.906
2017060422 198.648
2017060423 200.452
2017060500 185.659
2017060501 176.12
2017060502 169.791
2017060503 168.533
2017060504 165.959
2017060505 173.79
2017060506 184.031
2017060507 191.731
2017060508 187.35
2017060509 185.722
2017060510 179.156
2017060511 173.576
2017060512 169.367
2017060513 172.96
2017060514 179.068
2017060515 186.432
2017060516 197.683
2017060517 203.885
2017060518 222.627
2017060519 236.305
2017060520 222.854
2017060521 224.064
2017060522 236.249
2017060523 236.88
2017060600 231.987
2017060601 227.664
2017060602 221.835
2017060603 215.42
2017060604 208.714
2017060605 196.227
2017060606 194.882
2017060607 173.343
2017060608 151.363
2017060609 134.415
2017060610 124.943
2017060611 117.394
2017060612 117.148
2017060613 119.218
2017060614 119.432
2017060615 121.36
2017060616 126.23
2017060617 123.364
2017060618 120.614
2017060619 119.071
2017060620 121.257
2017060621 124.528
2017060622 122.693
2017060623 118.902
2017060700 115.474
2017060701 113.193
2017060702 112.777
2017060703 112.659
2017060704 114.659
2017060705 114.709
2017060706 116.108
2017060707 120.941
2017060708 122.291
2017060709 114.105
2017060710 112.852
2017060711 110.409
2017060712 110.229
2017060713 110.21
2017060714 110.221
2017060715 112.038
2017060716 115.501
2017060717 120.276
2017060718 121.317
2017060719 134.017
2017060720 138.29
2017060721 137.926
2017060722 139.472
2017060723 140.508
2017060800 146.108
2017060801 145.841
2017060802 144.845
2017060803 145.04
2017060804 147.899
2017060805 163.685
2017060806 184.223
2017060807 175.74
2017060808 168.207
2017060809 153.996
2017060810 147.408
2017060811 147.489
2017060812 148.314
2017060813 149.284
2017060814 150.452
2017060815 148.625
2017060816 154.954
2017060817 165.589
2017060818 167.338
2017060819 182.069
2017060820 179.51
2017060821 177.062
2017060822 171.868
2017060823 168.179
2017060900 196.905
2017060901 189.508
2017060902 187.812
2017060903 190.421
2017060904 189.414
2017060905 175.983
2017060906 183.171
2017060907 183.336
2017060908 179.516
2017060909 168.601
2017060910 151.665
2017060911 156.278
2017060912 153.525
2017060913 148.064
2017060914 146.78
2017060915 144.727
2017060916 155.16
2017060917 153.546
2017060918 168.801
2017060919 179.191
2017060920 183.49
2017060921 183.819
2017060922 181.337
2017060923 186.296
2017061000 177.018
2017061001 176.79
2017061002 176.46
2017061003 177.967
2017061004 182.2
2017061005 189.254
2017061006 207.744
2017061007 198.183
2017061008 179.525
2017061009 173.43
2017061010 151.653
2017061011 135.769
2017061012 131.271
2017061013 131.737
2017061014 131.2
2017061015 130.808
2017061016 131.441
2017061017 151.638
2017061018 154.08
2017061019 154.114
2017061020 174.275
2017061021 189.613
2017061022 202.663
2017061023 192.71
