2017060100 13.354
2017060101 13.944
2017060102 14.439
2017060103 15.071
2017060104 14.418
2017060105 10.196
2017060106 10.383
2017060107 10.499
2017060108 8.399
2017060109 6.209
2017060110 4.908
2017060111 4.036
2017060112 3.881
2017060113 4.013
2017060114 4.255
2017060115 5.033
2017060116 6.422
2017060117 7.335
2017060118 8.363
2017060119 11.029
2017060120 12.644
2017060121 13.484
2017060122 13.477
2017060123 14.202
2017060200 11.908
2017060201 11.906
2017060202 11.705
2017060203 11.783
2017060204 12.134
2017060205 9.773
2017060206 11.615
2017060207 12.077
2017060208 9.098
2017060209 6.968
2017060210 4.439
2017060211 3.692
2017060212 3.329
2017060213 3.548
2017060214 3.696
2017060215 4.493
2017060216 6.592
2017060217 6.614
2017060218 8.239
2017060219 11.263
2017060220 11.527
2017060221 12.625
2017060222 13.125
2017060223 13.303
2017060300 12.415
2017060301 13.669
2017060302 14.48
2017060303 15.624
2017060304 14.565
2017060305 10.961
2017060306 10.566
2017060307 7.482
2017060308 5.382
2017060309 4.404
2017060310 3.157
2017060311 2.766
2017060312 2.572
2017060313 2.566
2017060314 2.481
2017060315 2.691
2017060316 3.205
2017060317 4.083
2017060318 5.106
2017060319 7.628
2017060320 8.918
2017060321 9.052
2017060322 8.98
2017060323 8.067
2017060400 8.869
2017060401 9.632
2017060402 10.761
2017060403 11.851
2017060404 9.446
2017060405 9.85
2017060406 11.13
2017060407 11.808
2017060408 10.426
2017060409 9.261
2017060410 8.477
2017060411 7.661
2017060412 5.41
2017060413 4.79
2017060414 4.767
2017060415 4.921
2017060416 6.369
2017060417 8.879
2017060418 10.447
2017060419 13.225
2017060420 13.778
2017060421 15.393
2017060422 17.887
2017060423 18.819
2017060500 15.476
2017060501 16.283
2017060502 17.257
2017060503 18.121
2017060504 14.996
2017060505 11.228
2017060506 10.804
2017060507 8.914
2017060508 7.21
2017060509 5.271
2017060510 3.997
2017060511 3.452
2017060512 3.435
2017060513 3.618
2017060514 3.53
2017060515 4.033
2017060516 5.857
2017060517 7.453
2017060518 9.15
2017060519 11.945
2017060520 12.067
2017060521 11.56
2017060522 9.834
2017060523 8.436
2017060600 8.207
2017060601 7.572
2017060602 7.968
2017060603 9.002
2017060604 9.532
2017060605 10.146
2017060606 10.043
2017060607 8.986
2017060608 8.345
2017060609 6.865
2017060610 4.582
2017060611 3.379
2017060612 2.878
2017060613 3.178
2017060614 3.375
2017060615 3.81
2017060616 4.665
2017060617 5.251
2017060618 4.91
2017060619 5.115
2017060620 5.084
2017060621 4.991
2017060622 4.549
2017060623 4.183
2017060700 4.153
2017060701 4.018
2017060702 4.043
2017060703 3.903
2017060704 3.731
2017060705 3.432
2017060706 3.586
2017060707 3.292
2017060708 2.552
2017060709 2.13
2017060710 1.78
2017060711 1.61
2017060712 1.623
2017060713 1.786
2017060714 1.942
2017060715 2.365
2017060716 2.849
2017060717 3.234
2017060718 3.301
2017060719 4.681
2017060720 4.829
2017060721 5.435
2017060722 5.906
2017060723 5.78
2017060800 5.028
2017060801 5.388
2017060802 5.622
2017060803 5.805
2017060804 6.235
2017060805 5.798
2017060806 5.651
2017060807 4.339
2017060808 3.382
2017060809 2.867
2017060810 2.407
2017060811 2.443
2017060812 2.338
2017060813 2.459
2017060814 2.575
2017060815 3.171
2017060816 4.363
2017060817 4.662
2017060818 6.229
2017060819 7.368
2017060820 10.562
2017060821 13.256
2017060822 13.571
2017060823 12.58
2017060900 11.488
2017060901 10.073
2017060902 8.974
2017060903 9.537
2017060904 9.539
2017060905 8.905
2017060906 9.247
2017060907 7.353
2017060908 5.478
2017060909 4.083
2017060910 3.283
2017060911 2.967
2017060912 2.731
2017060913 2.987
2017060914 3.081
2017060915 4.05
2017060916 5.332
2017060917 5.876
2017060918 5.872
2017060919 7.845
2017060920 8.087
2017060921 7.51
2017060922 6.995
2017060923 7.439
2017061000 7.067
2017061001 7.235
2017061002 7.589
2017061003 8.187
2017061004 8.052
2017061005 8.122
2017061006 8.129
2017061007 6.98
2017061008 5.152
2017061009 4.045
2017061010 3.411
2017061011 3.106
2017061012 2.626
2017061013 2.584
2017061014 2.517
2017061015 2.619
2017061016 3.614
2017061017 4.562
2017061018 5.374
2017061019 7.15
2017061020 8.756
2017061021 11.858
2017061022 14.229
2017061023 13.497
