2017060100 13.559
2017060101 12.714
2017060102 12.703
2017060103 12.868
2017060104 12.394
2017060105 10.548
2017060106 11.026
2017060107 12.491
2017060108 10.845
2017060109 8.361
2017060110 6.956
2017060111 6.884
2017060112 7.773
2017060113 8.293
2017060114 8.921
2017060115 11.147
2017060116 15.172
2017060117 17.888
2017060118 21.513
2017060119 23.315
2017060120 24.555
2017060121 22.903
2017060122 19.357
2017060123 18.674
2017060200 24.383
2017060201 26.159
2017060202 27.986
2017060203 30.605
2017060204 26.662
2017060205 25.426
2017060206 23.695
2017060207 18.19
2017060208 13.42
2017060209 8.293
2017060210 5.779
2017060211 4.965
2017060212 4.142
2017060213 5.958
2017060214 6.781
2017060215 8.187
2017060216 11.223
2017060217 14.3
2017060218 17.763
2017060219 23.563
2017060220 29.011
2017060221 36.095
2017060222 38.476
2017060223 36.154
2017060300 27.699
2017060301 26.309
2017060302 25.233
2017060303 24.918
2017060304 21.597
2017060305 13.611
2017060306 17.85
2017060307 15.894
2017060308 14.512
2017060309 13.058
2017060310 9.18
2017060311 6.791
2017060312 5.85
2017060313 5.346
2017060314 5.31
2017060315 5.537
2017060316 6.126
2017060317 6.838
2017060318 9.017
2017060319 14.607
2017060320 18.725
2017060321 21.581
2017060322 22.615
2017060323 20.953
2017060400 13.322
2017060401 13.319
2017060402 16.469
2017060403 17.02
2017060404 11.927
2017060405 10.274
2017060406 10.347
2017060407 7.767
2017060408 6.596
2017060409 6.185
2017060410 5.818
2017060411 5.312
2017060412 4.903
2017060413 3.907
2017060414 4.6
2017060415 5.336
2017060416 6.311
2017060417 7.484
2017060418 9.443
2017060419 10.612
2017060420 11.845
2017060421 11.807
2017060422 12.024
2017060423 10.601
2017060500 11.897
2017060501 12.167
2017060502 11.66
2017060503 11.366
2017060504 11.596
2017060505 10.575
2017060506 11.085
2017060507 13.038
2017060508 11.518
2017060509 8.963
2017060510 7.114
2017060511 6.296
2017060512 6.225
2017060513 6.396
2017060514 6.549
2017060515 7.186
2017060516 9.047
2017060517 9.42
2017060518 11.03
2017060519 11.331
2017060520 11.76
2017060521 15.058
2017060522 15.034
2017060523 13.51
2017060600 16.175
2017060601 16.393
2017060602 15.185
2017060603 13.249
2017060604 10.445
2017060605 8.226
2017060606 9.243
2017060607 9.498
2017060608 7.619
2017060609 5.18
2017060610 4.561
2017060611 3.899
2017060612 3.313
2017060613 3.727
2017060614 4.251
2017060615 6.114
2017060616 7.962
2017060617 8.475
2017060618 7.37
2017060619 8.566
2017060620 8.066
2017060621 6.448
2017060622 5.632
2017060623 5.033
2017060700 4.89
2017060701 4.865
2017060702 4.964
2017060703 5.074
2017060704 5.494
2017060705 5.439
2017060706 6.21
2017060707 7.329
2017060708 6.418
2017060709 5.657
2017060710 4.605
2017060711 4.077
2017060712 3.381
2017060713 3.964
2017060714 4.151
2017060715 4.943
2017060716 7.773
2017060717 8.521
2017060718 10.63
2017060719 9.841
2017060720 9.32
2017060721 10.118
2017060722 10.949
2017060723 9.949
2017060800 10.133
2017060801 9.516
2017060802 8.924
2017060803 9.193
2017060804 9.15
2017060805 7.378
2017060806 8.377
2017060807 8.541
2017060808 7.77
2017060809 5.237
2017060810 5.091
2017060811 4.843
2017060812 4.962
2017060813 5.36
2017060814 5.959
2017060815 7.001
2017060816 10.416
2017060817 16.172
2017060818 25.368
2017060819 30.739
2017060820 29.957
2017060821 24.139
2017060822 23.139
2017060823 22.687
2017060900 18.863
2017060901 18.666
2017060902 18.399
2017060903 18.249
2017060904 12.74
2017060905 10.328
2017060906 10.358
2017060907 12
2017060908 9.147
2017060909 6.346
2017060910 4.537
2017060911 3.632
2017060912 3.664
2017060913 4.075
2017060914 4.184
2017060915 4.889
2017060916 8.283
2017060917 10.568
2017060918 11.457
2017060919 13.363
2017060920 14.946
2017060921 17.035
2017060922 15.253
2017060923 14.04
2017061000 14.639
2017061001 12.172
2017061002 10.542
2017061003 9.885
2017061004 9.638
2017061005 8.478
2017061006 8.108
2017061007 8.338
2017061008 7.907
2017061009 6.929
2017061010 5.979
2017061011 5.392
2017061012 5.118
2017061013 5.024
2017061014 4.905
2017061015 4.709
2017061016 6.19
2017061017 6.442
2017061018 8.565
2017061019 9.384
2017061020 9.548
2017061021 9.641
2017061022 10.27
2017061023 10.83
