2017060100 9.63
2017060101 8.829
2017060102 8.646
2017060103 8.606
2017060104 9.365
2017060105 8.52
2017060106 8.311
2017060107 7.203
2017060108 5.698
2017060109 4.211
2017060110 2.843
2017060111 2.277
2017060112 2.211
2017060113 2.601
2017060114 2.793
2017060115 3.695
2017060116 4.921
2017060117 6.434
2017060118 9.646
2017060119 12.443
2017060120 16.062
2017060121 18.786
2017060122 19.235
2017060123 18.323
2017060200 16.123
2017060201 16.457
2017060202 16.343
2017060203 14.482
2017060204 11.655
2017060205 8.787
2017060206 9.013
2017060207 6.844
2017060208 3.976
2017060209 1.99
2017060210 1.332
2017060211 1.178
2017060212 1.152
2017060213 1.356
2017060214 1.516
2017060215 1.986
2017060216 3.024
2017060217 4.468
2017060218 6.203
2017060219 8.59
2017060220 10.102
2017060221 13.244
2017060222 15.954
2017060223 17.553
2017060300 17.164
2017060301 19.772
2017060302 20.648
2017060303 19.176
2017060304 17.469
2017060305 14.21
2017060306 13.065
2017060307 9.141
2017060308 5.519
2017060309 2.992
2017060310 1.74
2017060311 1.271
2017060312 1.138
2017060313 1.212
2017060314 1.287
2017060315 1.453
2017060316 1.847
2017060317 3.056
2017060318 4.382
2017060319 6.386
2017060320 5.954
2017060321 5.787
2017060322 6.206
2017060323 6.578
2017060400 4.954
2017060401 4.911
2017060402 4.909
2017060403 5.493
2017060404 5.768
2017060405 3.873
2017060406 3.283
2017060407 2.591
2017060408 2.069
2017060409 1.648
2017060410 1.778
2017060411 1.754
2017060412 1.919
2017060413 2.827
2017060414 2.783
2017060415 3.122
2017060416 3.911
2017060417 4.383
2017060418 4.603
2017060419 6.886
2017060420 7.548
2017060421 7.554
2017060422 8.974
2017060423 9.261
2017060500 9.785
2017060501 9.133
2017060502 9.041
2017060503 9.735
2017060504 10.964
2017060505 8.253
2017060506 8.099
2017060507 6.4
2017060508 4.868
2017060509 3.303
2017060510 2.289
2017060511 1.701
2017060512 1.427
2017060513 1.301
2017060514 1.266
2017060515 1.492
2017060516 2.014
2017060517 3.25
2017060518 4.351
2017060519 5.153
2017060520 5.651
2017060521 5.979
2017060522 5.931
2017060523 5.586
2017060600 6.306
2017060601 5.524
2017060602 4.914
2017060603 4.842
2017060604 4.789
2017060605 3.508
2017060606 4.048
2017060607 3.025
2017060608 2.233
2017060609 1.672
2017060610 1.257
2017060611 1.135
2017060612 1.133
2017060613 1.172
2017060614 1.294
2017060615 1.437
2017060616 1.932
2017060617 2.379
2017060618 2.514
2017060619 4.109
2017060620 4.202
2017060621 4.248
2017060622 3.651
2017060623 2.737
2017060700 3.068
2017060701 3.236
2017060702 3.547
2017060703 3.691
2017060704 3.948
2017060705 3.398
2017060706 3.357
2017060707 3.562
2017060708 2.917
2017060709 2.108
2017060710 1.618
2017060711 1.506
2017060712 1.568
2017060713 1.586
2017060714 1.552
2017060715 1.736
2017060716 2.601
2017060717 3.651
2017060718 3.636
2017060719 4.637
2017060720 4.741
2017060721 4.845
2017060722 5.62
2017060723 6.001
2017060800 6.315
2017060801 6.265
2017060802 6.649
2017060803 6.41
2017060804 5.319
2017060805 4.169
2017060806 4.075
2017060807 3.588
2017060808 3.255
2017060809 2.676
2017060810 2.12
2017060811 1.598
2017060812 1.466
2017060813 1.418
2017060814 1.451
2017060815 1.836
2017060816 2.311
2017060817 4.105
2017060818 4.606
2017060819 6.739
2017060820 6.651
2017060821 5.496
2017060822 6.097
2017060823 5.899
2017060900 6.628
2017060901 6.7
2017060902 6.594
2017060903 6.213
2017060904 5.8
2017060905 4.413
2017060906 4.517
2017060907 2.899
2017060908 2.151
2017060909 1.572
2017060910 1.226
2017060911 1.141
2017060912 1.179
2017060913 1.159
2017060914 1.171
2017060915 1.291
2017060916 1.983
2017060917 2.378
2017060918 2.932
2017060919 4.316
2017060920 6.065
2017060921 7.233
2017060922 8.144
2017060923 8.056
2017061000 7.315
2017061001 8.102
2017061002 8.559
2017061003 8.052
2017061004 6.512
2017061005 5.698
2017061006 5.226
2017061007 4.864
2017061008 3.712
2017061009 2.859
2017061010 2.354
2017061011 2.2
2017061012 2.109
2017061013 2.138
2017061014 2.036
2017061015 2.073
2017061016 2.766
2017061017 3.117
2017061018 7.958
2017061019 9.167
2017061020 8.288
2017061021 7.355
2017061022 7.736
2017061023 7.33
