2017060100 187.811
2017060101 181.202
2017060102 177.033
2017060103 183.488
2017060104 187.533
2017060105 170.723
2017060106 157.251
2017060107 147.584
2017060108 139.952
2017060109 136.645
2017060110 134.183
2017060111 131.978
2017060112 130.582
2017060113 131.309
2017060114 132.632
2017060115 132.599
2017060116 135.965
2017060117 140.118
2017060118 140.36
2017060119 148.385
2017060120 160.403
2017060121 172.718
2017060122 168.514
2017060123 156.1
2017060200 151.498
2017060201 165.017
2017060202 173.146
2017060203 171.735
2017060204 162.883
2017060205 142.447
2017060206 146.038
2017060207 144.947
2017060208 144.167
2017060209 126.95
2017060210 128.818
2017060211 129.637
2017060212 129.383
2017060213 129.943
2017060214 131.372
2017060215 134.24
2017060216 141.846
2017060217 146.829
2017060218 150.266
2017060219 153.515
2017060220 159.687
2017060221 168.524
2017060222 173.827
2017060223 182.364
2017060300 168.631
2017060301 177.859
2017060302 190.137
2017060303 196.045
2017060304 186.499
2017060305 173.394
2017060306 179.73
2017060307 173.24
2017060308 153.452
2017060309 140.536
2017060310 137.06
2017060311 133.529
2017060312 130.638
2017060313 134.054
2017060314 138.819
2017060315 139.106
2017060316 139.803
2017060317 147.466
2017060318 153.057
2017060319 161.72
2017060320 164.397
2017060321 163.376
2017060322 161.385
2017060323 155.003
2017060400 155.285
2017060401 158.09
2017060402 159.3
2017060403 161.353
2017060404 164.178
2017060405 160.731
2017060406 156.819
2017060407 150.813
2017060408 146.029
2017060409 141.653
2017060410 138.793
2017060411 139.694
2017060412 144.061
2017060413 148.77
2017060414 150.704
2017060415 163.338
2017060416 169.311
2017060417 163.955
2017060418 178.334
2017060419 190.158
2017060420 199.478
2017060421 203.906
2017060422 196.468
2017060423 188.565
2017060500 172.464
2017060501 172.503
2017060502 171.584
2017060503 171.936
2017060504 170.508
2017060505 165.058
2017060506 163.438
2017060507 150.115
2017060508 141.514
2017060509 136.705
2017060510 135.412
2017060511 132.531
2017060512 129.04
2017060513 127.945
2017060514 126.024
2017060515 127.018
2017060516 127.088
2017060517 125.951
2017060518 132.464
2017060519 133.319
2017060520 134.851
2017060521 140.194
2017060522 144.511
2017060523 143.818
2017060600 126.843
2017060601 127.909
2017060602 128.657
2017060603 131.14
2017060604 132.411
2017060605 134.997
2017060606 136.993
2017060607 133.236
2017060608 125.953
2017060609 123.491
2017060610 121.586
2017060611 117.415
2017060612 114.932
2017060613 108.826
2017060614 106.724
2017060615 106.384
2017060616 110.745
2017060617 112.856
2017060618 112.25
2017060619 120.584
2017060620 129.977
2017060621 129.468
2017060622 117.52
2017060623 112.173
2017060700 113.775
2017060701 115.321
2017060702 116.22
2017060703 116.16
2017060704 115.763
2017060705 119.369
2017060706 117.702
2017060707 111.575
2017060708 110.855
2017060709 109.787
2017060710 110.081
2017060711 109.446
2017060712 109.252
2017060713 109.454
2017060714 109.391
2017060715 109.777
2017060716 112.474
2017060717 112.171
2017060718 112.377
2017060719 111.306
2017060720 110.938
2017060721 111.67
2017060722 115.851
2017060723 118.271
2017060800 118.191
2017060801 119.586
2017060802 120.365
2017060803 121.499
2017060804 125.566
2017060805 118.32
2017060806 118.393
2017060807 118.458
2017060808 117.811
2017060809 116.244
2017060810 114.969
2017060811 113.694
2017060812 113.601
2017060813 113.805
2017060814 114.121
2017060815 115.138
2017060816 118.429
2017060817 125.187
2017060818 123.091
2017060819 124.469
2017060820 123.469
2017060821 124.339
2017060822 128.669
2017060823 130.694
2017060900 127.5
2017060901 125.769
2017060902 125.853
2017060903 127.978
2017060904 128.649
2017060905 130.321
2017060906 135.865
2017060907 134.26
2017060908 126.379
2017060909 120.601
2017060910 116.639
2017060911 116.03
2017060912 115.145
2017060913 113.808
2017060914 113.967
2017060915 114.752
2017060916 116.7
2017060917 119.278
2017060918 120.314
2017060919 124.254
2017060920 130.491
2017060921 137.538
2017060922 137.916
2017060923 133.673
2017061000 132.181
2017061001 132.556
2017061002 136.824
2017061003 147.932
2017061004 142.029
2017061005 131.436
2017061006 132.976
2017061007 132.649
2017061008 129.177
2017061009 129.471
2017061010 129.404
2017061011 132.256
2017061012 133.225
2017061013 131.082
2017061014 126.488
2017061015 121.573
2017061016 120.457
2017061017 124.632
2017061018 135.144
2017061019 126.918
2017061020 131.994
2017061021 146.682
2017061022 144.918
2017061023 142.16
