2017060100 17.636
2017060101 16.261
2017060102 15.951
2017060103 17.196
2017060104 20.065
2017060105 18.687
2017060106 17.766
2017060107 15.224
2017060108 12.284
2017060109 9.291
2017060110 5.941
2017060111 4.126
2017060112 3.263
2017060113 3.489
2017060114 3.677
2017060115 4.373
2017060116 6.495
2017060117 8.935
2017060118 12.971
2017060119 16.906
2017060120 19.392
2017060121 21.991
2017060122 23.625
2017060123 21.355
2017060200 14.818
2017060201 13.342
2017060202 12.429
2017060203 11.706
2017060204 12.147
2017060205 9.915
2017060206 11.306
2017060207 10.014
2017060208 7.164
2017060209 4.838
2017060210 3.476
2017060211 2.812
2017060212 2.658
2017060213 2.774
2017060214 3.364
2017060215 4.777
2017060216 7.342
2017060217 10.479
2017060218 14.419
2017060219 16.628
2017060220 17.379
2017060221 16.333
2017060222 17.19
2017060223 16.851
2017060300 17.895
2017060301 16.282
2017060302 14.943
2017060303 14.903
2017060304 14.849
2017060305 8.274
2017060306 8.967
2017060307 8.387
2017060308 5.511
2017060309 3.771
2017060310 2.561
2017060311 2.279
2017060312 2.303
2017060313 2.34
2017060314 2.536
2017060315 3.482
2017060316 3.896
2017060317 5.513
2017060318 6.812
2017060319 8.626
2017060320 9.653
2017060321 10.451
2017060322 12.361
2017060323 14.431
2017060400 13.895
2017060401 12.58
2017060402 11.541
2017060403 9.764
2017060404 9.676
2017060405 10.591
2017060406 9.978
2017060407 10.063
2017060408 9.284
2017060409 8.507
2017060410 7.496
2017060411 5.575
2017060412 4.225
2017060413 3.715
2017060414 3.917
2017060415 4.626
2017060416 5.587
2017060417 6.785
2017060418 8.016
2017060419 9.778
2017060420 10.422
2017060421 10.861
2017060422 11.528
2017060423 12.146
2017060500 12.389
2017060501 10.327
2017060502 9.072
2017060503 9.19
2017060504 9.911
2017060505 8.957
2017060506 10.692
2017060507 11.3
2017060508 9.81
2017060509 8.022
2017060510 6.33
2017060511 4.758
2017060512 3.82
2017060513 3.572
2017060514 3.761
2017060515 4.568
2017060516 6.346
2017060517 8.183
2017060518 11.3
2017060519 14.337
2017060520 16.599
2017060521 18.757
2017060522 21.55
2017060523 22.657
2017060600 18.641
2017060601 19.058
2017060602 18.171
2017060603 16.355
2017060604 14.745
2017060605 11.564
2017060606 10.949
2017060607 9.611
2017060608 6.547
2017060609 4.091
2017060610 2.872
2017060611 2.212
2017060612 1.878
2017060613 2.035
2017060614 2.15
2017060615 2.609
2017060616 3.396
2017060617 3.471
2017060618 4.148
2017060619 5.512
2017060620 5.666
2017060621 6.396
2017060622 6.437
2017060623 5.815
2017060700 5.562
2017060701 4.755
2017060702 4.192
2017060703 4.027
2017060704 3.512
2017060705 3.472
2017060706 3.823
2017060707 3.753
2017060708 3.659
2017060709 2.412
2017060710 1.966
2017060711 1.514
2017060712 1.426
2017060713 1.728
2017060714 1.832
2017060715 2.264
2017060716 3.099
2017060717 3.671
2017060718 5.289
2017060719 8.65
2017060720 9.03
2017060721 9.258
2017060722 11.008
2017060723 11.696
2017060800 11.155
2017060801 9.978
2017060802 8.27
2017060803 8.239
2017060804 8.135
2017060805 7.123
2017060806 9.942
2017060807 9.027
2017060808 6.973
2017060809 5.129
2017060810 4
2017060811 3.275
2017060812 2.901
2017060813 3.106
2017060814 3.35
2017060815 3.558
2017060816 5.617
2017060817 8.717
2017060818 11.438
2017060819 14.034
2017060820 14.329
2017060821 11.667
2017060822 11.37
2017060823 11.407
2017060900 12.395
2017060901 12.101
2017060902 11.648
2017060903 11.594
2017060904 14.158
2017060905 12.567
2017060906 12.894
2017060907 12.118
2017060908 8.517
2017060909 6.108
2017060910 4.005
2017060911 3.209
2017060912 2.8
2017060913 2.708
2017060914 3.223
2017060915 3.72
2017060916 5.412
2017060917 8.25
2017060918 11.335
2017060919 15.657
2017060920 18.549
2017060921 17.874
2017060922 17.647
2017060923 17.32
2017061000 16.361
2017061001 16.756
2017061002 17.243
2017061003 18.711
2017061004 20.815
2017061005 14.364
2017061006 16.17
2017061007 14.951
2017061008 11.209
2017061009 8.921
2017061010 5.233
2017061011 3.247
2017061012 2.495
2017061013 2.315
2017061014 2.388
2017061015 2.53
2017061016 3.376
2017061017 6.746
2017061018 8.694
2017061019 11.369
2017061020 14.885
2017061021 15.438
2017061022 14.211
2017061023 13.942
