2017060100 262.821
2017060101 242.446
2017060102 242.052
2017060103 243.821
2017060104 235.265
2017060105 230.435
2017060106 234.213
2017060107 225.201
2017060108 208.338
2017060109 192.372
2017060110 190
2017060111 162.459
2017060112 160.427
2017060113 166.246
2017060114 162.336
2017060115 172.55
2017060116 187.322
2017060117 198.648
2017060118 220.234
2017060119 234.933
2017060120 255.593
2017060121 268.805
2017060122 280.347
2017060123 275.33
2017060200 219.684
2017060201 212.352
2017060202 209.726
2017060203 212.873
2017060204 212.459
2017060205 190.798
2017060206 203.284
2017060207 191.05
2017060208 182.27
2017060209 173.454
2017060210 166.442
2017060211 162.849
2017060212 157.524
2017060213 164.204
2017060214 171.98
2017060215 179.298
2017060216 196.937
2017060217 217.133
2017060218 233.863
2017060219 239.743
2017060220 239.676
2017060221 235.031
2017060222 226.284
2017060223 219.297
2017060300 233.968
2017060301 226.284
2017060302 217.359
2017060303 209.648
2017060304 203.624
2017060305 200.534
2017060306 208.828
2017060307 188.257
2017060308 175.898
2017060309 155.199
2017060310 142.288
2017060311 136.483
2017060312 135.449
2017060313 137.853
2017060314 140.808
2017060315 140.787
2017060316 144.725
2017060317 147.297
2017060318 150.346
2017060319 158.3
2017060320 161.282
2017060321 161.519
2017060322 167.266
2017060323 174.544
2017060400 171.231
2017060401 168.047
2017060402 160.059
2017060403 157.946
2017060404 156.513
2017060405 165.272
2017060406 161.539
2017060407 163.205
2017060408 163.264
2017060409 165.697
2017060410 162.915
2017060411 155.919
2017060412 151.447
2017060413 149.71
2017060414 151.934
2017060415 154.936
2017060416 162.701
2017060417 166.308
2017060418 170.146
2017060419 179.712
2017060420 180.499
2017060421 178.924
2017060422 183.358
2017060423 185.518
2017060500 174.831
2017060501 163.298
2017060502 158.535
2017060503 158.609
2017060504 159.118
2017060505 170.319
2017060506 175.658
2017060507 182.787
2017060508 181.357
2017060509 178.594
2017060510 173.167
2017060511 167.937
2017060512 164.722
2017060513 166.367
2017060514 170.99
2017060515 176.193
2017060516 185.686
2017060517 194.816
2017060518 215.927
2017060519 227.847
2017060520 222.316
2017060521 223.578
2017060522 241.07
2017060523 250.224
2017060600 211.747
2017060601 210.783
2017060602 206.077
2017060603 200.221
2017060604 197.183
2017060605 195.63
2017060606 195.744
2017060607 168.074
2017060608 153.799
2017060609 136.536
2017060610 127.627
2017060611 117.085
2017060612 118.122
2017060613 119.749
2017060614 119.972
2017060615 120.906
2017060616 125.081
2017060617 124.023
2017060618 118.362
2017060619 120.453
2017060620 121.614
2017060621 124.652
2017060622 123.292
2017060623 119.826
2017060700 117.815
2017060701 116.057
2017060702 114.407
2017060703 113.875
2017060704 115.093
2017060705 114.839
2017060706 117.142
2017060707 122.448
2017060708 122.635
2017060709 113.615
2017060710 111.765
2017060711 109.549
2017060712 109.629
2017060713 110.012
2017060714 110.425
2017060715 112.448
2017060716 116.956
2017060717 120.646
2017060718 120.776
2017060719 135.858
2017060720 140.66
2017060721 142.088
2017060722 142.827
2017060723 144.48
2017060800 145.419
2017060801 141.557
2017060802 137.834
2017060803 134.975
2017060804 136.505
2017060805 153.89
2017060806 170.101
2017060807 164.077
2017060808 157.923
2017060809 148.143
2017060810 144.204
2017060811 143.629
2017060812 143.844
2017060813 144.606
2017060814 146.217
2017060815 148.133
2017060816 156.608
2017060817 164.77
2017060818 182.599
2017060819 191.393
2017060820 185.194
2017060821 179.056
2017060822 171.865
2017060823 167.327
2017060900 173.508
2017060901 172.643
2017060902 171.998
2017060903 173.008
2017060904 172.616
2017060905 171.763
2017060906 183.346
2017060907 183.885
2017060908 184.467
2017060909 175.938
2017060910 150.934
2017060911 155.195
2017060912 155.055
2017060913 149.648
2017060914 146.581
2017060915 150.466
2017060916 158.624
2017060917 158.083
2017060918 170.48
2017060919 181.861
2017060920 191.274
2017060921 192.48
2017060922 190.622
2017060923 192.962
2017061000 179.943
2017061001 182.581
2017061002 181.951
2017061003 184.221
2017061004 192.637
2017061005 191.134
2017061006 205.392
2017061007 201.163
2017061008 188.528
2017061009 171.226
2017061010 148.026
2017061011 132.993
2017061012 130.892
2017061013 132.014
2017061014 131.552
2017061015 129.993
2017061016 132.25
2017061017 154.095
2017061018 154.974
2017061019 159.19
2017061020 176.388
2017061021 177.45
2017061022 180.258
2017061023 175.608
