2017060100 6.265
2017060101 6.263
2017060102 6.281
2017060103 6.102
2017060104 6.177
2017060105 5.256
2017060106 4.23
2017060107 3.053
2017060108 2.161
2017060109 1.446
2017060110 1.101
2017060111 1.053
2017060112 1.071
2017060113 1.069
2017060114 1.087
2017060115 1.197
2017060116 1.538
2017060117 2.009
2017060118 2.874
2017060119 4.99
2017060120 6.495
2017060121 7.589
2017060122 7.703
2017060123 7.802
2017060200 9.555
2017060201 9.5
2017060202 9.11
2017060203 8.256
2017060204 8.379
2017060205 6.04
2017060206 6.077
2017060207 3.625
2017060208 2.263
2017060209 1.575
2017060210 1.155
2017060211 1.03
2017060212 0.948
2017060213 0.984
2017060214 1.04
2017060215 1.156
2017060216 1.819
2017060217 2.543
2017060218 3.371
2017060219 4.977
2017060220 5.911
2017060221 7.702
2017060222 8.924
2017060223 9.998
2017060300 8.412
2017060301 7.244
2017060302 6.568
2017060303 6.943
2017060304 7.449
2017060305 4.875
2017060306 4.64
2017060307 3.249
2017060308 1.956
2017060309 1.423
2017060310 1.177
2017060311 1.019
2017060312 0.948
2017060313 0.947
2017060314 0.999
2017060315 1.185
2017060316 1.337
2017060317 1.554
2017060318 2.588
2017060319 4.431
2017060320 5.05
2017060321 4.958
2017060322 5.122
2017060323 5.789
2017060400 6.524
2017060401 6.887
2017060402 7.177
2017060403 7.316
2017060404 7.05
2017060405 5.932
2017060406 4.971
2017060407 4.337
2017060408 3.64
2017060409 3.204
2017060410 2.525
2017060411 2.206
2017060412 2.09
2017060413 3.552
2017060414 2.6
2017060415 2.173
2017060416 2.717
2017060417 3.117
2017060418 4.418
2017060419 5.992
2017060420 6.884
2017060421 7.966
2017060422 9.12
2017060423 9.734
2017060500 9.336
2017060501 9.776
2017060502 9.026
2017060503 11.09
2017060504 8.762
2017060505 5.827
2017060506 5.282
2017060507 3.433
2017060508 2.536
2017060509 1.804
2017060510 1.167
2017060511 0.938
2017060512 0.869
2017060513 0.856
2017060514 0.938
2017060515 1.217
2017060516 1.565
2017060517 2.104
2017060518 3.107
2017060519 5.033
2017060520 5.762
2017060521 5.649
2017060522 5.716
2017060523 5.776
2017060600 6.685
2017060601 6.045
2017060602 5.175
2017060603 4.918
2017060604 5.349
2017060605 6.436
2017060606 6.803
2017060607 6.237
2017060608 4.126
2017060609 2.524
2017060610 1.571
2017060611 1.075
2017060612 0.982
2017060613 1.031
2017060614 1.132
2017060615 1.352
2017060616 2.038
2017060617 2.23
2017060618 2.295
2017060619 2.729
2017060620 2.839
2017060621 2.947
2017060622 2.91
2017060623 2.855
2017060700 2.796
2017060701 2.917
2017060702 2.984
2017060703 3.289
2017060704 2.875
2017060705 2.206
2017060706 1.893
2017060707 1.777
2017060708 1.306
2017060709 0.987
2017060710 0.74
2017060711 0.651
2017060712 0.606
2017060713 0.738
2017060714 0.762
2017060715 0.835
2017060716 0.992
2017060717 1.235
2017060718 1.606
2017060719 2.546
2017060720 3.184
2017060721 3.696
2017060722 3.993
2017060723 4.045
2017060800 4.071
2017060801 4.136
2017060802 4.361
2017060803 4.578
2017060804 4.427
2017060805 3.24
2017060806 2.986
2017060807 2.23
2017060808 1.704
2017060809 1.188
2017060810 0.865
2017060811 0.742
2017060812 0.735
2017060813 0.737
2017060814 0.756
2017060815 0.872
2017060816 1.077
2017060817 1.589
2017060818 2.956
2017060819 5.683
2017060820 5.578
2017060821 5.863
2017060822 5.569
2017060823 6.104
2017060900 6.757
2017060901 5.798
2017060902 5.543
2017060903 6.074
2017060904 7.255
2017060905 5.891
2017060906 4.56
2017060907 3.322
2017060908 2.664
2017060909 1.974
2017060910 1.546
2017060911 1.257
2017060912 1.169
2017060913 1.183
2017060914 1.256
2017060915 1.544
2017060916 2.045
2017060917 2.983
2017060918 3.555
2017060919 4.187
2017060920 4.142
2017060921 4.175
2017060922 3.552
2017060923 3.889
2017061000 4.893
2017061001 4.852
2017061002 5.162
2017061003 5.667
2017061004 5.345
2017061005 4.164
2017061006 3.946
2017061007 3.196
2017061008 2.498
2017061009 1.51
2017061010 1.094
2017061011 0.926
2017061012 0.903
2017061013 0.952
2017061014 0.944
2017061015 0.908
2017061016 1.264
2017061017 1.65
2017061018 2.198
2017061019 3.053
2017061020 3.834
2017061021 4.706
2017061022 5.926
2017061023 6.604
