2017060100 163.261
2017060101 165.362
2017060102 168.981
2017060103 173.531
2017060104 174.501
2017060105 172.013
2017060106 171.834
2017060107 166.082
2017060108 165.36
2017060109 156.768
2017060110 154.194
2017060111 151.822
2017060112 148.702
2017060113 147.954
2017060114 148.819
2017060115 151.003
2017060116 152.516
2017060117 155.337
2017060118 156.303
2017060119 161.182
2017060120 165.569
2017060121 167.612
2017060122 170.391
2017060123 173.262
2017060200 167.159
2017060201 164.946
2017060202 164.764
2017060203 165.006
2017060204 165.935
2017060205 154.916
2017060206 158.664
2017060207 161.49
2017060208 158.529
2017060209 152.876
2017060210 147.287
2017060211 143.795
2017060212 146.22
2017060213 145.049
2017060214 142
2017060215 139.944
2017060216 143.86
2017060217 147.816
2017060218 150.665
2017060219 152.408
2017060220 152.368
2017060221 149.898
2017060222 149.091
2017060223 147.679
2017060300 158.653
2017060301 159.682
2017060302 160.018
2017060303 159.129
2017060304 158.676
2017060305 143.379
2017060306 143.314
2017060307 138.795
2017060308 131.567
2017060309 127.276
2017060310 124.525
2017060311 123.858
2017060312 124.034
2017060313 122.438
2017060314 122.426
2017060315 122.825
2017060316 124.339
2017060317 126.689
2017060318 132.267
2017060319 129.057
2017060320 131.245
2017060321 134.398
2017060322 134.584
2017060323 132.615
2017060400 129.365
2017060401 127.159
2017060402 128.332
2017060403 133.191
2017060404 133.644
2017060405 124.704
2017060406 122.62
2017060407 125.606
2017060408 118.247
2017060409 110.967
2017060410 106.475
2017060411 103.737
2017060412 100.934
2017060413 101.728
2017060414 105.058
2017060415 109.411
2017060416 110.948
2017060417 113.881
2017060418 121.714
2017060419 126.608
2017060420 128.277
2017060421 122.36
2017060422 115.833
2017060423 118.558
2017060500 125.236
2017060501 126.182
2017060502 128.391
2017060503 131.626
2017060504 134.074
2017060505 134.311
2017060506 142.84
2017060507 138.705
2017060508 141.267
2017060509 141.369
2017060510 136.491
2017060511 134.08
2017060512 133.141
2017060513 130.913
2017060514 131.69
2017060515 133.953
2017060516 137.628
2017060517 140.993
2017060518 143.08
2017060519 144.16
2017060520 143.426
2017060521 142.503
2017060522 142.99
2017060523 141.12
2017060600 153.066
2017060601 146.998
2017060602 146.862
2017060603 145.15
2017060604 141.764
2017060605 136.061
2017060606 132.779
2017060607 125.644
2017060608 124.053
2017060609 116.358
2017060610 116.214
2017060611 112.074
2017060612 110.959
2017060613 109.514
2017060614 106.417
2017060615 104.561
2017060616 105.33
2017060617 104.753
2017060618 104.835
2017060619 105.897
2017060620 105.941
2017060621 107.275
2017060622 106.386
2017060623 104.827
2017060700 105.342
2017060701 105.659
2017060702 104.9
2017060703 105.405
2017060704 108.07
2017060705 102.481
2017060706 102.842
2017060707 102.274
2017060708 103.071
2017060709 101.944
2017060710 98.949
2017060711 97.281
2017060712 96.604
2017060713 96.811
2017060714 97.564
2017060715 98.117
2017060716 99.153
2017060717 101.924
2017060718 106.922
2017060719 110.662
2017060720 112.951
2017060721 113.172
2017060722 117.27
2017060723 119.07
2017060800 114.235
2017060801 114.156
2017060802 116.236
2017060803 118.543
2017060804 121.2
2017060805 121.336
2017060806 125.595
2017060807 124.469
2017060808 123.905
2017060809 118.435
2017060810 116.101
2017060811 114.261
2017060812 112.984
2017060813 111.046
2017060814 106.832
2017060815 106.124
2017060816 116.278
2017060817 120.883
2017060818 115.321
2017060819 120.245
2017060820 120.533
2017060821 117.694
2017060822 120.451
2017060823 126.896
2017060900 134.875
2017060901 134.369
2017060902 134.717
2017060903 135.99
2017060904 136.563
2017060905 139.732
2017060906 144.414
2017060907 145.927
2017060908 141.175
2017060909 137.07
2017060910 125.911
2017060911 113.473
2017060912 111.952
2017060913 116.549
2017060914 118.247
2017060915 121.205
2017060916 128.605
2017060917 131.304
2017060918 134.924
2017060919 136.536
2017060920 130.039
2017060921 134.953
2017060922 132.934
2017060923 129.253
2017061000 132.648
2017061001 132.117
2017061002 132.896
2017061003 135.364
2017061004 142.832
2017061005 141.474
2017061006 149.331
2017061007 139.962
2017061008 132.939
2017061009 132.773
2017061010 128.38
2017061011 120.973
2017061012 115.91
2017061013 112.196
2017061014 109.233
2017061015 108.457
2017061016 109.638
2017061017 117.721
2017061018 122.926
2017061019 129.606
2017061020 130.604
2017061021 130.342
2017061022 135.016
2017061023 136.03
