2017060100 3.759
2017060101 3.238
2017060102 2.791
2017060103 2.618
2017060104 2.542
2017060105 2.247
2017060106 2.347
2017060107 1.877
2017060108 1.133
2017060109 0.74
2017060110 0.583
2017060111 0.519
2017060112 0.522
2017060113 0.559
2017060114 0.604
2017060115 0.708
2017060116 0.937
2017060117 1.239
2017060118 2.009
2017060119 3.164
2017060120 2.72
2017060121 2.815
2017060122 3.249
2017060123 3.264
2017060200 4.049
2017060201 3.702
2017060202 3.315
2017060203 3.116
2017060204 2.99
2017060205 3.135
2017060206 2.7
2017060207 2.248
2017060208 1.026
2017060209 0.716
2017060210 0.553
2017060211 0.502
2017060212 0.51
2017060213 0.544
2017060214 0.578
2017060215 0.67
2017060216 0.897
2017060217 1.211
2017060218 1.651
2017060219 2.598
2017060220 2.54
2017060221 2.632
2017060222 3.782
2017060223 3.557
2017060300 3.649
2017060301 3.387
2017060302 3.285
2017060303 3.161
2017060304 3.422
2017060305 2.929
2017060306 2.257
2017060307 1.831
2017060308 1.069
2017060309 0.722
2017060310 0.54
2017060311 0.475
2017060312 0.468
2017060313 0.484
2017060314 0.513
2017060315 0.56
2017060316 0.734
2017060317 1.027
2017060318 1.531
2017060319 2.66
2017060320 3.867
2017060321 4.28
2017060322 4.206
2017060323 3.712
2017060400 2.323
2017060401 2.294
2017060402 2.321
2017060403 2.384
2017060404 2.272
2017060405 1.653
2017060406 1.265
2017060407 0.869
2017060408 0.684
2017060409 0.564
2017060410 0.478
2017060411 0.495
2017060412 0.57
2017060413 0.629
2017060414 0.575
2017060415 0.75
2017060416 1.035
2017060417 1.501
2017060418 2.257
2017060419 3.461
2017060420 4.403
2017060421 4.063
2017060422 3.499
2017060423 3.143
2017060500 3.881
2017060501 3.522
2017060502 3.234
2017060503 3.129
2017060504 3.209
2017060505 2.629
2017060506 2.551
2017060507 2.925
2017060508 2.045
2017060509 1.429
2017060510 0.944
2017060511 0.658
2017060512 0.555
2017060513 0.539
2017060514 0.597
2017060515 0.785
2017060516 1.26
2017060517 1.823
2017060518 2.384
2017060519 2.958
2017060520 3.27
2017060521 3.238
2017060522 3.131
2017060523 2.579
2017060600 1.818
2017060601 1.557
2017060602 1.31
2017060603 1.239
2017060604 1.352
2017060605 1.179
2017060606 1.257
2017060607 1.242
2017060608 1.234
2017060609 0.974
2017060610 0.846
2017060611 0.866
2017060612 0.695
2017060613 0.868
2017060614 0.902
2017060615 1.006
2017060616 1.533
2017060617 2.01
2017060618 2.838
2017060619 3.173
2017060620 3.108
2017060621 2.375
2017060622 2.186
2017060623 2.02
2017060700 2.182
2017060701 2.117
2017060702 1.981
2017060703 1.929
2017060704 2.051
2017060705 1.391
2017060706 1.573
2017060707 1.15
2017060708 0.916
2017060709 0.68
2017060710 0.547
2017060711 0.487
2017060712 0.48
2017060713 0.521
2017060714 0.587
2017060715 0.728
2017060716 1.027
2017060717 1.366
2017060718 1.94
2017060719 2.83
2017060720 2.917
2017060721 2.812
2017060722 2.795
2017060723 2.718
2017060800 3.447
2017060801 3.347
2017060802 3.193
2017060803 3.086
2017060804 2.774
2017060805 1.923
2017060806 1.882
2017060807 1.472
2017060808 0.962
2017060809 0.723
2017060810 0.577
2017060811 0.526
2017060812 0.481
2017060813 0.485
2017060814 0.467
2017060815 0.546
2017060816 0.74
2017060817 0.979
2017060818 1.32
2017060819 2.489
2017060820 2.845
2017060821 3.492
2017060822 4.138
2017060823 3.923
2017060900 2.895
2017060901 2.676
2017060902 2.471
2017060903 2.353
2017060904 2.653
2017060905 2.036
2017060906 2.118
2017060907 1.597
2017060908 0.993
2017060909 0.661
2017060910 0.519
2017060911 0.477
2017060912 0.491
2017060913 0.511
2017060914 0.541
2017060915 0.617
2017060916 0.791
2017060917 1.369
2017060918 2.086
2017060919 2.811
2017060920 2.403
2017060921 3.897
2017060922 3.949
2017060923 3.666
2017061000 3.731
2017061001 4.323
2017061002 4.263
2017061003 4.139
2017061004 4.759
2017061005 3.863
2017061006 3.034
2017061007 2.133
2017061008 1.162
2017061009 0.84
2017061010 0.643
2017061011 0.569
2017061012 0.526
2017061013 0.531
2017061014 0.563
2017061015 0.694
2017061016 0.939
2017061017 1.34
2017061018 2.021
2017061019 3.345
2017061020 4.099
2017061021 4.165
2017061022 3.942
2017061023 3.578
