2017060100 118.074
2017060101 118.721
2017060102 121.071
2017060103 123.453
2017060104 126.923
2017060105 123.674
2017060106 135.438
2017060107 133.442
2017060108 129.101
2017060109 118.27
2017060110 116.318
2017060111 114.126
2017060112 112.024
2017060113 110.298
2017060114 108.866
2017060115 108.304
2017060116 114.819
2017060117 120.343
2017060118 122.66
2017060119 121.282
2017060120 120.524
2017060121 120.82
2017060122 122.236
2017060123 123.951
2017060200 121.646
2017060201 121.388
2017060202 121.451
2017060203 121.859
2017060204 124.577
2017060205 125.156
2017060206 130.972
2017060207 127.487
2017060208 130.245
2017060209 128.098
2017060210 121.763
2017060211 119.808
2017060212 118.331
2017060213 117.707
2017060214 117.775
2017060215 118.38
2017060216 121.578
2017060217 122.005
2017060218 122.735
2017060219 124.605
2017060220 126.833
2017060221 126.718
2017060222 131.397
2017060223 133.792
2017060300 136.377
2017060301 138.994
2017060302 140.02
2017060303 139.79
2017060304 139.879
2017060305 140.881
2017060306 145.123
2017060307 142.465
2017060308 139.503
2017060309 133.492
2017060310 116.727
2017060311 114.57
2017060312 114.895
2017060313 117.952
2017060314 121.408
2017060315 126.691
2017060316 132.569
2017060317 134.887
2017060318 134.674
2017060319 137.291
2017060320 141.714
2017060321 144.997
2017060322 146.016
2017060323 149.155
2017060400 136.627
2017060401 138.619
2017060402 141.109
2017060403 144.793
2017060404 149.782
2017060405 154.364
2017060406 159.323
2017060407 157.543
2017060408 155.733
2017060409 178.597
2017060410 192.408
2017060411 177.442
2017060412 167.987
2017060413 159.903
2017060414 147.549
2017060415 134.185
2017060416 128.318
2017060417 131.822
2017060418 136.913
2017060419 138.991
2017060420 140.157
2017060421 141.827
2017060422 144.211
2017060423 143.9
2017060500 150.141
2017060501 147.953
2017060502 146.206
2017060503 150.024
2017060504 153.417
2017060505 150.86
2017060506 146.828
2017060507 145.093
2017060508 141.383
2017060509 136.48
2017060510 134.382
2017060511 130.371
2017060512 128.577
2017060513 126.271
2017060514 124.419
2017060515 126.113
2017060516 129.585
2017060517 131.553
2017060518 132.895
2017060519 133.441
2017060520 131.577
2017060521 129.556
2017060522 127.021
2017060523 126.363
2017060600 120.534
2017060601 119.385
2017060602 119.097
2017060603 117.341
2017060604 115.6
2017060605 120.497
2017060606 122.186
2017060607 126.288
2017060608 126.486
2017060609 126.667
2017060610 125.743
2017060611 122.613
2017060612 120.212
2017060613 117.444
2017060614 117.771
2017060615 124.365
2017060616 128.651
2017060617 128.948
2017060618 128.423
2017060619 125.772
2017060620 123.126
2017060621 118.679
2017060622 117.098
2017060623 116.288
2017060700 106.634
2017060701 104.541
2017060702 103.558
2017060703 103.217
2017060704 104.678
2017060705 106.838
2017060706 107.366
2017060707 105.692
2017060708 104.125
2017060709 102.691
2017060710 102.099
2017060711 102.981
2017060712 104.837
2017060713 105.506
2017060714 105.812
2017060715 106.225
2017060716 106.621
2017060717 104.089
2017060718 103.982
2017060719 104.283
2017060720 105.055
2017060721 107.029
2017060722 108.07
2017060723 108.411
2017060800 109.917
2017060801 109.544
2017060802 109.782
2017060803 110.016
2017060804 112.21
2017060805 117.336
2017060806 120.403
2017060807 119.228
2017060808 113.19
2017060809 108.273
2017060810 105.133
2017060811 104.43
2017060812 105.317
2017060813 105.927
2017060814 106.328
2017060815 107.097
2017060816 111.414
2017060817 115.21
2017060818 117.281
2017060819 118.623
2017060820 117.909
2017060821 117.3
2017060822 116.994
2017060823 115.721
2017060900 119.034
2017060901 116.94
2017060902 116.447
2017060903 118.726
2017060904 118.791
2017060905 121.734
2017060906 126.419
2017060907 128.986
2017060908 130.62
2017060909 123.004
2017060910 119.765
2017060911 117.238
2017060912 119.986
2017060913 119.688
2017060914 121.031
2017060915 119.272
2017060916 120.843
2017060917 122.53
2017060918 121.834
2017060919 126.495
2017060920 125.056
2017060921 123.608
2017060922 118.696
2017060923 118.567
2017061000 127.356
2017061001 125.985
2017061002 125.166
2017061003 124.737
2017061004 129.688
2017061005 135.127
2017061006 137.959
2017061007 136.233
2017061008 127.214
2017061009 121.02
2017061010 113.249
2017061011 110.447
2017061012 109.023
2017061013 107.904
2017061014 108.091
2017061015 109.839
2017061016 112.997
2017061017 114.597
2017061018 115.796
2017061019 120.23
2017061020 120.282
2017061021 121.147
2017061022 121.059
2017061023 120.484
