2017060100 6.475
2017060101 7.051
2017060102 7.622
2017060103 8.043
2017060104 9.178
2017060105 7.409
2017060106 7.818
2017060107 5.914
2017060108 4.384
2017060109 2.776
2017060110 2.167
2017060111 1.712
2017060112 1.583
2017060113 1.565
2017060114 1.595
2017060115 1.838
2017060116 2.819
2017060117 4.186
2017060118 4.995
2017060119 6.517
2017060120 7.621
2017060121 8.974
2017060122 9.13
2017060123 9.052
2017060200 9.276
2017060201 8.079
2017060202 8.053
2017060203 7.742
2017060204 7.73
2017060205 6.819
2017060206 7.434
2017060207 6.709
2017060208 6.015
2017060209 4.133
2017060210 2.305
2017060211 1.658
2017060212 1.564
2017060213 1.806
2017060214 1.829
2017060215 2.007
2017060216 3.636
2017060217 4.896
2017060218 5.951
2017060219 5.738
2017060220 7.016
2017060221 10.116
2017060222 10.555
2017060223 9.551
2017060300 10.239
2017060301 10.101
2017060302 10.293
2017060303 10.61
2017060304 11.202
2017060305 8.768
2017060306 8.658
2017060307 7.012
2017060308 4.863
2017060309 3.193
2017060310 1.886
2017060311 1.466
2017060312 1.395
2017060313 1.592
2017060314 1.727
2017060315 2.017
2017060316 2.612
2017060317 2.981
2017060318 4.761
2017060319 6.325
2017060320 6.637
2017060321 6.136
2017060322 6.074
2017060323 6.423
2017060400 8.638
2017060401 8.75
2017060402 7.065
2017060403 6.795
2017060404 6.142
2017060405 6.225
2017060406 6.539
2017060407 5.235
2017060408 3.509
2017060409 3.255
2017060410 3.315
2017060411 2.756
2017060412 2.694
2017060413 2.747
2017060414 2.455
2017060415 2.124
2017060416 3.336
2017060417 4.226
2017060418 6.731
2017060419 8.241
2017060420 9.323
2017060421 10.659
2017060422 10.357
2017060423 10.369
2017060500 7.648
2017060501 7.935
2017060502 8.483
2017060503 8.986
2017060504 8.767
2017060505 7.248
2017060506 7.916
2017060507 5.484
2017060508 3.933
2017060509 2.767
2017060510 1.969
2017060511 1.796
2017060512 1.813
2017060513 2.248
2017060514 2.443
2017060515 2.737
2017060516 3.604
2017060517 4.711
2017060518 5.491
2017060519 7.433
2017060520 7.824
2017060521 7.628
2017060522 6.283
2017060523 5.919
2017060600 6.367
2017060601 5.517
2017060602 4.688
2017060603 4.167
2017060604 4.099
2017060605 4.629
2017060606 6.095
2017060607 6.017
2017060608 4.917
2017060609 3.52
2017060610 2.363
2017060611 1.775
2017060612 1.504
2017060613 1.577
2017060614 1.922
2017060615 2.358
2017060616 2.865
2017060617 3.357
2017060618 3.607
2017060619 3.642
2017060620 3.868
2017060621 3.922
2017060622 3.61
2017060623 3.356
2017060700 3.894
2017060701 3.353
2017060702 2.826
2017060703 3.018
2017060704 3.063
2017060705 2.503
2017060706 2.377
2017060707 2.057
2017060708 1.603
2017060709 1.372
2017060710 1.116
2017060711 1.023
2017060712 1.048
2017060713 1.053
2017060714 1.126
2017060715 1.316
2017060716 1.752
2017060717 1.972
2017060718 2.288
2017060719 3.548
2017060720 4.161
2017060721 4.372
2017060722 4.443
2017060723 4.644
2017060800 4.392
2017060801 4.785
2017060802 5.238
2017060803 5.591
2017060804 5.63
2017060805 4.595
2017060806 4.509
2017060807 3.601
2017060808 2.534
2017060809 1.449
2017060810 1.226
2017060811 1.31
2017060812 1.336
2017060813 1.225
2017060814 1.235
2017060815 1.39
2017060816 2.184
2017060817 2.986
2017060818 4.293
2017060819 6.263
2017060820 6.348
2017060821 6.833
2017060822 6.989
2017060823 6.355
2017060900 6.532
2017060901 7.173
2017060902 7.978
2017060903 8.527
2017060904 8.075
2017060905 6.755
2017060906 7.367
2017060907 6.483
2017060908 4.849
2017060909 3.321
2017060910 2.53
2017060911 1.996
2017060912 1.851
2017060913 1.912
2017060914 1.935
2017060915 2.102
2017060916 3
2017060917 3.867
2017060918 4.543
2017060919 6.368
2017060920 5.583
2017060921 5.311
2017060922 5.437
2017060923 5.704
2017061000 6.795
2017061001 6.662
2017061002 6.563
2017061003 6.288
2017061004 6.498
2017061005 5.876
2017061006 5.441
2017061007 3.801
2017061008 3.015
2017061009 2.301
2017061010 1.534
2017061011 1.356
2017061012 1.385
2017061013 1.259
2017061014 1.191
2017061015 1.249
2017061016 1.562
2017061017 1.844
2017061018 2.458
2017061019 4.328
2017061020 5.361
2017061021 5.565
2017061022 5.719
2017061023 6.217
