2017060100 11.437
2017060101 10.59
2017060102 10.683
2017060103 11.364
2017060104 11.816
2017060105 10.221
2017060106 10.279
2017060107 11.587
2017060108 10.136
2017060109 7.818
2017060110 6.404
2017060111 5.866
2017060112 6.009
2017060113 6.084
2017060114 6.609
2017060115 8.4
2017060116 12.685
2017060117 14.86
2017060118 17.404
2017060119 20.286
2017060120 23.411
2017060121 25.239
2017060122 23.024
2017060123 21.201
2017060200 26.638
2017060201 26.257
2017060202 27.081
2017060203 29.771
2017060204 26.875
2017060205 24.151
2017060206 22.917
2017060207 16.807
2017060208 12.143
2017060209 6.478
2017060210 4.398
2017060211 3.998
2017060212 3.536
2017060213 4.872
2017060214 5.53
2017060215 6.989
2017060216 9.645
2017060217 12.53
2017060218 14.609
2017060219 21.276
2017060220 24.638
2017060221 29.573
2017060222 32.74
2017060223 30.516
2017060300 23.624
2017060301 22.353
2017060302 21.082
2017060303 20.088
2017060304 16.571
2017060305 12.938
2017060306 15.176
2017060307 14.316
2017060308 12.299
2017060309 10.697
2017060310 7.097
2017060311 5.397
2017060312 4.796
2017060313 4.212
2017060314 4.085
2017060315 4.536
2017060316 5.146
2017060317 6.084
2017060318 7.903
2017060319 15.696
2017060320 18.016
2017060321 19.23
2017060322 19.357
2017060323 16.715
2017060400 12.662
2017060401 11.982
2017060402 12.957
2017060403 13.505
2017060404 10.802
2017060405 9.668
2017060406 9.119
2017060407 7.009
2017060408 5.791
2017060409 5.526
2017060410 5.239
2017060411 4.685
2017060412 4.268
2017060413 3.765
2017060414 4.045
2017060415 4.742
2017060416 5.867
2017060417 6.989
2017060418 8.375
2017060419 9.639
2017060420 10.7
2017060421 10.691
2017060422 11.37
2017060423 10.418
2017060500 11.007
2017060501 11.145
2017060502 10.52
2017060503 10.27
2017060504 11.102
2017060505 10.732
2017060506 10.494
2017060507 12.133
2017060508 10.987
2017060509 8.655
2017060510 6.545
2017060511 5.865
2017060512 5.517
2017060513 5.733
2017060514 5.587
2017060515 6.061
2017060516 7.598
2017060517 8.133
2017060518 9.669
2017060519 11.46
2017060520 12.414
2017060521 14.734
2017060522 14.213
2017060523 12.069
2017060600 13.523
2017060601 13.419
2017060602 13.003
2017060603 12.313
2017060604 9.912
2017060605 7.689
2017060606 8.543
2017060607 7.938
2017060608 6.262
2017060609 4.259
2017060610 3.575
2017060611 3.459
2017060612 3.045
2017060613 3.286
2017060614 3.549
2017060615 5.145
2017060616 6.836
2017060617 6.731
2017060618 6.205
2017060619 7.881
2017060620 7.23
2017060621 5.797
2017060622 4.801
2017060623 4.59
2017060700 4.366
2017060701 4.461
2017060702 4.444
2017060703 4.579
2017060704 5.186
2017060705 5.044
2017060706 5.847
2017060707 6.242
2017060708 5.102
2017060709 4.356
2017060710 3.653
2017060711 3.487
2017060712 3.161
2017060713 3.745
2017060714 3.868
2017060715 4.632
2017060716 6.257
2017060717 6.978
2017060718 8.076
2017060719 8.833
2017060720 8.291
2017060721 8.62
2017060722 9.635
2017060723 8.603
2017060800 8.804
2017060801 8.627
2017060802 8.342
2017060803 8.235
2017060804 7.901
2017060805 6.917
2017060806 7.31
2017060807 6.55
2017060808 6.146
2017060809 4.401
2017060810 3.888
2017060811 3.698
2017060812 3.72
2017060813 4.082
2017060814 4.543
2017060815 5.48
2017060816 7.972
2017060817 13.393
2017060818 21.552
2017060819 26.019
2017060820 25.798
2017060821 20.632
2017060822 20.818
2017060823 19.727
2017060900 17.086
2017060901 16.811
2017060902 16.417
2017060903 16.607
2017060904 12.328
2017060905 9.84
2017060906 9.889
2017060907 10.26
2017060908 7.691
2017060909 5.164
2017060910 3.641
2017060911 3.225
2017060912 3.295
2017060913 3.698
2017060914 3.74
2017060915 4.447
2017060916 6.852
2017060917 8.763
2017060918 10.112
2017060919 12.606
2017060920 13.519
2017060921 14.46
2017060922 13.487
2017060923 12.396
2017061000 12.332
2017061001 10.716
2017061002 9.309
2017061003 8.892
2017061004 8.168
2017061005 7.815
2017061006 7.143
2017061007 7.259
2017061008 7.061
2017061009 5.682
2017061010 4.876
2017061011 4.497
2017061012 4.244
2017061013 4.081
2017061014 3.907
2017061015 4.095
2017061016 5.698
2017061017 5.779
2017061018 9.007
2017061019 9.466
2017061020 9.377
2017061021 9.364
2017061022 9.802
2017061023 9.89
