2017060100 5.7
2017060101 5.689
2017060102 5.854
2017060103 5.978
2017060104 6.821
2017060105 5.709
2017060106 4.896
2017060107 4.476
2017060108 3.113
2017060109 2.178
2017060110 1.464
2017060111 1.12
2017060112 1.007
2017060113 1.048
2017060114 1.154
2017060115 1.372
2017060116 1.887
2017060117 2.665
2017060118 3.437
2017060119 4.928
2017060120 5.796
2017060121 6.54
2017060122 7.158
2017060123 6.862
2017060200 6.769
2017060201 5.809
2017060202 5.266
2017060203 4.906
2017060204 4.879
2017060205 4.284
2017060206 3.741
2017060207 4.429
2017060208 3.941
2017060209 2.407
2017060210 1.554
2017060211 1.41
2017060212 1.202
2017060213 1.23
2017060214 1.289
2017060215 1.397
2017060216 1.953
2017060217 2.298
2017060218 2.852
2017060219 4.251
2017060220 5.277
2017060221 6.226
2017060222 6.375
2017060223 5.97
2017060300 6.576
2017060301 5.998
2017060302 5.422
2017060303 5.507
2017060304 6.406
2017060305 5.753
2017060306 4.673
2017060307 4.097
2017060308 2.564
2017060309 1.527
2017060310 1.1
2017060311 0.97
2017060312 0.929
2017060313 0.948
2017060314 0.977
2017060315 1.172
2017060316 1.693
2017060317 2.393
2017060318 3.432
2017060319 4.611
2017060320 5.081
2017060321 5.489
2017060322 5.962
2017060323 6.461
2017060400 6.389
2017060401 5.84
2017060402 5.597
2017060403 5.76
2017060404 5.285
2017060405 4.095
2017060406 3.121
2017060407 2.618
2017060408 2.031
2017060409 1.811
2017060410 1.164
2017060411 0.831
2017060412 0.74
2017060413 0.736
2017060414 0.784
2017060415 0.891
2017060416 1.116
2017060417 1.398
2017060418 2.323
2017060419 3.252
2017060420 4.154
2017060421 4.609
2017060422 4.224
2017060423 4.348
2017060500 5.563
2017060501 5.617
2017060502 5.669
2017060503 5.499
2017060504 5.808
2017060505 5.516
2017060506 4.826
2017060507 4.609
2017060508 3.792
2017060509 2.907
2017060510 2.418
2017060511 1.845
2017060512 1.388
2017060513 1.185
2017060514 1.091
2017060515 1.222
2017060516 1.551
2017060517 2.005
2017060518 2.979
2017060519 3.862
2017060520 3.47
2017060521 4.128
2017060522 5.234
2017060523 5.11
2017060600 6.022
2017060601 5.536
2017060602 5.252
2017060603 5.079
2017060604 4.715
2017060605 4.413
2017060606 3.57
2017060607 2.936
2017060608 2.454
2017060609 1.575
2017060610 1.038
2017060611 0.789
2017060612 0.749
2017060613 0.866
2017060614 0.719
2017060615 0.833
2017060616 1.097
2017060617 1.375
2017060618 1.676
2017060619 2.135
2017060620 2.902
2017060621 2.907
2017060622 3.106
2017060623 3.152
2017060700 2.531
2017060701 2.492
2017060702 2.575
2017060703 2.581
2017060704 2.58
2017060705 1.948
2017060706 1.668
2017060707 1.635
2017060708 1.38
2017060709 1.012
2017060710 0.745
2017060711 0.718
2017060712 0.65
2017060713 0.641
2017060714 0.666
2017060715 0.776
2017060716 0.942
2017060717 1.287
2017060718 2.092
2017060719 3.492
2017060720 4.093
2017060721 4.015
2017060722 4.687
2017060723 4.86
2017060800 4.49
2017060801 4.188
2017060802 4.237
2017060803 4.321
2017060804 4.939
2017060805 4.305
2017060806 4.282
2017060807 4.312
2017060808 3.658
2017060809 2.472
2017060810 1.697
2017060811 1.201
2017060812 1.046
2017060813 0.904
2017060814 0.922
2017060815 1.011
2017060816 1.294
2017060817 1.826
2017060818 2.583
2017060819 3.888
2017060820 5.172
2017060821 5.253
2017060822 5.224
2017060823 5.197
2017060900 5.254
2017060901 5.036
2017060902 5.018
2017060903 5.279
2017060904 5.363
2017060905 4.288
2017060906 3.681
2017060907 3.258
2017060908 2.793
2017060909 1.819
2017060910 1.298
2017060911 1.018
2017060912 0.9
2017060913 1.003
2017060914 1.186
2017060915 1.521
2017060916 2.322
2017060917 2.951
2017060918 4.112
2017060919 4.735
2017060920 4.886
2017060921 5.967
2017060922 6.507
2017060923 6.459
2017061000 6.401
2017061001 6.586
2017061002 6.842
2017061003 7.88
2017061004 8.081
2017061005 6.58
2017061006 5.464
2017061007 5.211
2017061008 4.451
2017061009 3.631
2017061010 1.903
2017061011 1.28
2017061012 0.982
2017061013 0.866
2017061014 0.826
2017061015 0.938
2017061016 1.213
2017061017 1.472
2017061018 2
2017061019 3.592
2017061020 4.744
2017061021 5.795
2017061022 6.375
2017061023 6.202
