2017060100 19.973
2017060101 18.607
2017060102 17.666
2017060103 17.533
2017060104 18.008
2017060105 16.825
2017060106 19.835
2017060107 17.922
2017060108 14.436
2017060109 11.421
2017060110 7.809
2017060111 5.014
2017060112 3.975
2017060113 4.14
2017060114 4.344
2017060115 5.363
2017060116 7.854
2017060117 10.586
2017060118 14.737
2017060119 18.208
2017060120 19.424
2017060121 20.261
2017060122 20.923
2017060123 19.812
2017060200 13.734
2017060201 12.885
2017060202 12.103
2017060203 11.406
2017060204 11.841
2017060205 10.153
2017060206 11.897
2017060207 11.112
2017060208 8.048
2017060209 4.97
2017060210 3.461
2017060211 2.667
2017060212 2.342
2017060213 2.738
2017060214 3.498
2017060215 5.418
2017060216 8.215
2017060217 11.452
2017060218 16.211
2017060219 18.425
2017060220 18.325
2017060221 16.577
2017060222 17.967
2017060223 18.042
2017060300 20.069
2017060301 18.753
2017060302 17.701
2017060303 16.622
2017060304 15.549
2017060305 9.37
2017060306 9.946
2017060307 7.865
2017060308 5.137
2017060309 3.482
2017060310 2.362
2017060311 2.099
2017060312 2.187
2017060313 2.287
2017060314 2.505
2017060315 3.438
2017060316 4.23
2017060317 5.248
2017060318 6.621
2017060319 7.996
2017060320 9.058
2017060321 10.907
2017060322 12.121
2017060323 13.491
2017060400 13.016
2017060401 11.507
2017060402 9.807
2017060403 8.409
2017060404 8.861
2017060405 10.241
2017060406 9.057
2017060407 8.826
2017060408 8.487
2017060409 7.96
2017060410 7.558
2017060411 5.91
2017060412 4.624
2017060413 4.219
2017060414 4.529
2017060415 5.314
2017060416 6.663
2017060417 8.322
2017060418 10.683
2017060419 12.962
2017060420 13.716
2017060421 14.283
2017060422 14.728
2017060423 14.97
2017060500 15.728
2017060501 12.355
2017060502 11.332
2017060503 11.459
2017060504 11.987
2017060505 10.854
2017060506 12.35
2017060507 13.146
2017060508 11.193
2017060509 9.297
2017060510 7.576
2017060511 5.971
2017060512 4.828
2017060513 4.48
2017060514 4.686
2017060515 5.638
2017060516 7.93
2017060517 9.302
2017060518 13.413
2017060519 16.389
2017060520 18.083
2017060521 19.597
2017060522 20.943
2017060523 21.107
2017060600 20.602
2017060601 20.55
2017060602 18.984
2017060603 16.409
2017060604 14.924
2017060605 10.951
2017060606 10.855
2017060607 9.613
2017060608 6.038
2017060609 4.004
2017060610 2.727
2017060611 2.057
2017060612 1.726
2017060613 1.777
2017060614 1.872
2017060615 2.407
2017060616 2.93
2017060617 3.298
2017060618 3.725
2017060619 5.285
2017060620 5.798
2017060621 6.227
2017060622 6.141
2017060623 5.527
2017060700 5.219
2017060701 4.455
2017060702 3.904
2017060703 3.725
2017060704 3.367
2017060705 3.133
2017060706 3.385
2017060707 3.235
2017060708 3.239
2017060709 2.079
2017060710 1.564
2017060711 1.486
2017060712 1.402
2017060713 1.7
2017060714 1.685
2017060715 2.188
2017060716 2.889
2017060717 3.44
2017060718 5.193
2017060719 8.633
2017060720 8.704
2017060721 9.158
2017060722 10.796
2017060723 11.783
2017060800 11.386
2017060801 11.317
2017060802 10.347
2017060803 10.323
2017060804 9.832
2017060805 8.384
2017060806 12.236
2017060807 11.248
2017060808 8.757
2017060809 6.37
2017060810 4.843
2017060811 3.911
2017060812 3.471
2017060813 3.604
2017060814 3.776
2017060815 3.59
2017060816 5.74
2017060817 9.075
2017060818 10.888
2017060819 12.75
2017060820 13.874
2017060821 11.71
2017060822 11.8
2017060823 12.056
2017060900 15.216
2017060901 13.274
2017060902 13.243
2017060903 14.004
2017060904 15.561
2017060905 12.509
2017060906 13.285
2017060907 12.086
2017060908 8.622
2017060909 6.061
2017060910 4.224
2017060911 3.48
2017060912 2.704
2017060913 2.689
2017060914 3.222
2017060915 3.717
2017060916 5.675
2017060917 8.094
2017060918 11.257
2017060919 15.36
2017060920 17.443
2017060921 17.002
2017060922 16.949
2017060923 16.856
2017061000 15.385
2017061001 16.15
2017061002 16.81
2017061003 17.621
2017061004 18.54
2017061005 15.608
2017061006 15.601
2017061007 15.463
2017061008 11.561
2017061009 9.465
2017061010 5.6
2017061011 3.369
2017061012 2.271
2017061013 2.148
2017061014 2.269
2017061015 2.578
2017061016 3.482
2017061017 6.576
2017061018 8.146
2017061019 9.565
2017061020 14.246
2017061021 18.311
2017061022 17.623
2017061023 18.159
