2017060100 15.444
2017060101 13.395
2017060102 12.19
2017060103 12.336
2017060104 10.158
2017060105 9.192
2017060106 10.402
2017060107 9.273
2017060108 6.189
2017060109 5.567
2017060110 3.595
2017060111 3.062
2017060112 2.863
2017060113 3.314
2017060114 3.524
2017060115 3.808
2017060116 7.983
2017060117 11.127
2017060118 15.662
2017060119 17.169
2017060120 15.149
2017060121 16.869
2017060122 18.022
2017060123 17.707
2017060200 22.889
2017060201 22.292
2017060202 21.501
2017060203 20.741
2017060204 18.976
2017060205 16.91
2017060206 15.664
2017060207 15.42
2017060208 13.387
2017060209 10.291
2017060210 7.285
2017060211 5.626
2017060212 4.314
2017060213 3.975
2017060214 4.252
2017060215 5.247
2017060216 12.425
2017060217 16.317
2017060218 21.236
2017060219 28.643
2017060220 28.18
2017060221 28.547
2017060222 27.607
2017060223 25.673
2017060300 38.003
2017060301 35.846
2017060302 32.34
2017060303 30.036
2017060304 28.861
2017060305 23.251
2017060306 21.517
2017060307 22.428
2017060308 19.648
2017060309 15.47
2017060310 7.84
2017060311 6.017
2017060312 4.644
2017060313 4.273
2017060314 4.596
2017060315 5.25
2017060316 7.503
2017060317 9.09
2017060318 12.322
2017060319 18.965
2017060320 21.487
2017060321 20.163
2017060322 20.231
2017060323 17.428
2017060400 16.744
2017060401 16.212
2017060402 16.265
2017060403 14.237
2017060404 11.526
2017060405 8.118
2017060406 7.107
2017060407 4.983
2017060408 3.123
2017060409 2.47
2017060410 2.384
2017060411 2.74
2017060412 2.702
2017060413 3.848
2017060414 5.526
2017060415 7.753
2017060416 6.888
2017060417 7.157
2017060418 8.377
2017060419 10.462
2017060420 10.924
2017060421 10.806
2017060422 12.037
2017060423 12.961
2017060500 10.727
2017060501 11.404
2017060502 11.566
2017060503 11.756
2017060504 12.532
2017060505 13.113
2017060506 14.833
2017060507 9.877
2017060508 9.441
2017060509 9.044
2017060510 8.335
2017060511 7.786
2017060512 7.204
2017060513 6.834
2017060514 7.199
2017060515 8.176
2017060516 9.801
2017060517 10.463
2017060518 11.406
2017060519 13.663
2017060520 17.296
2017060521 17.111
2017060522 15.479
2017060523 14.824
2017060600 15.626
2017060601 15.968
2017060602 16.259
2017060603 17.389
2017060604 17.267
2017060605 15.528
2017060606 16.433
2017060607 9.834
2017060608 4.068
2017060609 2.732
2017060610 2.771
2017060611 2.653
2017060612 2.527
2017060613 2.871
2017060614 3.09
2017060615 3.476
2017060616 5.362
2017060617 6.109
2017060618 7.539
2017060619 8.314
2017060620 8.35
2017060621 8.272
2017060622 7.899
2017060623 7.941
2017060700 6.925
2017060701 6.08
2017060702 6.504
2017060703 7.862
2017060704 8.482
2017060705 8.229
2017060706 7.488
2017060707 4.944
2017060708 3.725
2017060709 3.58
2017060710 2.331
2017060711 2.652
2017060712 2.708
2017060713 2.529
2017060714 2.476
2017060715 3.126
2017060716 6.684
2017060717 9.243
2017060718 11.533
2017060719 12.328
2017060720 11.246
2017060721 13.432
2017060722 13.203
2017060723 13.122
2017060800 9.609
2017060801 10.296
2017060802 10.899
2017060803 11.741
2017060804 10.856
2017060805 10.116
2017060806 10.361
2017060807 9.605
2017060808 4.304
2017060809 3.465
2017060810 2.768
2017060811 2.6
2017060812 2.228
2017060813 2.443
2017060814 2.415
2017060815 3.128
2017060816 7.597
2017060817 9.178
2017060818 11.81
2017060819 16.487
2017060820 14.969
2017060821 16.736
2017060822 18.848
2017060823 18.715
2017060900 17.811
2017060901 16.211
2017060902 14.554
2017060903 14.356
2017060904 16.132
2017060905 16.055
2017060906 15.388
2017060907 12.356
2017060908 7.495
2017060909 6.447
2017060910 4.953
2017060911 3.991
2017060912 3.389
2017060913 3.422
2017060914 3.489
2017060915 4.082
2017060916 8.815
2017060917 10.431
2017060918 10.836
2017060919 11.129
2017060920 11.774
2017060921 12.107
2017060922 12.127
2017060923 12.097
2017061000 11.71
2017061001 11.309
2017061002 11.751
2017061003 11.994
2017061004 13.049
2017061005 11.338
2017061006 12.37
2017061007 8.084
2017061008 6.905
2017061009 5.647
2017061010 2.571
2017061011 2.043
2017061012 1.974
2017061013 2.782
2017061014 3.302
2017061015 3.887
2017061016 6.672
2017061017 7.771
2017061018 9.613
2017061019 11.872
2017061020 12.698
2017061021 12.459
2017061022 11.911
2017061023 12.287
