2017060100 182.335
2017060101 183.408
2017060102 184.99
2017060103 191.028
2017060104 178.126
2017060105 162.327
2017060106 150.667
2017060107 146.893
2017060108 144.749
2017060109 132.121
2017060110 131.934
2017060111 130.596
2017060112 129.043
2017060113 128.266
2017060114 127.846
2017060115 127.867
2017060116 128.69
2017060117 137.072
2017060118 140.695
2017060119 145.038
2017060120 162.649
2017060121 169.342
2017060122 157.772
2017060123 151.839
2017060200 152.807
2017060201 171.302
2017060202 176.154
2017060203 189.076
2017060204 188.494
2017060205 173.043
2017060206 147.584
2017060207 150.014
2017060208 136.249
2017060209 nan
2017060210 133.134
2017060211 130.582
2017060212 132.632
2017060213 132.599
2017060214 120.314
2017060215 122.105
2017060216 140.36
2017060217 nan
2017060218 160.403
2017060219 172.718
2017060220 168.514
2017060221 nan
2017060222 nan
2017060223 152.807
2017060300 186.765
2017060301 185.898
2017060302 185.25
2017060303 188.215
2017060304 196.406
2017060305 206.668
2017060306 199.862
2017060307 199.937
2017060308 180.629
2017060309 162.963
2017060310 159.434
2017060311 158.22
2017060312 156.873
2017060313 156.526
2017060314 156.976
2017060315 156.922
2017060316 153.927
2017060317 151.627
2017060318 151.866
2017060319 151.469
2017060320 152.362
2017060321 155.349
2017060322 156.656
2017060323 158.155
2017060400 156.979
2017060401 157.277
2017060402 156.773
2017060403 157.488
2017060404 154.855
2017060405 151.597
2017060406 157.231
2017060407 159.52
2017060408 154.884
2017060409 145.35
2017060410 139.65
2017060411 132.278
2017060412 124.312
2017060413 123.611
2017060414 125.902
2017060415 127.636
2017060416 130.668
2017060417 132.3
2017060418 139.447
2017060419 141.136
2017060420 139.008
2017060421 136.271
2017060422 135.516
2017060423 131.975
2017060500 182.204
2017060501 172.995
2017060502 166.352
2017060503 167.797
2017060504 168.59
2017060505 160.073
2017060506 156.894
2017060507 151.987
2017060508 142.636
2017060509 134.872
2017060510 133.839
2017060511 132.938
2017060512 133.107
2017060513 129.387
2017060514 127.292
2017060515 128.283
2017060516 129.888
2017060517 133.913
2017060518 135.492
2017060519 137.854
2017060520 141.793
2017060521 142.652
2017060522 140.56
2017060523 140.438
2017060600 140.66
2017060601 139.64
2017060602 141.026
2017060603 141.727
2017060604 137.823
2017060605 131.645
2017060606 129.097
2017060607 125.469
2017060608 119.26
2017060609 115.783
2017060610 114.074
2017060611 110.664
2017060612 106.602
2017060613 104.866
2017060614 105.461
2017060615 105.465
2017060616 106.725
2017060617 119.736
2017060618 125.391
2017060619 121.743
2017060620 114.955
2017060621 110.411
2017060622 106.103
2017060623 105.026
2017060700 111.75
2017060701 113.853
2017060702 116.036
2017060703 116.075
2017060704 113.85
2017060705 111.458
2017060706 113.51
2017060707 112.825
2017060708 111.937
2017060709 109.421
2017060710 107.741
2017060711 107.307
2017060712 106.656
2017060713 106.462
2017060714 107.323
2017060715 108.132
2017060716 109.965
2017060717 111.071
2017060718 111.358
2017060719 117.049
2017060720 125.61
2017060721 128.147
2017060722 129.835
2017060723 127.537
2017060800 118.579
2017060801 118.481
2017060802 119.243
2017060803 120.257
2017060804 123.507
2017060805 119.124
2017060806 118.518
2017060807 115.547
2017060808 114.217
2017060809 112.042
2017060810 111.099
2017060811 110.808
2017060812 110.572
2017060813 110.583
2017060814 110.213
2017060815 110.804
2017060816 114.383
2017060817 120.271
2017060818 122.101
2017060819 126.408
2017060820 128.524
2017060821 131.88
2017060822 134.776
2017060823 135.289
2017060900 132.545
2017060901 129.814
2017060902 124.78
2017060903 123.26
2017060904 125.54
2017060905 130.863
2017060906 136.176
2017060907 135.565
2017060908 133.063
2017060909 129.719
2017060910 127.734
2017060911 126.874
2017060912 125.288
2017060913 123.171
2017060914 116.982
2017060915 115.252
2017060916 116.649
2017060917 126.533
2017060918 126.843
2017060919 131.167
2017060920 134.779
2017060921 135.323
2017060922 132.763
2017060923 134.578
2017061000 138.433
2017061001 147.388
2017061002 154.273
2017061003 153.202
2017061004 152.343
2017061005 149.135
2017061006 141.386
2017061007 134.824
2017061008 129.942
2017061009 127.373
2017061010 127.139
2017061011 125.898
2017061012 125.466
2017061013 124.146
2017061014 124.113
2017061015 125.429
2017061016 131.005
2017061017 132.901
2017061018 135.505
2017061019 139.075
2017061020 139.249
2017061021 143.108
2017061022 138.37
2017061023 137.45
