2017060100 21.104
2017060101 19.86
2017060102 17.565
2017060103 15.078
2017060104 13.654
2017060105 13.312
2017060106 12.737
2017060107 12.658
2017060108 10.395
2017060109 7.607
2017060110 5.087
2017060111 3.442
2017060112 2.922
2017060113 2.927
2017060114 3.397
2017060115 4.14
2017060116 6.523
2017060117 10.298
2017060118 13.415
2017060119 13.314
2017060120 14.938
2017060121 15.249
2017060122 16.275
2017060123 16.817
2017060200 16.992
2017060201 16.567
2017060202 14.568
2017060203 13.833
2017060204 13.694
2017060205 11.571
2017060206 17.922
2017060207 14.702
2017060208 10.086
2017060209 nan
2017060210 4.138
2017060211 3.975
2017060212 4.344
2017060213 5.363
2017060214 3.777
2017060215 4.9
2017060216 14.737
2017060217 nan
2017060218 19.424
2017060219 20.261
2017060220 20.923
2017060221 nan
2017060222 nan
2017060223 16.992
2017060300 17.351
2017060301 17.117
2017060302 15.571
2017060303 15.418
2017060304 15.197
2017060305 8.496
2017060306 10.135
2017060307 8.867
2017060308 5.896
2017060309 4.137
2017060310 2.658
2017060311 2.189
2017060312 2.079
2017060313 2.312
2017060314 2.593
2017060315 3.177
2017060316 4.854
2017060317 5.369
2017060318 6.071
2017060319 7.964
2017060320 10.728
2017060321 11.826
2017060322 15.196
2017060323 15.881
2017060400 14.454
2017060401 16.342
2017060402 17.747
2017060403 19.319
2017060404 17.023
2017060405 15.573
2017060406 15.652
2017060407 12.26
2017060408 8.935
2017060409 6.532
2017060410 5.108
2017060411 4.311
2017060412 3.951
2017060413 4.157
2017060414 4.942
2017060415 5.895
2017060416 6.918
2017060417 8.38
2017060418 9.358
2017060419 11.043
2017060420 11.082
2017060421 11.225
2017060422 11.137
2017060423 9.859
2017060500 14.943
2017060501 14.665
2017060502 14.956
2017060503 16.248
2017060504 17.754
2017060505 17.985
2017060506 16.115
2017060507 15.245
2017060508 12.316
2017060509 9.507
2017060510 7.026
2017060511 5.248
2017060512 4.605
2017060513 4.754
2017060514 5.385
2017060515 6.054
2017060516 6.348
2017060517 7.172
2017060518 9.18
2017060519 11.347
2017060520 12.367
2017060521 12.247
2017060522 10.45
2017060523 7.926
2017060600 17.72
2017060601 15.156
2017060602 12.19
2017060603 9.462
2017060604 8.869
2017060605 5.849
2017060606 6.447
2017060607 7.178
2017060608 5.613
2017060609 4.22
2017060610 2.74
2017060611 1.923
2017060612 1.686
2017060613 1.516
2017060614 1.418
2017060615 1.846
2017060616 2.328
2017060617 2.809
2017060618 3.271
2017060619 4.772
2017060620 5.259
2017060621 5.555
2017060622 5.751
2017060623 4.948
2017060700 4.895
2017060701 4.5
2017060702 4.054
2017060703 3.828
2017060704 3.717
2017060705 3.757
2017060706 3.821
2017060707 3.63
2017060708 2.603
2017060709 1.905
2017060710 1.545
2017060711 1.463
2017060712 1.406
2017060713 1.801
2017060714 1.725
2017060715 2.197
2017060716 2.9
2017060717 4.252
2017060718 5.818
2017060719 8.721
2017060720 11.126
2017060721 9.716
2017060722 10.555
2017060723 11.842
2017060800 11.979
2017060801 12.794
2017060802 12.732
2017060803 12.211
2017060804 11.029
2017060805 7.974
2017060806 12.385
2017060807 11.145
2017060808 8.822
2017060809 7.453
2017060810 6.207
2017060811 4.72
2017060812 3.278
2017060813 2.671
2017060814 2.48
2017060815 2.781
2017060816 5.117
2017060817 7.859
2017060818 11.048
2017060819 12.269
2017060820 13.417
2017060821 11.712
2017060822 11.934
2017060823 12.012
2017060900 12.061
2017060901 11.105
2017060902 10.567
2017060903 9.812
2017060904 9.07
2017060905 8.56
2017060906 12.569
2017060907 11.815
2017060908 8.747
2017060909 6.197
2017060910 4.366
2017060911 3.522
2017060912 3.08
2017060913 2.996
2017060914 3.23
2017060915 3.751
2017060916 7.276
2017060917 10.38
2017060918 14.838
2017060919 18.491
2017060920 21.676
2017060921 22.422
2017060922 21.229
2017060923 21.827
2017061000 17.72
2017061001 18.78
2017061002 20.014
2017061003 20.133
2017061004 19.294
2017061005 22.277
2017061006 20.173
2017061007 13.161
2017061008 8.675
2017061009 6.189
2017061010 3.41
2017061011 2.278
2017061012 1.87
2017061013 1.839
2017061014 2.088
2017061015 2.459
2017061016 3.542
2017061017 6.905
2017061018 8.503
2017061019 11.047
2017061020 14.082
2017061021 16.304
2017061022 15.069
2017061023 14.677
