2017060100 122.9
2017060101 124.828
2017060102 126.165
2017060103 125.155
2017060104 123.257
2017060105 114.334
2017060106 119.809
2017060107 118.166
2017060108 117.723
2017060109 109.356
2017060110 109.752
2017060111 110.099
2017060112 108.964
2017060113 108.415
2017060114 108.286
2017060115 109.418
2017060116 113.393
2017060117 116.209
2017060118 117.034
2017060119 116.65
2017060120 115.275
2017060121 114.584
2017060122 114.296
2017060123 113.96
2017060200 124.163
2017060201 116.249
2017060202 116.3
2017060203 116.111
2017060204 116.018
2017060205 117.77
2017060206 127.082
2017060207 120.703
2017060208 119.499
2017060209 nan
2017060210 113.486
2017060211 111.354
2017060212 109.732
2017060213 109.142
2017060214 110.623
2017060215 110.56
2017060216 117.204
2017060217 nan
2017060218 116.225
2017060219 116.916
2017060220 115.792
2017060221 nan
2017060222 nan
2017060223 124.163
2017060300 130.737
2017060301 130.371
2017060302 128.891
2017060303 130.163
2017060304 132.232
2017060305 132.195
2017060306 134.729
2017060307 135.122
2017060308 133.9
2017060309 122.932
2017060310 120.645
2017060311 119.033
2017060312 117.75
2017060313 117.276
2017060314 117.519
2017060315 117.906
2017060316 118.647
2017060317 118.615
2017060318 119.173
2017060319 125.558
2017060320 129.72
2017060321 132.565
2017060322 135.055
2017060323 136.943
2017060400 144.971
2017060401 138.622
2017060402 137.14
2017060403 138.168
2017060404 140.499
2017060405 143.586
2017060406 142.685
2017060407 146.201
2017060408 146.424
2017060409 144.964
2017060410 144.221
2017060411 142.587
2017060412 134.357
2017060413 131.811
2017060414 131.793
2017060415 135.513
2017060416 135.965
2017060417 134.768
2017060418 134.566
2017060419 135.156
2017060420 135.827
2017060421 138.147
2017060422 139.654
2017060423 140.769
2017060500 125.33
2017060501 123.346
2017060502 122.484
2017060503 121.894
2017060504 122.819
2017060505 121.613
2017060506 124.772
2017060507 124.871
2017060508 124.321
2017060509 118.613
2017060510 117.638
2017060511 116.284
2017060512 114.933
2017060513 112.983
2017060514 113.386
2017060515 114.921
2017060516 115.956
2017060517 115.068
2017060518 116.249
2017060519 115.66
2017060520 116.364
2017060521 116.548
2017060522 133.6
2017060523 142.874
2017060600 134.183
2017060601 137.378
2017060602 139.015
2017060603 138.375
2017060604 137.492
2017060605 138.454
2017060606 138.161
2017060607 137.168
2017060608 132.517
2017060609 129.685
2017060610 127.2
2017060611 126.597
2017060612 128.023
2017060613 127.76
2017060614 121.904
2017060615 121.707
2017060616 117.223
2017060617 112.919
2017060618 115.172
2017060619 120.787
2017060620 121.176
2017060621 115.481
2017060622 110.593
2017060623 108.17
2017060700 117.092
2017060701 112.843
2017060702 109.044
2017060703 106.615
2017060704 103.253
2017060705 103.181
2017060706 104.022
2017060707 102.671
2017060708 100.964
2017060709 99.727
2017060710 98.803
2017060711 98.536
2017060712 98.44
2017060713 99.827
2017060714 99.882
2017060715 100.51
2017060716 101.977
2017060717 101.995
2017060718 105.118
2017060719 106.083
2017060720 106.174
2017060721 106.204
2017060722 106.332
2017060723 105.589
2017060800 104.295
2017060801 105.08
2017060802 105.677
2017060803 106.022
2017060804 106.013
2017060805 106.362
2017060806 107.466
2017060807 107.797
2017060808 106.964
2017060809 105.447
2017060810 104.213
2017060811 103.759
2017060812 103.592
2017060813 102.63
2017060814 101.936
2017060815 101.707
2017060816 105.129
2017060817 106.924
2017060818 109.288
2017060819 111.235
2017060820 112.679
2017060821 112.262
2017060822 111.372
2017060823 111.416
2017060900 109.219
2017060901 108.476
2017060902 110.452
2017060903 110.763
2017060904 112.767
2017060905 120.276
2017060906 118.658
2017060907 116.019
2017060908 112.201
2017060909 110.162
2017060910 107.337
2017060911 109.169
2017060912 106.596
2017060913 102.182
2017060914 103.802
2017060915 104.289
2017060916 104.761
2017060917 103.549
2017060918 104.93
2017060919 104.285
2017060920 102.184
2017060921 104.589
2017060922 105.974
2017060923 108.023
2017061000 120.008
2017061001 117.696
2017061002 118.621
2017061003 121.034
2017061004 122.178
2017061005 118.319
2017061006 126.93
2017061007 120.598
2017061008 120.604
2017061009 122.967
2017061010 121.239
2017061011 116.013
2017061012 111.944
2017061013 110.463
2017061014 111.113
2017061015 111.595
2017061016 110.837
2017061017 108.656
2017061018 113.032
2017061019 112.939
2017061020 112.724
2017061021 112.869
2017061022 113.334
2017061023 113.825
