2017060100 204.326
2017060101 201.01
2017060102 193.883
2017060103 189.183
2017060104 176.41
2017060105 165.248
2017060106 166.51
2017060107 165.911
2017060108 160.725
2017060109 147.476
2017060110 143.207
2017060111 140.068
2017060112 138.727
2017060113 139.819
2017060114 139.477
2017060115 142.887
2017060116 153.274
2017060117 159.073
2017060118 178.09
2017060119 182.503
2017060120 191.228
2017060121 178.645
2017060122 174.547
2017060123 167.882
2017060200 208.516
2017060201 179.14
2017060202 185.694
2017060203 193.418
2017060204 180.847
2017060205 184.052
2017060206 170.554
2017060207 180.371
2017060208 181.407
2017060209 nan
2017060210 156.062
2017060211 138.307
2017060212 138.475
2017060213 141.484
2017060214 145.582
2017060215 150.802
2017060216 180.119
2017060217 nan
2017060218 185.184
2017060219 181.235
2017060220 175.247
2017060221 nan
2017060222 nan
2017060223 208.516
2017060300 229.714
2017060301 228.834
2017060302 230.073
2017060303 224.587
2017060304 217.387
2017060305 189.979
2017060306 188.659
2017060307 180.792
2017060308 174.696
2017060309 172.695
2017060310 173.733
2017060311 174.265
2017060312 172.028
2017060313 168.851
2017060314 170.775
2017060315 170.378
2017060316 194.902
2017060317 203.105
2017060318 205.944
2017060319 216.405
2017060320 229.027
2017060321 236.652
2017060322 231.236
2017060323 219.256
2017060400 187.542
2017060401 190.699
2017060402 189.811
2017060403 188.417
2017060404 190.086
2017060405 178.225
2017060406 169.11
2017060407 169.608
2017060408 169.168
2017060409 166.084
2017060410 160.371
2017060411 155.328
2017060412 149.425
2017060413 144.132
2017060414 142.019
2017060415 142.86
2017060416 145.754
2017060417 145.957
2017060418 153.472
2017060419 151.816
2017060420 149.634
2017060421 147.718
2017060422 149.062
2017060423 146.303
2017060500 179.759
2017060501 173.499
2017060502 172.194
2017060503 168.839
2017060504 166.661
2017060505 170.08
2017060506 176.382
2017060507 167.021
2017060508 163.393
2017060509 156.031
2017060510 147.295
2017060511 141.771
2017060512 140.919
2017060513 142.903
2017060514 144.795
2017060515 149.105
2017060516 152.715
2017060517 158.176
2017060518 160.552
2017060519 177.096
2017060520 179.639
2017060521 185.533
2017060522 189.038
2017060523 187.545
2017060600 161.885
2017060601 164.039
2017060602 170.709
2017060603 170.314
2017060604 171.218
2017060605 150.13
2017060606 151.279
2017060607 152.251
2017060608 142.966
2017060609 133.193
2017060610 129.187
2017060611 127.731
2017060612 126.44
2017060613 123.785
2017060614 122.177
2017060615 124.305
2017060616 150.862
2017060617 153.989
2017060618 144.494
2017060619 135.813
2017060620 127.297
2017060621 121.891
2017060622 121.941
2017060623 119.564
2017060700 124.221
2017060701 123.559
2017060702 124.166
2017060703 124.112
2017060704 124.445
2017060705 127.276
2017060706 132.553
2017060707 133.909
2017060708 133.603
2017060709 125.741
2017060710 122.564
2017060711 124.035
2017060712 123.809
2017060713 124.189
2017060714 123.361
2017060715 124.303
2017060716 127.335
2017060717 128.774
2017060718 130.225
2017060719 131.528
2017060720 131.593
2017060721 130.466
2017060722 133.489
2017060723 132.291
2017060800 134.595
2017060801 135.18
2017060802 139.389
2017060803 140.795
2017060804 144.948
2017060805 148.723
2017060806 155.542
2017060807 144.05
2017060808 137.328
2017060809 129.408
2017060810 128.971
2017060811 130.169
2017060812 133.123
2017060813 130.847
2017060814 132.41
2017060815 134.458
2017060816 141.345
2017060817 147.359
2017060818 150.986
2017060819 162.834
2017060820 178.611
2017060821 186.266
2017060822 186.168
2017060823 196.846
2017060900 183.295
2017060901 192.099
2017060902 193.114
2017060903 185.875
2017060904 189.033
2017060905 190.843
2017060906 204.425
2017060907 196.837
2017060908 183.553
2017060909 163.852
2017060910 149.998
2017060911 140.507
2017060912 136.844
2017060913 131.346
2017060914 128.209
2017060915 128.847
2017060916 135.166
2017060917 138.205
2017060918 139.871
2017060919 141.696
2017060920 157.151
2017060921 166
2017060922 156.057
2017060923 139.645
2017061000 164.26
2017061001 146.567
2017061002 144.583
2017061003 152.765
2017061004 163.426
2017061005 163.853
2017061006 168.55
2017061007 158.306
2017061008 152.066
2017061009 149.696
2017061010 145.886
2017061011 144.536
2017061012 146.177
2017061013 147.103
2017061014 144.915
2017061015 142.15
2017061016 147.77
2017061017 144.903
2017061018 150.542
2017061019 160.386
2017061020 159.592
2017061021 156.339
2017061022 154.231
2017061023 151.288
