2017060100 245.238
2017060101 245.883
2017060102 247.824
2017060103 245.57
2017060104 228.38
2017060105 212.694
2017060106 209.674
2017060107 197.781
2017060108 183.633
2017060109 172.648
2017060110 162.604
2017060111 152.243
2017060112 147.473
2017060113 145.677
2017060114 148.465
2017060115 156.323
2017060116 165.869
2017060117 186.888
2017060118 205.698
2017060119 205.762
2017060120 205.121
2017060121 213.004
2017060122 208.461
2017060123 218.337
2017060200 219.83
2017060201 241.002
2017060202 229.496
2017060203 226.842
2017060204 224.423
2017060205 225.144
2017060206 229.712
2017060207 242.119
2017060208 216.316
2017060209 nan
2017060210 188.692
2017060211 163.508
2017060212 175.028
2017060213 186.044
2017060214 178.546
2017060215 181.51
2017060216 247.626
2017060217 nan
2017060218 253.859
2017060219 259.175
2017060220 267.679
2017060221 nan
2017060222 nan
2017060223 219.83
2017060300 221.244
2017060301 212.205
2017060302 201.702
2017060303 196.703
2017060304 195.909
2017060305 192.795
2017060306 199.467
2017060307 171.949
2017060308 157.245
2017060309 142.119
2017060310 136.078
2017060311 135.97
2017060312 135.118
2017060313 134.481
2017060314 135.729
2017060315 142.581
2017060316 150.616
2017060317 148.883
2017060318 144.675
2017060319 148.139
2017060320 160.458
2017060321 167.215
2017060322 173.684
2017060323 178.509
2017060400 176.092
2017060401 178.421
2017060402 185.17
2017060403 194.383
2017060404 201.441
2017060405 185.644
2017060406 182.674
2017060407 181.553
2017060408 174.819
2017060409 169.426
2017060410 171.028
2017060411 175.808
2017060412 177.496
2017060413 173.503
2017060414 176.379
2017060415 179.105
2017060416 186.883
2017060417 192.309
2017060418 194.244
2017060419 180.185
2017060420 170.415
2017060421 164.719
2017060422 161.224
2017060423 151.028
2017060500 195.387
2017060501 194.172
2017060502 202.027
2017060503 203.387
2017060504 199.959
2017060505 201.632
2017060506 212.587
2017060507 201.713
2017060508 194.676
2017060509 189.793
2017060510 181.328
2017060511 167.12
2017060512 161.655
2017060513 164.989
2017060514 169.657
2017060515 170.419
2017060516 167.976
2017060517 164.542
2017060518 168.242
2017060519 174.963
2017060520 174.363
2017060521 166.584
2017060522 158.272
2017060523 149.655
2017060600 220.342
2017060601 193.341
2017060602 195.17
2017060603 190.701
2017060604 175.301
2017060605 160.023
2017060606 159.389
2017060607 155.312
2017060608 149.299
2017060609 139.224
2017060610 127.007
2017060611 121.669
2017060612 117.203
2017060613 114.855
2017060614 112.192
2017060615 114.014
2017060616 116.941
2017060617 119.418
2017060618 117.915
2017060619 115.852
2017060620 119.388
2017060621 119.877
2017060622 125.236
2017060623 120.628
2017060700 116.654
2017060701 114.517
2017060702 112.644
2017060703 115.621
2017060704 115.532
2017060705 117.388
2017060706 118.349
2017060707 121.348
2017060708 116.793
2017060709 113.566
2017060710 111.427
2017060711 109.673
2017060712 109.231
2017060713 110.927
2017060714 111.367
2017060715 113.298
2017060716 118.836
2017060717 123.457
2017060718 123.024
2017060719 135.679
2017060720 147.313
2017060721 148.41
2017060722 137.38
2017060723 138.947
2017060800 146.324
2017060801 148.801
2017060802 149.946
2017060803 149.832
2017060804 150.782
2017060805 166.957
2017060806 186.934
2017060807 170.912
2017060808 175.665
2017060809 175.371
2017060810 171.508
2017060811 153.803
2017060812 141.183
2017060813 136.102
2017060814 129.137
2017060815 125.683
2017060816 130.805
2017060817 144.609
2017060818 167.377
2017060819 179.379
2017060820 178.271
2017060821 175.243
2017060822 168.745
2017060823 164.948
2017060900 167.253
2017060901 167.373
2017060902 164.369
2017060903 158.802
2017060904 153.45
2017060905 163.319
2017060906 179.961
2017060907 168.415
2017060908 159.013
2017060909 154.236
2017060910 145.831
2017060911 148.647
2017060912 144.5
2017060913 146.984
2017060914 147.41
2017060915 141.054
2017060916 151.722
2017060917 166.458
2017060918 186.212
2017060919 193.981
2017060920 201.128
2017060921 210.612
2017060922 201.682
2017060923 197.775
2017061000 190.163
2017061001 196.158
2017061002 200.974
2017061003 204.858
2017061004 214.122
2017061005 225.56
2017061006 241.293
2017061007 203.96
2017061008 165.019
2017061009 154.078
2017061010 141.352
2017061011 132.036
2017061012 125.818
2017061013 123.554
2017061014 123.268
2017061015 123.198
2017061016 125.256
2017061017 147.743
2017061018 155.94
2017061019 162.189
2017061020 162.458
2017061021 170.31
2017061022 185.275
2017061023 183.763
