2017060100 11.851
2017060101 10.89
2017060102 9.302
2017060103 9.286
2017060104 9.345
2017060105 8.804
2017060106 9.029
2017060107 7.7
2017060108 4.729
2017060109 4.043
2017060110 2.756
2017060111 2.464
2017060112 2.414
2017060113 2.971
2017060114 3.254
2017060115 3.783
2017060116 6.136
2017060117 8.316
2017060118 11.633
2017060119 15.436
2017060120 17.037
2017060121 17.45
2017060122 18.257
2017060123 19.172
2017060200 35.954
2017060201 17.251
2017060202 17.023
2017060203 17.694
2017060204 18.528
2017060205 18.639
2017060206 9.273
2017060207 16.286
2017060208 15.953
2017060209 nan
2017060210 7.105
2017060211 2.863
2017060212 3.524
2017060213 3.808
2017060214 5.537
2017060215 6.139
2017060216 15.662
2017060217 nan
2017060218 15.149
2017060219 16.869
2017060220 18.022
2017060221 nan
2017060222 nan
2017060223 35.954
2017060300 24.033
2017060301 22.91
2017060302 21.1
2017060303 19.451
2017060304 20.143
2017060305 19.994
2017060306 18.877
2017060307 18.12
2017060308 14.173
2017060309 11.779
2017060310 9.444
2017060311 7.656
2017060312 5.982
2017060313 5.406
2017060314 5.657
2017060315 6.315
2017060316 8.381
2017060317 9.788
2017060318 11.388
2017060319 15.57
2017060320 17.135
2017060321 19.006
2017060322 19.861
2017060323 18.3
2017060400 14.172
2017060401 12.508
2017060402 11.634
2017060403 11.669
2017060404 10.768
2017060405 10.407
2017060406 9.809
2017060407 5.718
2017060408 4.318
2017060409 3.595
2017060410 3.599
2017060411 3.604
2017060412 3.784
2017060413 5.803
2017060414 8.289
2017060415 11.078
2017060416 14.046
2017060417 16.823
2017060418 19.492
2017060419 22.167
2017060420 21.615
2017060421 18.481
2017060422 12.371
2017060423 10.438
2017060500 13.549
2017060501 14.497
2017060502 15.113
2017060503 15.519
2017060504 14.879
2017060505 16.09
2017060506 18.334
2017060507 16.198
2017060508 15.483
2017060509 14.36
2017060510 13.848
2017060511 13.564
2017060512 13.258
2017060513 12.425
2017060514 10.226
2017060515 9.486
2017060516 12.227
2017060517 15.016
2017060518 15.15
2017060519 17.395
2017060520 19.798
2017060521 20.105
2017060522 20.871
2017060523 19.475
2017060600 14.51
2017060601 13.885
2017060602 13.552
2017060603 13.229
2017060604 13.714
2017060605 13.007
2017060606 12.584
2017060607 10.986
2017060608 4.626
2017060609 3.538
2017060610 3.002
2017060611 2.72
2017060612 2.606
2017060613 2.78
2017060614 3.018
2017060615 3.404
2017060616 5.913
2017060617 8.231
2017060618 9.027
2017060619 9.319
2017060620 10.052
2017060621 9.897
2017060622 9.649
2017060623 6.958
2017060700 7.483
2017060701 7.266
2017060702 7.116
2017060703 7.908
2017060704 8.46
2017060705 8.402
2017060706 9.196
2017060707 7.27
2017060708 4.397
2017060709 4.218
2017060710 4.407
2017060711 3.967
2017060712 3.637
2017060713 3.78
2017060714 3.936
2017060715 3.966
2017060716 5.7
2017060717 7.648
2017060718 9.494
2017060719 10.743
2017060720 10.885
2017060721 12.609
2017060722 12.437
2017060723 12.061
2017060800 12.934
2017060801 12.489
2017060802 12.721
2017060803 12.739
2017060804 9.927
2017060805 9.705
2017060806 10.305
2017060807 9.339
2017060808 4.348
2017060809 3.822
2017060810 3.255
2017060811 2.742
2017060812 2.411
2017060813 2.665
2017060814 2.506
2017060815 3.165
2017060816 8.063
2017060817 10.707
2017060818 14.821
2017060819 20.528
2017060820 16.813
2017060821 17.138
2017060822 16.869
2017060823 15.746
2017060900 17.816
2017060901 15.849
2017060902 16.332
2017060903 15.871
2017060904 11.387
2017060905 11.421
2017060906 13.936
2017060907 11.583
2017060908 5.412
2017060909 4.659
2017060910 3.329
2017060911 3.312
2017060912 3.358
2017060913 3.311
2017060914 3.523
2017060915 3.966
2017060916 8.693
2017060917 10.42
2017060918 10.02
2017060919 9.787
2017060920 10.68
2017060921 12.626
2017060922 13.232
2017060923 11.48
2017061000 10.104
2017061001 10.239
2017061002 10.803
2017061003 12.232
2017061004 12.955
2017061005 13.524
2017061006 13.044
2017061007 11.285
2017061008 7.694
2017061009 6.046
2017061010 3.975
2017061011 3.066
2017061012 2.634
2017061013 3.294
2017061014 3.72
2017061015 4.2
2017061016 6.007
2017061017 7.428
2017061018 10.78
2017061019 22.41
2017061020 19.539
2017061021 16.549
2017061022 17.133
2017061023 18.16
