2017060100 136.088
2017060101 132.122
2017060102 130.581
2017060103 135.663
2017060104 134.299
2017060105 132.994
2017060106 134.314
2017060107 129.484
2017060108 127.136
2017060109 121.991
2017060110 119.115
2017060111 117.194
2017060112 117.081
2017060113 117.728
2017060114 118.964
2017060115 121.514
2017060116 125.097
2017060117 128.225
2017060118 128.05
2017060119 131.787
2017060120 129.844
2017060121 130.892
2017060122 134.37
2017060123 134.847
2017060200 135.021
2017060201 138.067
2017060202 138.833
2017060203 139.942
2017060204 142.209
2017060205 143.077
2017060206 139.121
2017060207 151.289
2017060208 144.97
2017060209 nan
2017060210 131.817
2017060211 118.232
2017060212 119.615
2017060213 121.682
2017060214 130.168
2017060215 130.345
2017060216 123.583
2017060217 nan
2017060218 129.533
2017060219 132.741
2017060220 137.487
2017060221 nan
2017060222 nan
2017060223 135.021
2017060300 137.861
2017060301 138.259
2017060302 140.643
2017060303 145.068
2017060304 149.142
2017060305 149.687
2017060306 150.359
2017060307 145.513
2017060308 141.383
2017060309 142.252
2017060310 130.731
2017060311 132.476
2017060312 130.848
2017060313 130.055
2017060314 129.303
2017060315 129.966
2017060316 130.032
2017060317 132.202
2017060318 137.333
2017060319 142.366
2017060320 148.544
2017060321 151.295
2017060322 152.401
2017060323 144.894
2017060400 152.501
2017060401 158.148
2017060402 161.039
2017060403 160.493
2017060404 165.991
2017060405 172.468
2017060406 174.823
2017060407 173.924
2017060408 163.554
2017060409 163.437
2017060410 162.644
2017060411 163.09
2017060412 158.426
2017060413 151.628
2017060414 148.468
2017060415 148.815
2017060416 154.112
2017060417 155.888
2017060418 159.844
2017060419 170.049
2017060420 165.481
2017060421 166.632
2017060422 159.815
2017060423 148.252
2017060500 159.747
2017060501 154.682
2017060502 157.673
2017060503 158.101
2017060504 155.104
2017060505 146.543
2017060506 156.569
2017060507 154.802
2017060508 143.71
2017060509 132.335
2017060510 128.431
2017060511 127.518
2017060512 127.206
2017060513 123.342
2017060514 122.597
2017060515 124.449
2017060516 133.604
2017060517 134.207
2017060518 128.325
2017060519 125.436
2017060520 122.376
2017060521 121.896
2017060522 120.791
2017060523 120.571
2017060600 126.277
2017060601 126.481
2017060602 131.512
2017060603 134.419
2017060604 140.438
2017060605 147.626
2017060606 151.933
2017060607 152.878
2017060608 150.282
2017060609 141.83
2017060610 138.145
2017060611 135.061
2017060612 132.96
2017060613 131.748
2017060614 128.409
2017060615 129.946
2017060616 128.603
2017060617 129.633
2017060618 126.07
2017060619 121.235
2017060620 118.254
2017060621 116.291
2017060622 113.449
2017060623 111.341
2017060700 118.451
2017060701 118.39
2017060702 113.93
2017060703 110.797
2017060704 110.623
2017060705 114.968
2017060706 115.531
2017060707 115.56
2017060708 109.851
2017060709 108.097
2017060710 105.949
2017060711 105.367
2017060712 105.819
2017060713 106.171
2017060714 107.658
2017060715 110.117
2017060716 114.28
2017060717 113.592
2017060718 110.506
2017060719 111.37
2017060720 111.527
2017060721 116.061
2017060722 118.104
2017060723 115.434
2017060800 114.515
2017060801 113.427
2017060802 113.73
2017060803 113.403
2017060804 118.039
2017060805 118.938
2017060806 120.515
2017060807 121.94
2017060808 117.987
2017060809 113.193
2017060810 110.665
2017060811 108.632
2017060812 108.312
2017060813 110.683
2017060814 111.215
2017060815 111.664
2017060816 116.109
2017060817 116.836
2017060818 120.435
2017060819 116.896
2017060820 115.622
2017060821 118.877
2017060822 118.128
2017060823 116.158
2017060900 120.008
2017060901 119.644
2017060902 119.05
2017060903 118.204
2017060904 120.964
2017060905 126.789
2017060906 130.974
2017060907 130.208
2017060908 123.486
2017060909 125.157
2017060910 119.923
2017060911 118.023
2017060912 115.701
2017060913 112.997
2017060914 111.296
2017060915 111.424
2017060916 112.491
2017060917 113.362
2017060918 112.413
2017060919 113.644
2017060920 112.946
2017060921 115.149
2017060922 116.631
2017060923 115.428
2017061000 119.459
2017061001 122.076
2017061002 122.749
2017061003 124.744
2017061004 129.889
2017061005 134.168
2017061006 142.999
2017061007 145.832
2017061008 142.135
2017061009 135.287
2017061010 129.633
2017061011 124.37
2017061012 119.846
2017061013 118.441
2017061014 115.819
2017061015 117.05
2017061016 117.629
2017061017 117.645
2017061018 117.454
2017061019 114.703
2017061020 115.331
2017061021 117.211
2017061022 119.506
2017061023 118.221
