2017060100 10.82
2017060101 10.915
2017060102 11.255
2017060103 11.77
2017060104 11.1
2017060105 9.404
2017060106 10.412
2017060107 10.182
2017060108 9.165
2017060109 6.736
2017060110 5.376
2017060111 5.007
2017060112 4.861
2017060113 5.001
2017060114 5.351
2017060115 6.07
2017060116 9.074
2017060117 12.413
2017060118 18.822
2017060119 23.706
2017060120 24.814
2017060121 25.934
2017060122 23.114
2017060123 21.948
2017060200 26.296
2017060201 22.267
2017060202 23.471
2017060203 25.319
2017060204 21.201
2017060205 17.889
2017060206 11.587
2017060207 17.887
2017060208 14.862
2017060209 nan
2017060210 8.436
2017060211 6.009
2017060212 6.609
2017060213 8.4
2017060214 5.208
2017060215 6.078
2017060216 17.404
2017060217 nan
2017060218 23.411
2017060219 25.239
2017060220 23.024
2017060221 nan
2017060222 nan
2017060223 26.296
2017060300 27.42
2017060301 22.192
2017060302 21.199
2017060303 21.897
2017060304 17.882
2017060305 14.602
2017060306 14.199
2017060307 11.762
2017060308 9.197
2017060309 7.84
2017060310 7.004
2017060311 5.746
2017060312 5.145
2017060313 4.995
2017060314 5.141
2017060315 6.001
2017060316 9.239
2017060317 12.823
2017060318 15.998
2017060319 20.562
2017060320 24.68
2017060321 25.279
2017060322 27.261
2017060323 26.936
2017060400 13.278
2017060401 11.366
2017060402 10.101
2017060403 10.033
2017060404 8.957
2017060405 8.157
2017060406 7.588
2017060407 6.372
2017060408 5.624
2017060409 5.235
2017060410 4.975
2017060411 4.589
2017060412 4.312
2017060413 4.117
2017060414 4.096
2017060415 4.516
2017060416 5.227
2017060417 6.264
2017060418 7.609
2017060419 8.749
2017060420 8.614
2017060421 8.855
2017060422 10.042
2017060423 9.324
2017060500 9.312
2017060501 9.592
2017060502 9.759
2017060503 10.586
2017060504 12
2017060505 11.703
2017060506 12.162
2017060507 11.853
2017060508 9.716
2017060509 7.801
2017060510 6.066
2017060511 5.323
2017060512 5.18
2017060513 5.642
2017060514 6.028
2017060515 7.221
2017060516 9.983
2017060517 11.657
2017060518 12.402
2017060519 16.628
2017060520 17.053
2017060521 18.561
2017060522 18.174
2017060523 16.126
2017060600 10.405
2017060601 10.966
2017060602 11.054
2017060603 11.386
2017060604 10.284
2017060605 8.545
2017060606 10.331
2017060607 8.737
2017060608 6.845
2017060609 5.062
2017060610 4.392
2017060611 4.19
2017060612 3.633
2017060613 4.221
2017060614 3.883
2017060615 4.557
2017060616 5.927
2017060617 6.965
2017060618 5.811
2017060619 5.798
2017060620 5.15
2017060621 4.898
2017060622 4.309
2017060623 3.811
2017060700 3.8
2017060701 4.001
2017060702 3.757
2017060703 4.367
2017060704 4.66
2017060705 4.871
2017060706 5.323
2017060707 5.958
2017060708 4.771
2017060709 4.059
2017060710 3.566
2017060711 3.168
2017060712 2.975
2017060713 3.311
2017060714 3.47
2017060715 3.94
2017060716 5.154
2017060717 6.118
2017060718 6.616
2017060719 7.654
2017060720 7.753
2017060721 7.683
2017060722 8.054
2017060723 7.937
2017060800 8.018
2017060801 8.364
2017060802 8.331
2017060803 8.906
2017060804 8.869
2017060805 7.666
2017060806 8.111
2017060807 6.713
2017060808 6.509
2017060809 4.458
2017060810 3.982
2017060811 3.747
2017060812 3.713
2017060813 4
2017060814 4.365
2017060815 5.498
2017060816 7.744
2017060817 9.727
2017060818 11.013
2017060819 17.001
2017060820 20.324
2017060821 17.867
2017060822 20.067
2017060823 22.775
2017060900 19.841
2017060901 20.687
2017060902 21.486
2017060903 22.197
2017060904 20.813
2017060905 17.591
2017060906 18.971
2017060907 19.914
2017060908 16.747
2017060909 13.479
2017060910 7.997
2017060911 6.371
2017060912 5.827
2017060913 5.179
2017060914 4.6
2017060915 5.029
2017060916 7.764
2017060917 9.319
2017060918 9.746
2017060919 13.784
2017060920 16.004
2017060921 16.507
2017060922 12.339
2017060923 9.908
2017061000 10.656
2017061001 7.645
2017061002 7.683
2017061003 8.103
2017061004 9.104
2017061005 9.105
2017061006 8.892
2017061007 7.779
2017061008 6.555
2017061009 5.742
2017061010 4.644
2017061011 4.109
2017061012 4.046
2017061013 4.001
2017061014 4.011
2017061015 4.16
2017061016 5.347
2017061017 6.151
2017061018 7.741
2017061019 10.009
2017061020 10.651
2017061021 11.358
2017061022 10.549
2017061023 10.29
