2017060100 8.391
2017060101 8.844
2017060102 9.156
2017060103 9.627
2017060104 9.68
2017060105 8.447
2017060106 8.468
2017060107 6.367
2017060108 4.868
2017060109 3.556
2017060110 2.579
2017060111 1.967
2017060112 1.901
2017060113 2.073
2017060114 2.278
2017060115 2.971
2017060116 4.807
2017060117 7.99
2017060118 9.095
2017060119 11.965
2017060120 15.741
2017060121 16.646
2017060122 15.346
2017060123 14.093
2017060200 7.512
2017060201 16.317
2017060202 18.665
2017060203 21.208
2017060204 19.264
2017060205 14.836
2017060206 7.203
2017060207 8.566
2017060208 6.594
2017060209 nan
2017060210 3.333
2017060211 2.211
2017060212 2.793
2017060213 3.695
2017060214 1.416
2017060215 1.583
2017060216 9.646
2017060217 nan
2017060218 16.062
2017060219 18.786
2017060220 19.235
2017060221 nan
2017060222 nan
2017060223 7.512
2017060300 18.412
2017060301 17.786
2017060302 16.662
2017060303 15.118
2017060304 15.075
2017060305 12.906
2017060306 13.916
2017060307 12.866
2017060308 7.533
2017060309 3.911
2017060310 2.655
2017060311 2.017
2017060312 1.759
2017060313 1.756
2017060314 1.716
2017060315 2.069
2017060316 3.505
2017060317 5.024
2017060318 7.242
2017060319 8.61
2017060320 8.319
2017060321 8.488
2017060322 8.877
2017060323 8.669
2017060400 6.71
2017060401 6.835
2017060402 6.449
2017060403 7.069
2017060404 6.488
2017060405 6.065
2017060406 5.559
2017060407 4.55
2017060408 3.119
2017060409 2.074
2017060410 1.519
2017060411 1.337
2017060412 1.195
2017060413 1.192
2017060414 1.186
2017060415 1.282
2017060416 1.997
2017060417 2.127
2017060418 2.674
2017060419 2.979
2017060420 3.205
2017060421 3.576
2017060422 4.123
2017060423 4.752
2017060500 8.878
2017060501 7.798
2017060502 9.174
2017060503 10.184
2017060504 10.519
2017060505 8.695
2017060506 8.367
2017060507 7.96
2017060508 6.536
2017060509 4.902
2017060510 2.647
2017060511 1.877
2017060512 1.577
2017060513 1.578
2017060514 1.545
2017060515 1.711
2017060516 2.294
2017060517 3.257
2017060518 3.673
2017060519 4.59
2017060520 5.077
2017060521 5.053
2017060522 5.042
2017060523 4.609
2017060600 5.597
2017060601 5.782
2017060602 6.176
2017060603 6.521
2017060604 5.106
2017060605 4.602
2017060606 4.583
2017060607 3.319
2017060608 2.537
2017060609 1.653
2017060610 1.34
2017060611 1.187
2017060612 1.116
2017060613 1.149
2017060614 1.234
2017060615 1.447
2017060616 1.906
2017060617 2.756
2017060618 3.315
2017060619 3.263
2017060620 2.954
2017060621 2.706
2017060622 2.331
2017060623 2.26
2017060700 2.934
2017060701 2.616
2017060702 2.856
2017060703 2.914
2017060704 2.933
2017060705 2.796
2017060706 3.178
2017060707 3.348
2017060708 3.235
2017060709 2.554
2017060710 2.003
2017060711 1.639
2017060712 1.617
2017060713 1.476
2017060714 1.559
2017060715 1.649
2017060716 2.501
2017060717 3.273
2017060718 3.341
2017060719 5.623
2017060720 5.381
2017060721 5.801
2017060722 6.526
2017060723 6.224
2017060800 6.205
2017060801 6.135
2017060802 6.448
2017060803 6.546
2017060804 5.99
2017060805 4.781
2017060806 4.175
2017060807 4.077
2017060808 3.223
2017060809 2.243
2017060810 1.788
2017060811 1.532
2017060812 1.421
2017060813 1.396
2017060814 1.429
2017060815 1.585
2017060816 2.063
2017060817 3.011
2017060818 3.356
2017060819 4.615
2017060820 5.136
2017060821 5.469
2017060822 6.105
2017060823 6.007
2017060900 5.791
2017060901 6.161
2017060902 6.284
2017060903 7.044
2017060904 6.782
2017060905 5.895
2017060906 6.015
2017060907 5.208
2017060908 3.753
2017060909 2.441
2017060910 1.855
2017060911 1.683
2017060912 1.667
2017060913 1.69
2017060914 1.691
2017060915 1.796
2017060916 2.566
2017060917 3.235
2017060918 4.238
2017060919 5.698
2017060920 6.094
2017060921 7.361
2017060922 8.126
2017060923 6.586
2017061000 9.905
2017061001 10.502
2017061002 9.452
2017061003 8.027
2017061004 7.54
2017061005 6.796
2017061006 6.618
2017061007 5.281
2017061008 3.963
2017061009 2.731
2017061010 2.335
2017061011 2.002
2017061012 1.87
2017061013 1.812
2017061014 1.772
2017061015 1.91
2017061016 2.514
2017061017 3.398
2017061018 4.567
2017061019 6.675
2017061020 7.787
2017061021 7.935
2017061022 6.812
2017061023 7.334
