2017060100 157.89
2017060101 160.376
2017060102 162.949
2017060103 165.56
2017060104 167.552
2017060105 153.396
2017060106 160.559
2017060107 167.521
2017060108 160.34
2017060109 158.168
2017060110 159.7
2017060111 155.224
2017060112 152.048
2017060113 148.341
2017060114 149.568
2017060115 156.487
2017060116 156.337
2017060117 158.337
2017060118 159.585
2017060119 167.081
2017060120 165.642
2017060121 169.356
2017060122 174.213
2017060123 172.163
2017060200 166.723
2017060201 176.452
2017060202 177.214
2017060203 176.467
2017060204 175.235
2017060205 165.663
2017060206 166.082
2017060207 163.093
2017060208 158.317
2017060209 nan
2017060210 144.49
2017060211 148.702
2017060212 148.819
2017060213 151.003
2017060214 140.332
2017060215 142.58
2017060216 156.303
2017060217 nan
2017060218 165.569
2017060219 167.612
2017060220 170.391
2017060221 nan
2017060222 nan
2017060223 166.723
2017060300 149.069
2017060301 149.194
2017060302 149.65
2017060303 148.646
2017060304 147.38
2017060305 141.662
2017060306 148.567
2017060307 143.895
2017060308 130.548
2017060309 123.384
2017060310 120.727
2017060311 119.125
2017060312 118.582
2017060313 119.205
2017060314 117.226
2017060315 119.351
2017060316 123.596
2017060317 124.467
2017060318 125.525
2017060319 121.921
2017060320 121.995
2017060321 123.801
2017060322 128.408
2017060323 130.787
2017060400 134.925
2017060401 140.144
2017060402 145.434
2017060403 150.502
2017060404 156.417
2017060405 140.864
2017060406 140.117
2017060407 140.059
2017060408 140.094
2017060409 139.711
2017060410 138.954
2017060411 140.981
2017060412 143.145
2017060413 141.829
2017060414 140.858
2017060415 146.598
2017060416 156.388
2017060417 152.568
2017060418 128.757
2017060419 119.01
2017060420 118.939
2017060421 117.687
2017060422 118.176
2017060423 118.386
2017060500 119.918
2017060501 122.144
2017060502 125.082
2017060503 128.959
2017060504 130.802
2017060505 129.805
2017060506 129.489
2017060507 129.002
2017060508 133.395
2017060509 131.651
2017060510 138.284
2017060511 140.039
2017060512 135.538
2017060513 123.948
2017060514 117.848
2017060515 115.274
2017060516 115.891
2017060517 119.369
2017060518 121.7
2017060519 122.017
2017060520 123.504
2017060521 125.48
2017060522 128.084
2017060523 129.47
2017060600 141.96
2017060601 143.688
2017060602 144.217
2017060603 142.858
2017060604 138.504
2017060605 118.191
2017060606 118.477
2017060607 117.492
2017060608 110.993
2017060609 104.422
2017060610 103.588
2017060611 103.098
2017060612 101.934
2017060613 99.651
2017060614 98.691
2017060615 98.74
2017060616 99.39
2017060617 101.059
2017060618 101.608
2017060619 101.074
2017060620 101.822
2017060621 103.367
2017060622 105.034
2017060623 107.066
2017060700 105.16
2017060701 104.07
2017060702 102.812
2017060703 103.234
2017060704 104.868
2017060705 102.905
2017060706 101.667
2017060707 103.47
2017060708 104.633
2017060709 101.235
2017060710 100.172
2017060711 99.009
2017060712 97.897
2017060713 98.52
2017060714 97.934
2017060715 98.579
2017060716 99.648
2017060717 100.478
2017060718 104.008
2017060719 106.679
2017060720 108.151
2017060721 108.089
2017060722 111.051
2017060723 115.141
2017060800 119.623
2017060801 119.158
2017060802 116.827
2017060803 116.847
2017060804 119.741
2017060805 118.302
2017060806 122.722
2017060807 122.74
2017060808 122.016
2017060809 117.314
2017060810 113.75
2017060811 112.475
2017060812 113.875
2017060813 111.777
2017060814 105.216
2017060815 100.818
2017060816 104.32
2017060817 111.462
2017060818 115.269
2017060819 120.395
2017060820 130.821
2017060821 132.182
2017060822 131.517
2017060823 130.474
2017060900 125.639
2017060901 132.227
2017060902 128.087
2017060903 121.708
2017060904 120.95
2017060905 116.598
2017060906 122.143
2017060907 127.707
2017060908 132.027
2017060909 129.701
2017060910 125.302
2017060911 125.959
2017060912 121.316
2017060913 120.316
2017060914 118.848
2017060915 120.11
2017060916 124.451
2017060917 128.876
2017060918 128.499
2017060919 130.864
2017060920 134.523
2017060921 138.947
2017060922 136.865
2017060923 133.575
2017061000 124.36
2017061001 125.393
2017061002 127.153
2017061003 128.453
2017061004 130.413
2017061005 128.557
2017061006 134.237
2017061007 130.242
2017061008 120.845
2017061009 111.545
2017061010 109.755
2017061011 107.664
2017061012 107.52
2017061013 106.582
2017061014 107.121
2017061015 108.016
2017061016 113.016
2017061017 113.88
2017061018 116.15
2017061019 121.802
2017061020 122.774
2017061021 121.509
2017061022 126.842
2017061023 127.261
