2017060100 12.116
2017060101 12.043
2017060102 12.242
2017060103 12.664
2017060104 12.293
2017060105 9.845
2017060106 10.966
2017060107 11.649
2017060108 10.281
2017060109 7.602
2017060110 6.372
2017060111 6.659
2017060112 6.354
2017060113 6.528
2017060114 7.146
2017060115 7.909
2017060116 11.418
2017060117 14.954
2017060118 20.411
2017060119 26.048
2017060120 23.825
2017060121 22.186
2017060122 19.867
2017060123 20.254
2017060200 33.04
2017060201 21.381
2017060202 23.045
2017060203 24.981
2017060204 21.058
2017060205 17.657
2017060206 12.491
2017060207 18.757
2017060208 15.811
2017060209 nan
2017060210 9.595
2017060211 7.773
2017060212 8.921
2017060213 11.147
2017060214 6.675
2017060215 7.707
2017060216 21.513
2017060217 nan
2017060218 24.555
2017060219 22.903
2017060220 19.357
2017060221 nan
2017060222 nan
2017060223 33.04
2017060300 33.405
2017060301 28.107
2017060302 25.899
2017060303 25.693
2017060304 20.697
2017060305 14.647
2017060306 15.154
2017060307 12.206
2017060308 9.858
2017060309 8.478
2017060310 7.913
2017060311 6.966
2017060312 6.332
2017060313 6.243
2017060314 6.481
2017060315 7.191
2017060316 14.4
2017060317 18.38
2017060318 20.323
2017060319 24.85
2017060320 28.964
2017060321 29.65
2017060322 31.793
2017060323 33.723
2017060400 17.261
2017060401 14.455
2017060402 12.573
2017060403 12.258
2017060404 10.172
2017060405 9.445
2017060406 8.958
2017060407 7.662
2017060408 7.005
2017060409 6.38
2017060410 5.772
2017060411 5.262
2017060412 4.976
2017060413 4.728
2017060414 4.997
2017060415 5.231
2017060416 6.1
2017060417 7.529
2017060418 8.046
2017060419 8.829
2017060420 8.687
2017060421 8.817
2017060422 10.203
2017060423 9.414
2017060500 10.132
2017060501 11.042
2017060502 10.777
2017060503 10.997
2017060504 12.443
2017060505 11.581
2017060506 12.691
2017060507 13.426
2017060508 10.883
2017060509 8.342
2017060510 6.824
2017060511 6.082
2017060512 6.046
2017060513 6.497
2017060514 6.99
2017060515 8.31
2017060516 12.678
2017060517 13.759
2017060518 14.178
2017060519 19.65
2017060520 17.122
2017060521 18.869
2017060522 19.114
2017060523 17.109
2017060600 11.855
2017060601 12.38
2017060602 12.28
2017060603 12.259
2017060604 10.723
2017060605 9.11
2017060606 11.527
2017060607 10.19
2017060608 8.48
2017060609 6.349
2017060610 5.358
2017060611 5.015
2017060612 4.819
2017060613 5.13
2017060614 4.33
2017060615 5.224
2017060616 7.281
2017060617 8.052
2017060618 7.522
2017060619 7.208
2017060620 6.057
2017060621 5.024
2017060622 4.518
2017060623 4.424
2017060700 4.177
2017060701 4.416
2017060702 4.477
2017060703 5.174
2017060704 5.237
2017060705 5.333
2017060706 5.579
2017060707 6.816
2017060708 6.043
2017060709 5.003
2017060710 4.656
2017060711 3.705
2017060712 3.334
2017060713 3.703
2017060714 4.006
2017060715 4.299
2017060716 6.485
2017060717 7.463
2017060718 7.491
2017060719 8.044
2017060720 8.194
2017060721 8.111
2017060722 8.907
2017060723 8.483
2017060800 9.336
2017060801 9.579
2017060802 9.385
2017060803 10.568
2017060804 9.761
2017060805 8.357
2017060806 8.693
2017060807 8.648
2017060808 8.26
2017060809 5.588
2017060810 5.317
2017060811 4.99
2017060812 4.956
2017060813 5.381
2017060814 6.006
2017060815 7.173
2017060816 9.718
2017060817 11.89
2017060818 13.197
2017060819 18.027
2017060820 23.488
2017060821 22.806
2017060822 24.163
2017060823 29.149
2017060900 22.708
2017060901 23.604
2017060902 24.209
2017060903 26.007
2017060904 24.934
2017060905 19.672
2017060906 21.148
2017060907 21.372
2017060908 17.035
2017060909 14.421
2017060910 9.789
2017060911 7.667
2017060912 6.369
2017060913 5.953
2017060914 5.018
2017060915 5.619
2017060916 9.278
2017060917 11.075
2017060918 11.464
2017060919 15.396
2017060920 19.329
2017060921 20.135
2017060922 14.148
2017060923 11.483
2017061000 12.055
2017061001 8.529
2017061002 9.051
2017061003 8.097
2017061004 9.696
2017061005 9.651
2017061006 9.802
2017061007 8.398
2017061008 7.018
2017061009 6.5
2017061010 5.365
2017061011 5.025
2017061012 5.195
2017061013 5.276
2017061014 5.319
2017061015 5.421
2017061016 6.387
2017061017 7.276
2017061018 8.97
2017061019 11.132
2017061020 11.348
2017061021 12.262
2017061022 12.332
2017061023 11.354
