2017060100 235.738
2017060101 234.045
2017060102 230.071
2017060103 220.738
2017060104 207.344
2017060105 194.674
2017060106 195.934
2017060107 190.257
2017060108 178.01
2017060109 170.07
2017060110 161.765
2017060111 149.7
2017060112 145.619
2017060113 144.603
2017060114 145.409
2017060115 149.739
2017060116 157.667
2017060117 175.284
2017060118 197.673
2017060119 198.519
2017060120 204.981
2017060121 210.491
2017060122 205.961
2017060123 205.476
2017060200 217.613
2017060201 244.246
2017060202 226.934
2017060203 218.47
2017060204 212.666
2017060205 215.214
2017060206 225.201
2017060207 228.85
2017060208 213.001
2017060209 nan
2017060210 187.426
2017060211 160.427
2017060212 162.336
2017060213 172.55
2017060214 177.467
2017060215 181.118
2017060216 220.234
2017060217 nan
2017060218 255.593
2017060219 268.805
2017060220 280.347
2017060221 nan
2017060222 nan
2017060223 217.613
2017060300 211.909
2017060301 200.192
2017060302 188.796
2017060303 183.706
2017060304 183.836
2017060305 181.31
2017060306 194.242
2017060307 171.56
2017060308 161.435
2017060309 143.707
2017060310 137.095
2017060311 135.575
2017060312 135.806
2017060313 135.511
2017060314 135.918
2017060315 147.385
2017060316 153.544
2017060317 149.921
2017060318 149.362
2017060319 151.776
2017060320 158.335
2017060321 165.41
2017060322 169.893
2017060323 172.967
2017060400 182.893
2017060401 186.083
2017060402 188.809
2017060403 192.939
2017060404 193.517
2017060405 177.656
2017060406 183.114
2017060407 176.871
2017060408 164.938
2017060409 159.495
2017060410 161.738
2017060411 167.199
2017060412 173.139
2017060413 176.545
2017060414 180.357
2017060415 177.961
2017060416 185.246
2017060417 191.077
2017060418 194.372
2017060419 185.5
2017060420 172.877
2017060421 164.579
2017060422 163.846
2017060423 155.053
2017060500 186.053
2017060501 188.157
2017060502 191.569
2017060503 193.378
2017060504 198.02
2017060505 200.592
2017060506 207.573
2017060507 204.08
2017060508 198.934
2017060509 189.34
2017060510 182.857
2017060511 169.4
2017060512 158.463
2017060513 159.511
2017060514 171.455
2017060515 173.902
2017060516 174.947
2017060517 172.422
2017060518 171.64
2017060519 175.617
2017060520 176.352
2017060521 170.455
2017060522 161.907
2017060523 152.232
2017060600 242.346
2017060601 209.908
2017060602 207.7
2017060603 195.743
2017060604 181.964
2017060605 169.418
2017060606 163.58
2017060607 156.275
2017060608 149.885
2017060609 139.767
2017060610 127.502
2017060611 121.91
2017060612 117.694
2017060613 114.192
2017060614 112.445
2017060615 112.976
2017060616 116.128
2017060617 116.996
2017060618 115.45
2017060619 113.702
2017060620 120.529
2017060621 119.742
2017060622 127.36
2017060623 124.256
2017060700 118.825
2017060701 118.03
2017060702 115.763
2017060703 118.313
2017060704 118.979
2017060705 116.527
2017060706 117.668
2017060707 124.056
2017060708 120.131
2017060709 113.792
2017060710 111.432
2017060711 109.013
2017060712 108.576
2017060713 110.725
2017060714 112.279
2017060715 114.464
2017060716 120.199
2017060717 122.891
2017060718 118.063
2017060719 137.349
2017060720 146.912
2017060721 149.302
2017060722 145.241
2017060723 146.25
2017060800 143.935
2017060801 142.393
2017060802 142.753
2017060803 141.462
2017060804 140.511
2017060805 158.492
2017060806 175.856
2017060807 164.401
2017060808 169.47
2017060809 167.829
2017060810 163.266
2017060811 158.125
2017060812 150.29
2017060813 141.405
2017060814 134.157
2017060815 129.499
2017060816 132.832
2017060817 146.452
2017060818 174.693
2017060819 182.618
2017060820 184.114
2017060821 177.245
2017060822 170.347
2017060823 165.722
2017060900 164.259
2017060901 160.472
2017060902 154.095
2017060903 147.14
2017060904 141.898
2017060905 160.011
2017060906 178.48
2017060907 167.44
2017060908 161.888
2017060909 157.007
2017060910 145.393
2017060911 150.559
2017060912 151.561
2017060913 150.225
2017060914 147.814
2017060915 142.43
2017060916 150.713
2017060917 163.452
2017060918 187.82
2017060919 187.689
2017060920 196.563
2017060921 202.102
2017060922 188.432
2017060923 182.644
2017061000 198.468
2017061001 203.862
2017061002 206.344
2017061003 209.301
2017061004 213.599
2017061005 219.959
2017061006 231.932
2017061007 193.614
2017061008 166.414
2017061009 153.528
2017061010 141.786
2017061011 129.996
2017061012 125.157
2017061013 124.412
2017061014 124.55
2017061015 123.591
2017061016 125.525
2017061017 149.204
2017061018 156.058
2017061019 170.26
2017061020 171.243
2017061021 175.803
2017061022 182.038
2017061023 183.771
