2017060100 12.751
2017060101 12.204
2017060102 11.253
2017060103 12.768
2017060104 11.794
2017060105 8.169
2017060106 8.748
2017060107 7.449
2017060108 6.309
2017060109 5.279
2017060110 4.444
2017060111 3.806
2017060112 3.62
2017060113 3.843
2017060114 4.045
2017060115 4.552
2017060116 6.105
2017060117 7.169
2017060118 8.549
2017060119 10.207
2017060120 11.824
2017060121 13.459
2017060122 14.524
2017060123 14.88
2017060200 13.529
2017060201 14.223
2017060202 14.903
2017060203 16.509
2017060204 17.534
2017060205 15.117
2017060206 10.499
2017060207 13.208
2017060208 10.845
2017060209 nan
2017060210 5.02
2017060211 3.881
2017060212 4.255
2017060213 5.033
2017060214 3.747
2017060215 3.979
2017060216 8.363
2017060217 nan
2017060218 12.644
2017060219 13.484
2017060220 13.477
2017060221 nan
2017060222 nan
2017060223 13.529
2017060300 13.554
2017060301 13.993
2017060302 13.669
2017060303 14.647
2017060304 14.214
2017060305 12.827
2017060306 13.106
2017060307 10.602
2017060308 8.304
2017060309 7.021
2017060310 3.943
2017060311 3.02
2017060312 2.583
2017060313 2.814
2017060314 2.868
2017060315 3.177
2017060316 3.899
2017060317 4.829
2017060318 5.426
2017060319 8.641
2017060320 9.193
2017060321 9.751
2017060322 11.142
2017060323 11.329
2017060400 7.693
2017060401 8.045
2017060402 8.562
2017060403 9.271
2017060404 10.199
2017060405 8.717
2017060406 8.268
2017060407 8.425
2017060408 8.227
2017060409 6.637
2017060410 4.601
2017060411 3.974
2017060412 3.487
2017060413 3.545
2017060414 3.741
2017060415 4.363
2017060416 5.052
2017060417 6.444
2017060418 8.211
2017060419 10.735
2017060420 11.451
2017060421 11.977
2017060422 12.532
2017060423 11.123
2017060500 18.437
2017060501 18.268
2017060502 17.407
2017060503 17.65
2017060504 17.778
2017060505 16.162
2017060506 17.537
2017060507 12.471
2017060508 8.302
2017060509 5.494
2017060510 3.983
2017060511 3.585
2017060512 3.503
2017060513 4.006
2017060514 3.983
2017060515 4.461
2017060516 6.678
2017060517 7.198
2017060518 7.616
2017060519 8.544
2017060520 7.86
2017060521 8.158
2017060522 6.706
2017060523 6.249
2017060600 7.613
2017060601 7.639
2017060602 8.294
2017060603 9.878
2017060604 10.423
2017060605 8.314
2017060606 8.849
2017060607 8.134
2017060608 6.568
2017060609 4.448
2017060610 3.257
2017060611 2.91
2017060612 2.819
2017060613 2.798
2017060614 2.898
2017060615 3.365
2017060616 3.95
2017060617 4.601
2017060618 4.608
2017060619 5.145
2017060620 4.61
2017060621 4.893
2017060622 4.427
2017060623 4.801
2017060700 3.586
2017060701 3.455
2017060702 3.996
2017060703 4.317
2017060704 4.572
2017060705 4.224
2017060706 3.76
2017060707 3.038
2017060708 2.687
2017060709 2.12
2017060710 1.823
2017060711 1.763
2017060712 1.795
2017060713 1.776
2017060714 1.963
2017060715 2.263
2017060716 2.866
2017060717 3.33
2017060718 3.599
2017060719 4.81
2017060720 5.398
2017060721 5.222
2017060722 5.347
2017060723 5.265
2017060800 5.681
2017060801 5.652
2017060802 5.629
2017060803 6.063
2017060804 6.219
2017060805 5.512
2017060806 5.69
2017060807 4.524
2017060808 3.301
2017060809 2.725
2017060810 2.254
2017060811 2.375
2017060812 2.279
2017060813 2.519
2017060814 2.587
2017060815 3.235
2017060816 4.391
2017060817 5.269
2017060818 6.244
2017060819 5.936
2017060820 8.579
2017060821 10.281
2017060822 10.744
2017060823 9.646
2017060900 10.8
2017060901 10.079
2017060902 9.75
2017060903 10.368
2017060904 10.438
2017060905 8.985
2017060906 9.906
2017060907 7.699
2017060908 5.593
2017060909 4.074
2017060910 2.686
2017060911 3.07
2017060912 2.967
2017060913 2.955
2017060914 3.032
2017060915 3.535
2017060916 4.645
2017060917 5.774
2017060918 6.781
2017060919 7.835
2017060920 7.324
2017060921 6.911
2017060922 7.083
2017060923 6.467
2017061000 7.334
2017061001 6.945
2017061002 7.67
2017061003 8.777
2017061004 9.717
2017061005 8.906
2017061006 8.653
2017061007 5.95
2017061008 4.524
2017061009 3.741
2017061010 3.111
2017061011 2.876
2017061012 2.459
2017061013 2.512
2017061014 2.433
2017061015 2.632
2017061016 3.019
2017061017 3.65
2017061018 4.231
2017061019 6.139
2017061020 7.189
2017061021 8.717
2017061022 9.663
2017061023 9.681
