2017060100 8.189
2017060101 7.21
2017060102 6.155
2017060103 5.282
2017060104 4.65
2017060105 4.163
2017060106 5.161
2017060107 6.721
2017060108 6.325
2017060109 6.292
2017060110 5.669
2017060111 3.552
2017060112 2.663
2017060113 2.319
2017060114 2.345
2017060115 2.802
2017060116 4.398
2017060117 7.06
2017060118 8.272
2017060119 8.447
2017060120 9.585
2017060121 10.248
2017060122 10.235
2017060123 9.997
2017060200 9.93
2017060201 7.486
2017060202 6.793
2017060203 6.181
2017060204 5.647
2017060205 4.397
2017060206 5.95
2017060207 4.78
2017060208 5.566
2017060209 nan
2017060210 2.93
2017060211 2.22
2017060212 2.192
2017060213 2.565
2017060214 1.984
2017060215 2.377
2017060216 7.604
2017060217 nan
2017060218 7.345
2017060219 7.879
2017060220 8.511
2017060221 nan
2017060222 nan
2017060223 9.93
2017060300 7.201
2017060301 6.663
2017060302 6.542
2017060303 6.241
2017060304 6.094
2017060305 4.269
2017060306 3.97
2017060307 3.434
2017060308 3.199
2017060309 2.351
2017060310 1.654
2017060311 1.36
2017060312 1.281
2017060313 1.349
2017060314 1.542
2017060315 1.837
2017060316 2.566
2017060317 3.01
2017060318 3.207
2017060319 4.378
2017060320 4.799
2017060321 5.141
2017060322 5.55
2017060323 6.057
2017060400 7.749
2017060401 8.83
2017060402 9.379
2017060403 8.745
2017060404 9.011
2017060405 6.631
2017060406 7.154
2017060407 6.72
2017060408 7.419
2017060409 6.294
2017060410 5.401
2017060411 3.619
2017060412 4.002
2017060413 4.325
2017060414 3.326
2017060415 3.512
2017060416 3.794
2017060417 4.738
2017060418 6.032
2017060419 7.993
2017060420 8.971
2017060421 9.093
2017060422 9.151
2017060423 7.374
2017060500 10.029
2017060501 10.464
2017060502 10.312
2017060503 10.132
2017060504 10.593
2017060505 8.669
2017060506 8.669
2017060507 9.661
2017060508 8.768
2017060509 8.042
2017060510 6.532
2017060511 4.914
2017060512 3.461
2017060513 3.128
2017060514 3.488
2017060515 3.621
2017060516 3.724
2017060517 4.738
2017060518 4.809
2017060519 5.248
2017060520 4.557
2017060521 3.877
2017060522 3.634
2017060523 3.996
2017060600 7.056
2017060601 6.479
2017060602 5.91
2017060603 5.547
2017060604 5.057
2017060605 4.227
2017060606 4.541
2017060607 5.49
2017060608 4.7
2017060609 3.566
2017060610 2.422
2017060611 1.698
2017060612 1.319
2017060613 1.127
2017060614 1.101
2017060615 1.252
2017060616 1.517
2017060617 1.872
2017060618 1.991
2017060619 3.129
2017060620 3.131
2017060621 2.907
2017060622 3.14
2017060623 3.415
2017060700 3.322
2017060701 3.421
2017060702 3.477
2017060703 3.543
2017060704 2.923
2017060705 2.399
2017060706 2.219
2017060707 2.886
2017060708 2.699
2017060709 2.049
2017060710 1.373
2017060711 1.078
2017060712 1.006
2017060713 1.151
2017060714 1.199
2017060715 1.281
2017060716 1.648
2017060717 2.039
2017060718 2.456
2017060719 3.477
2017060720 4.831
2017060721 4.47
2017060722 5.161
2017060723 6.198
2017060800 6.141
2017060801 5.673
2017060802 5.177
2017060803 4.701
2017060804 4.475
2017060805 3.763
2017060806 4.07
2017060807 4.975
2017060808 5.495
2017060809 4.843
2017060810 3.426
2017060811 2.551
2017060812 1.88
2017060813 1.714
2017060814 1.732
2017060815 1.892
2017060816 2.778
2017060817 4.151
2017060818 5.199
2017060819 6.123
2017060820 6.901
2017060821 7.195
2017060822 7.139
2017060823 5.672
2017060900 4.862
2017060901 4.463
2017060902 4.007
2017060903 3.682
2017060904 3.755
2017060905 4.204
2017060906 4.338
2017060907 6.485
2017060908 5.375
2017060909 5.301
2017060910 3.614
2017060911 2.487
2017060912 1.853
2017060913 1.787
2017060914 1.777
2017060915 2.344
2017060916 3.774
2017060917 5.252
2017060918 7.259
2017060919 7.591
2017060920 8.276
2017060921 9.089
2017060922 9.803
2017060923 10.067
2017061000 9.609
2017061001 9.495
2017061002 9.884
2017061003 10.721
2017061004 11.444
2017061005 10.306
2017061006 9.143
2017061007 8.019
2017061008 5.545
2017061009 4.855
2017061010 2.94
2017061011 1.622
2017061012 1.262
2017061013 1.229
2017061014 1.257
2017061015 1.352
2017061016 2.069
2017061017 2.848
2017061018 4.431
2017061019 4.643
2017061020 4.312
2017061021 5.093
2017061022 6.508
2017061023 7.452
