2017060100 4.666
2017060101 4.213
2017060102 3.947
2017060103 3.872
2017060104 3.383
2017060105 2.979
2017060106 3.026
2017060107 2.349
2017060108 1.598
2017060109 1.044
2017060110 0.763
2017060111 0.672
2017060112 0.614
2017060113 0.592
2017060114 0.649
2017060115 0.759
2017060116 1.031
2017060117 1.45
2017060118 2.217
2017060119 3.517
2017060120 4.372
2017060121 4.667
2017060122 5.471
2017060123 4.903
2017060200 3.863
2017060201 2.785
2017060202 2.595
2017060203 2.524
2017060204 2.727
2017060205 2.945
2017060206 1.877
2017060207 1.715
2017060208 1.126
2017060209 nan
2017060210 0.637
2017060211 0.522
2017060212 0.604
2017060213 0.708
2017060214 0.62
2017060215 0.699
2017060216 2.009
2017060217 nan
2017060218 2.72
2017060219 2.815
2017060220 3.249
2017060221 nan
2017060222 nan
2017060223 3.863
2017060300 3.42
2017060301 3.205
2017060302 3.002
2017060303 3.04
2017060304 3.346
2017060305 2.79
2017060306 2.326
2017060307 1.681
2017060308 1.019
2017060309 0.749
2017060310 0.581
2017060311 0.518
2017060312 0.5
2017060313 0.513
2017060314 0.549
2017060315 0.611
2017060316 0.762
2017060317 1.051
2017060318 1.497
2017060319 2.392
2017060320 3.195
2017060321 3.218
2017060322 3.186
2017060323 3.012
2017060400 3.429
2017060401 3.581
2017060402 3.549
2017060403 3.526
2017060404 3.444
2017060405 2.363
2017060406 1.872
2017060407 1.25
2017060408 0.783
2017060409 0.627
2017060410 0.582
2017060411 0.573
2017060412 0.556
2017060413 0.584
2017060414 0.615
2017060415 0.606
2017060416 0.7
2017060417 0.897
2017060418 1.139
2017060419 1.858
2017060420 2.712
2017060421 2.605
2017060422 2.558
2017060423 2.246
2017060500 2.908
2017060501 2.84
2017060502 2.802
2017060503 2.936
2017060504 2.63
2017060505 2.744
2017060506 2.389
2017060507 1.736
2017060508 1.397
2017060509 1.18
2017060510 0.826
2017060511 0.728
2017060512 0.579
2017060513 0.542
2017060514 0.602
2017060515 0.785
2017060516 1.046
2017060517 1.234
2017060518 1.435
2017060519 1.965
2017060520 2.362
2017060521 2.534
2017060522 2.714
2017060523 2.467
2017060600 2.141
2017060601 1.817
2017060602 1.629
2017060603 1.58
2017060604 1.524
2017060605 1.159
2017060606 1.186
2017060607 1.137
2017060608 0.939
2017060609 0.777
2017060610 0.705
2017060611 0.64
2017060612 0.654
2017060613 0.733
2017060614 0.818
2017060615 1.003
2017060616 1.406
2017060617 1.758
2017060618 2.208
2017060619 2.666
2017060620 2.949
2017060621 2.898
2017060622 2.592
2017060623 2.374
2017060700 1.645
2017060701 1.649
2017060702 1.71
2017060703 1.808
2017060704 1.851
2017060705 1.098
2017060706 1.164
2017060707 1.195
2017060708 0.923
2017060709 0.661
2017060710 0.505
2017060711 0.443
2017060712 0.424
2017060713 0.443
2017060714 0.478
2017060715 0.579
2017060716 0.833
2017060717 1.134
2017060718 2.023
2017060719 3.148
2017060720 3.469
2017060721 4.278
2017060722 3.74
2017060723 3.295
2017060800 2.652
2017060801 2.601
2017060802 2.481
2017060803 2.489
2017060804 2.238
2017060805 1.772
2017060806 1.8
2017060807 1.272
2017060808 0.952
2017060809 0.678
2017060810 0.516
2017060811 0.43
2017060812 0.426
2017060813 0.444
2017060814 0.468
2017060815 0.574
2017060816 0.798
2017060817 1.068
2017060818 1.422
2017060819 2.324
2017060820 2.859
2017060821 3.426
2017060822 4.19
2017060823 3.941
2017060900 3.637
2017060901 3.5
2017060902 3.595
2017060903 3.455
2017060904 3.328
2017060905 2.981
2017060906 2.662
2017060907 1.886
2017060908 1.234
2017060909 0.832
2017060910 0.602
2017060911 0.523
2017060912 0.52
2017060913 0.554
2017060914 0.589
2017060915 0.692
2017060916 0.931
2017060917 1.22
2017060918 1.479
2017060919 2.278
2017060920 2.558
2017060921 3.089
2017060922 4.568
2017060923 4.785
2017061000 4.13
2017061001 3.786
2017061002 3.833
2017061003 3.834
2017061004 4.2
2017061005 3.37
2017061006 2.752
2017061007 1.916
2017061008 0.993
2017061009 0.743
2017061010 0.588
2017061011 0.53
2017061012 0.499
2017061013 0.556
2017061014 0.508
2017061015 0.537
2017061016 0.68
2017061017 1.061
2017061018 1.824
2017061019 3.222
2017061020 4.026
2017061021 3.901
2017061022 3.587
2017061023 3.333
