2017060100 129.294
2017060101 128.114
2017060102 124.978
2017060103 123.167
2017060104 120.37
2017060105 118.533
2017060106 115.897
2017060107 113.866
2017060108 112.615
2017060109 108.971
2017060110 107.924
2017060111 107.603
2017060112 107.796
2017060113 108.542
2017060114 109.474
2017060115 110.131
2017060116 110.688
2017060117 110.332
2017060118 109.71
2017060119 116.022
2017060120 117.02
2017060121 117.958
2017060122 119.269
2017060123 121.706
2017060200 130.85
2017060201 127.125
2017060202 128.149
2017060203 129.477
2017060204 130.828
2017060205 132.466
2017060206 127.554
2017060207 131.546
2017060208 132.954
2017060209 nan
2017060210 122.872
2017060211 107.547
2017060212 108.981
2017060213 109.802
2017060214 122.504
2017060215 122.779
2017060216 118.403
2017060217 nan
2017060218 121.133
2017060219 123.74
2017060220 126.427
2017060221 nan
2017060222 nan
2017060223 130.85
2017060300 133.33
2017060301 132.55
2017060302 132.815
2017060303 133.047
2017060304 133.818
2017060305 135.939
2017060306 140.031
2017060307 141.816
2017060308 139.406
2017060309 137
2017060310 130.321
2017060311 128.157
2017060312 126.665
2017060313 125.579
2017060314 126.995
2017060315 129.183
2017060316 131.543
2017060317 132.498
2017060318 133.671
2017060319 136.458
2017060320 136.503
2017060321 138.04
2017060322 139.283
2017060323 141.013
2017060400 141.904
2017060401 143.322
2017060402 145.047
2017060403 148.288
2017060404 149.639
2017060405 150.853
2017060406 156.066
2017060407 159.938
2017060408 151.535
2017060409 149.391
2017060410 149.018
2017060411 148.278
2017060412 149.843
2017060413 147.415
2017060414 151.001
2017060415 151.518
2017060416 145.842
2017060417 143.68
2017060418 143.835
2017060419 147.021
2017060420 150.667
2017060421 155.532
2017060422 157.968
2017060423 155.476
2017060500 129.307
2017060501 129.301
2017060502 130.51
2017060503 131.73
2017060504 134.687
2017060505 129.124
2017060506 130.098
2017060507 124.909
2017060508 122.001
2017060509 118.948
2017060510 116.76
2017060511 115.531
2017060512 114.49
2017060513 113.047
2017060514 112.007
2017060515 111.663
2017060516 112.368
2017060517 113.154
2017060518 115.884
2017060519 116.931
2017060520 117.665
2017060521 125.594
2017060522 133.282
2017060523 139.103
2017060600 133.059
2017060601 135.865
2017060602 139.384
2017060603 141.391
2017060604 146.541
2017060605 145.384
2017060606 143.041
2017060607 139.717
2017060608 138.578
2017060609 135.579
2017060610 135.092
2017060611 134.771
2017060612 135.077
2017060613 134.876
2017060614 135.266
2017060615 134.784
2017060616 126.707
2017060617 122.977
2017060618 125.372
2017060619 125.227
2017060620 123.682
2017060621 118.939
2017060622 117.703
2017060623 115.867
2017060700 123.454
2017060701 119.974
2017060702 118.962
2017060703 118.711
2017060704 116.173
2017060705 113.171
2017060706 113.111
2017060707 109.805
2017060708 107.032
2017060709 105.085
2017060710 103.147
2017060711 101.07
2017060712 100.033
2017060713 100.744
2017060714 102.042
2017060715 103.505
2017060716 105.971
2017060717 108.416
2017060718 110.41
2017060719 111.203
2017060720 111.275
2017060721 110.56
2017060722 109.331
2017060723 110.348
2017060800 111.812
2017060801 110.602
2017060802 112.065
2017060803 112.72
2017060804 114.898
2017060805 117.781
2017060806 119.377
2017060807 117.421
2017060808 116.441
2017060809 109.063
2017060810 109.848
2017060811 109.759
2017060812 108.369
2017060813 107.555
2017060814 107.075
2017060815 106.598
2017060816 109.879
2017060817 112.032
2017060818 113.195
2017060819 115.759
2017060820 112.559
2017060821 111.574
2017060822 112.843
2017060823 114.524
2017060900 114.735
2017060901 113.729
2017060902 113.558
2017060903 113.731
2017060904 116.653
2017060905 121.745
2017060906 128.744
2017060907 129.473
2017060908 126.908
2017060909 122.664
2017060910 117.738
2017060911 113.908
2017060912 113.417
2017060913 110.028
2017060914 111.566
2017060915 109.943
2017060916 112.996
2017060917 113.695
2017060918 117.347
2017060919 116.15
2017060920 113.219
2017060921 109.677
2017060922 110.877
2017060923 110.455
2017061000 119.503
2017061001 123.091
2017061002 123.836
2017061003 121.766
2017061004 124.517
2017061005 122.547
2017061006 132.107
2017061007 139.858
2017061008 135.34
2017061009 134.384
2017061010 132.581
2017061011 129.367
2017061012 125.906
2017061013 125.892
2017061014 123.786
2017061015 119.544
2017061016 118.932
2017061017 120.71
2017061018 124.797
2017061019 128.37
2017061020 126.333
2017061021 122.778
2017061022 119.65
2017061023 116.889
