2017060100 7.412
2017060101 7.31
2017060102 7.011
2017060103 6.71
2017060104 6.894
2017060105 5.754
2017060106 5.469
2017060107 6.209
2017060108 4.313
2017060109 3.374
2017060110 2.195
2017060111 1.394
2017060112 1.142
2017060113 1.118
2017060114 1.154
2017060115 1.374
2017060116 1.956
2017060117 2.796
2017060118 3.965
2017060119 5.425
2017060120 5.585
2017060121 6.241
2017060122 6.654
2017060123 7.191
2017060200 7.745
2017060201 6.971
2017060202 6.548
2017060203 6.089
2017060204 5.502
2017060205 4.981
2017060206 4.476
2017060207 4.269
2017060208 3.54
2017060209 nan
2017060210 1.434
2017060211 1.007
2017060212 1.154
2017060213 1.372
2017060214 1.157
2017060215 1.438
2017060216 3.437
2017060217 nan
2017060218 5.796
2017060219 6.54
2017060220 7.158
2017060221 nan
2017060222 nan
2017060223 7.745
2017060300 5.711
2017060301 5.532
2017060302 5.387
2017060303 5.593
2017060304 5.854
2017060305 5.436
2017060306 4.579
2017060307 4.476
2017060308 2.631
2017060309 1.48
2017060310 1.045
2017060311 0.861
2017060312 0.819
2017060313 0.815
2017060314 0.898
2017060315 1.001
2017060316 1.474
2017060317 1.711
2017060318 2.528
2017060319 3.054
2017060320 3.372
2017060321 3.72
2017060322 4.295
2017060323 4.841
2017060400 6.643
2017060401 6.812
2017060402 7.226
2017060403 7.798
2017060404 7.735
2017060405 6.476
2017060406 5.835
2017060407 5.66
2017060408 4.894
2017060409 4.159
2017060410 3.379
2017060411 2.679
2017060412 2.022
2017060413 1.769
2017060414 1.795
2017060415 1.826
2017060416 2.172
2017060417 3.07
2017060418 2.918
2017060419 3.565
2017060420 3.805
2017060421 3.466
2017060422 3.221
2017060423 2.442
2017060500 4.766
2017060501 4.991
2017060502 5.139
2017060503 5.846
2017060504 5.871
2017060505 4.808
2017060506 4.925
2017060507 4.394
2017060508 3.673
2017060509 3.144
2017060510 2.331
2017060511 1.746
2017060512 1.496
2017060513 1.273
2017060514 1.124
2017060515 1.195
2017060516 1.439
2017060517 1.947
2017060518 2.365
2017060519 2.739
2017060520 3.484
2017060521 3.786
2017060522 4.41
2017060523 4.72
2017060600 4.842
2017060601 5.104
2017060602 4.847
2017060603 4.435
2017060604 3.949
2017060605 3.361
2017060606 3.305
2017060607 2.206
2017060608 1.947
2017060609 1.252
2017060610 0.804
2017060611 0.601
2017060612 0.551
2017060613 0.561
2017060614 0.561
2017060615 0.666
2017060616 0.669
2017060617 1.078
2017060618 1.308
2017060619 1.628
2017060620 2.159
2017060621 2.343
2017060622 2.663
2017060623 2.886
2017060700 3.13
2017060701 3.164
2017060702 3.123
2017060703 2.774
2017060704 2.471
2017060705 2.106
2017060706 1.733
2017060707 1.479
2017060708 1.442
2017060709 0.903
2017060710 0.739
2017060711 0.655
2017060712 0.662
2017060713 0.626
2017060714 0.626
2017060715 0.736
2017060716 0.845
2017060717 1.203
2017060718 1.761
2017060719 2.801
2017060720 3.343
2017060721 2.977
2017060722 3.303
2017060723 3.796
2017060800 4.532
2017060801 4.203
2017060802 4.133
2017060803 4.239
2017060804 4.694
2017060805 3.899
2017060806 3.541
2017060807 3.89
2017060808 3.209
2017060809 2.002
2017060810 1.376
2017060811 1.077
2017060812 0.901
2017060813 0.865
2017060814 0.854
2017060815 0.965
2017060816 1.21
2017060817 1.778
2017060818 2.434
2017060819 3.655
2017060820 4.851
2017060821 5.125
2017060822 5.212
2017060823 5.184
2017060900 4.992
2017060901 4.639
2017060902 4.426
2017060903 4.364
2017060904 4.584
2017060905 3.786
2017060906 3.557
2017060907 3.799
2017060908 2.636
2017060909 1.742
2017060910 1.426
2017060911 1.127
2017060912 1.023
2017060913 1.292
2017060914 1.468
2017060915 1.559
2017060916 2.365
2017060917 3.388
2017060918 4.083
2017060919 5.414
2017060920 6.851
2017060921 6.777
2017060922 6.964
2017060923 6.855
2017061000 6.568
2017061001 6.168
2017061002 6.082
2017061003 6.139
2017061004 6.167
2017061005 5.124
2017061006 4.075
2017061007 4.113
2017061008 2.965
2017061009 1.519
2017061010 1.008
2017061011 0.808
2017061012 0.684
2017061013 0.63
2017061014 0.681
2017061015 0.75
2017061016 1.03
2017061017 1.151
2017061018 1.596
2017061019 2.79
2017061020 3.691
2017061021 4.678
2017061022 4.679
2017061023 5.895
