2017060100 18.14
2017060101 15.722
2017060102 13.046
2017060103 11.374
2017060104 10.824
2017060105 10.601
2017060106 10.538
2017060107 10.763
2017060108 8.765
2017060109 6.058
2017060110 3.903
2017060111 2.834
2017060112 2.62
2017060113 2.74
2017060114 3.103
2017060115 3.67
2017060116 5.676
2017060117 9.094
2017060118 12.907
2017060119 14.051
2017060120 17.28
2017060121 15.366
2017060122 14.598
2017060123 15.074
2017060200 16.234
2017060201 17.33
2017060202 14.767
2017060203 13.106
2017060204 12.122
2017060205 10.293
2017060206 15.224
2017060207 12.594
2017060208 9.825
2017060209 nan
2017060210 4.974
2017060211 3.263
2017060212 3.677
2017060213 4.373
2017060214 3.506
2017060215 4.486
2017060216 12.971
2017060217 nan
2017060218 19.392
2017060219 21.991
2017060220 23.625
2017060221 nan
2017060222 nan
2017060223 16.234
2017060300 15.696
2017060301 14.472
2017060302 13.451
2017060303 14.129
2017060304 14.332
2017060305 7.701
2017060306 9.339
2017060307 8.628
2017060308 5.493
2017060309 4.02
2017060310 2.81
2017060311 2.317
2017060312 2.161
2017060313 2.279
2017060314 2.624
2017060315 3.079
2017060316 4.639
2017060317 5.3
2017060318 6.078
2017060319 8.181
2017060320 10.54
2017060321 11.385
2017060322 13.97
2017060323 14.306
2017060400 16.033
2017060401 17.797
2017060402 18.694
2017060403 20.048
2017060404 18.182
2017060405 13.438
2017060406 13.22
2017060407 10.07
2017060408 6.862
2017060409 4.869
2017060410 3.882
2017060411 3.497
2017060412 3.237
2017060413 3.433
2017060414 4.051
2017060415 4.865
2017060416 5.941
2017060417 7.678
2017060418 9.198
2017060419 10.52
2017060420 11.465
2017060421 11.458
2017060422 11.152
2017060423 10.054
2017060500 12.128
2017060501 12.044
2017060502 12.028
2017060503 12.971
2017060504 14.617
2017060505 14.38
2017060506 14.632
2017060507 13.6
2017060508 11.325
2017060509 8.899
2017060510 6.528
2017060511 4.61
2017060512 3.887
2017060513 4.056
2017060514 4.676
2017060515 5.89
2017060516 7.475
2017060517 7.955
2017060518 9.492
2017060519 11.902
2017060520 12.758
2017060521 12.764
2017060522 11.367
2017060523 8.756
2017060600 20.57
2017060601 17.234
2017060602 13.706
2017060603 10.365
2017060604 8.471
2017060605 5.767
2017060606 6.24
2017060607 7.434
2017060608 5.94
2017060609 4.495
2017060610 3.038
2017060611 2.172
2017060612 1.906
2017060613 1.669
2017060614 1.613
2017060615 1.98
2017060616 2.31
2017060617 2.715
2017060618 3.227
2017060619 4.809
2017060620 5.399
2017060621 5.845
2017060622 6.481
2017060623 5.503
2017060700 5.213
2017060701 4.728
2017060702 4.295
2017060703 4.176
2017060704 4.208
2017060705 4.244
2017060706 4.303
2017060707 4.271
2017060708 3.241
2017060709 2.032
2017060710 1.775
2017060711 1.558
2017060712 1.459
2017060713 1.943
2017060714 1.944
2017060715 2.269
2017060716 3.172
2017060717 4.188
2017060718 5.213
2017060719 8.81
2017060720 11.032
2017060721 10.324
2017060722 11.79
2017060723 11.939
2017060800 10.987
2017060801 11.9
2017060802 11.846
2017060803 10.746
2017060804 9.306
2017060805 6.526
2017060806 10.049
2017060807 8.912
2017060808 6.956
2017060809 6.095
2017060810 4.868
2017060811 3.872
2017060812 3.186
2017060813 2.866
2017060814 2.678
2017060815 2.99
2017060816 4.708
2017060817 8.115
2017060818 11.389
2017060819 13.115
2017060820 14.105
2017060821 11.424
2017060822 11.141
2017060823 11.525
2017060900 11.242
2017060901 10.303
2017060902 9.335
2017060903 8.195
2017060904 7.621
2017060905 6.937
2017060906 10.118
2017060907 10.577
2017060908 7.837
2017060909 5.682
2017060910 3.92
2017060911 3.102
2017060912 2.954
2017060913 2.927
2017060914 3.147
2017060915 3.736
2017060916 6.691
2017060917 9.729
2017060918 13.71
2017060919 16.954
2017060920 19.742
2017060921 20.754
2017060922 18.033
2017060923 18.015
2017061000 17.658
2017061001 17.847
2017061002 18.58
2017061003 19.944
2017061004 21.138
2017061005 21.333
2017061006 18.938
2017061007 12.621
2017061008 8.483
2017061009 6.6
2017061010 3.814
2017061011 2.517
2017061012 2.029
2017061013 1.936
2017061014 2.112
2017061015 2.379
2017061016 3.32
2017061017 7.063
2017061018 9.197
2017061019 11.708
2017061020 14.691
2017061021 15.35
2017061022 14.814
2017061023 13.173
