2017060100 197.751
2017060101 197.222
2017060102 194.075
2017060103 188.194
2017060104 171.582
2017060105 164.449
2017060106 163.58
2017060107 158.444
2017060108 154.122
2017060109 143.5
2017060110 139.481
2017060111 137.006
2017060112 135.715
2017060113 136.217
2017060114 136.175
2017060115 137.907
2017060116 148.142
2017060117 152.938
2017060118 175.801
2017060119 180.118
2017060120 186.587
2017060121 185.438
2017060122 183.356
2017060123 170.977
2017060200 192.334
2017060201 179.335
2017060202 185.518
2017060203 193.396
2017060204 184.277
2017060205 185.483
2017060206 166.427
2017060207 173.678
2017060208 171.164
2017060209 nan
2017060210 149.5
2017060211 135.835
2017060212 135.854
2017060213 139.03
2017060214 139.84
2017060215 143.381
2017060216 165.559
2017060217 nan
2017060218 180.241
2017060219 186.4
2017060220 181.148
2017060221 nan
2017060222 nan
2017060223 192.334
2017060300 205.505
2017060301 207.285
2017060302 208.75
2017060303 204.247
2017060304 199.682
2017060305 189.082
2017060306 188.261
2017060307 184.887
2017060308 176.813
2017060309 168.785
2017060310 171.655
2017060311 170.899
2017060312 166.439
2017060313 163.601
2017060314 162.896
2017060315 162.326
2017060316 180.604
2017060317 186.173
2017060318 192.245
2017060319 205.184
2017060320 221.984
2017060321 219.286
2017060322 211.181
2017060323 202.272
2017060400 178.347
2017060401 177.461
2017060402 171.545
2017060403 168.372
2017060404 169.246
2017060405 173.516
2017060406 165.322
2017060407 166.168
2017060408 164.351
2017060409 159.885
2017060410 157.068
2017060411 153.553
2017060412 145.391
2017060413 142.059
2017060414 137.186
2017060415 135.86
2017060416 140.392
2017060417 142.761
2017060418 150.454
2017060419 150.661
2017060420 148.843
2017060421 148.976
2017060422 148.757
2017060423 145.806
2017060500 182.917
2017060501 173.683
2017060502 168.389
2017060503 164.544
2017060504 162.921
2017060505 163.763
2017060506 169.746
2017060507 164.209
2017060508 159.75
2017060509 152.765
2017060510 145.273
2017060511 141.063
2017060512 139.763
2017060513 141.386
2017060514 142.812
2017060515 145.894
2017060516 149.08
2017060517 152.97
2017060518 155.274
2017060519 169.233
2017060520 179.565
2017060521 183.322
2017060522 181.932
2017060523 177.395
2017060600 156.874
2017060601 157.265
2017060602 160.328
2017060603 159.755
2017060604 155.599
2017060605 146.41
2017060606 144.988
2017060607 145.909
2017060608 136.712
2017060609 128.011
2017060610 124.898
2017060611 123.846
2017060612 122.191
2017060613 119.11
2017060614 117.52
2017060615 119.966
2017060616 143.134
2017060617 147.866
2017060618 140.209
2017060619 130.522
2017060620 123.854
2017060621 118.217
2017060622 118.527
2017060623 116.415
2017060700 119.421
2017060701 120.574
2017060702 121.538
2017060703 120.883
2017060704 120.565
2017060705 122.588
2017060706 126.322
2017060707 127.849
2017060708 126.907
2017060709 122.404
2017060710 119.494
2017060711 119.598
2017060712 118.384
2017060713 119.181
2017060714 118.858
2017060715 120.122
2017060716 121.422
2017060717 123.656
2017060718 124.313
2017060719 129.361
2017060720 130.191
2017060721 130.255
2017060722 131.503
2017060723 129.515
2017060800 128.286
2017060801 129.12
2017060802 131.822
2017060803 136.122
2017060804 140.293
2017060805 141.557
2017060806 145.801
2017060807 135.949
2017060808 131.134
2017060809 125.596
2017060810 123.904
2017060811 123.838
2017060812 125.146
2017060813 125.278
2017060814 126.541
2017060815 127.09
2017060816 132.114
2017060817 135.666
2017060818 140.912
2017060819 155.676
2017060820 167.112
2017060821 166.937
2017060822 167.961
2017060823 176.549
2017060900 170.019
2017060901 172.028
2017060902 171.713
2017060903 173.055
2017060904 178.146
2017060905 178.256
2017060906 191.694
2017060907 185.678
2017060908 179.351
2017060909 155.885
2017060910 141.435
2017060911 134.636
2017060912 130.327
2017060913 125.318
2017060914 122.528
2017060915 123.525
2017060916 127.726
2017060917 129.142
2017060918 135.976
2017060919 139.158
2017060920 147.349
2017060921 152.443
2017060922 149.974
2017060923 135.18
2017061000 159.199
2017061001 144.007
2017061002 141.379
2017061003 148.834
2017061004 157.62
2017061005 156.94
2017061006 157.494
2017061007 150.402
2017061008 145.612
2017061009 143.53
2017061010 141.942
2017061011 140.68
2017061012 140.952
2017061013 140.825
2017061014 139.914
2017061015 137.949
2017061016 141.952
2017061017 141.107
2017061018 145.192
2017061019 152.542
2017061020 153.153
2017061021 151.092
2017061022 148.892
2017061023 147.312
