2017060100 128.549
2017060101 128.371
2017060102 129.54
2017060103 131.372
2017060104 131.297
2017060105 130.284
2017060106 129.212
2017060107 128.833
2017060108 128.484
2017060109 126.503
2017060110 125.201
2017060111 125.19
2017060112 128.469
2017060113 127.696
2017060114 124.589
2017060115 124.23
2017060116 122.766
2017060117 121.915
2017060118 119.242
2017060119 125.675
2017060120 128.085
2017060121 129.817
2017060122 126.034
2017060123 125.916
2017060200 117.606
2017060201 117.182
2017060202 117.763
2017060203 117.736
2017060204 119.76
2017060205 120.479
2017060206 133.362
2017060207 126.319
2017060208 119.812
2017060209 nan
2017060210 113.532
2017060211 132.617
2017060212 122.654
2017060213 118.738
2017060214 114.045
2017060215 114.381
2017060216 120.604
2017060217 nan
2017060218 120.907
2017060219 120.829
2017060220 119.52
2017060221 nan
2017060222 nan
2017060223 117.606
2017060300 118.806
2017060301 121.04
2017060302 122.147
2017060303 122.542
2017060304 122.35
2017060305 122.894
2017060306 126.338
2017060307 128.036
2017060308 129.812
2017060309 119.048
2017060310 118.604
2017060311 122.264
2017060312 125.195
2017060313 126.201
2017060314 125.711
2017060315 125.686
2017060316 128.942
2017060317 129.522
2017060318 130.421
2017060319 130.18
2017060320 129.022
2017060321 126.685
2017060322 125.015
2017060323 127.514
2017060400 121.578
2017060401 122.16
2017060402 123.77
2017060403 124.787
2017060404 124.979
2017060405 124.282
2017060406 125.788
2017060407 119.405
2017060408 125.058
2017060409 127.132
2017060410 122.759
2017060411 120.429
2017060412 119.093
2017060413 116.987
2017060414 116.242
2017060415 114.09
2017060416 112.146
2017060417 111.719
2017060418 114.188
2017060419 112.989
2017060420 109.699
2017060421 111.536
2017060422 119.025
2017060423 117.096
2017060500 125.879
2017060501 125.867
2017060502 125.672
2017060503 125.476
2017060504 126.196
2017060505 120.119
2017060506 120.35
2017060507 122.576
2017060508 118.869
2017060509 115.362
2017060510 115.669
2017060511 113.791
2017060512 110.525
2017060513 106.574
2017060514 104.67
2017060515 105.273
2017060516 105.837
2017060517 105.754
2017060518 105.311
2017060519 106.566
2017060520 106.64
2017060521 109.054
2017060522 108.785
2017060523 109.346
2017060600 111.431
2017060601 110.591
2017060602 109.588
2017060603 108.871
2017060604 108.154
2017060605 105.939
2017060606 105.059
2017060607 104.847
2017060608 100.589
2017060609 101.397
2017060610 101.978
2017060611 102.147
2017060612 105.37
2017060613 107.501
2017060614 109.766
2017060615 111.902
2017060616 109.844
2017060617 111.33
2017060618 112.95
2017060619 108.577
2017060620 102.161
2017060621 103.346
2017060622 103
2017060623 103.481
2017060700 102.032
2017060701 103.379
2017060702 103.459
2017060703 105.328
2017060704 103.659
2017060705 97.944
2017060706 102.033
2017060707 103.692
2017060708 101.295
2017060709 98.043
2017060710 95.143
2017060711 92.851
2017060712 93.102
2017060713 96.057
2017060714 99.629
2017060715 101.252
2017060716 102.241
2017060717 102.583
2017060718 104.833
2017060719 104.112
2017060720 100.14
2017060721 98.977
2017060722 97.841
2017060723 97.051
2017060800 100.029
2017060801 99.116
2017060802 98.6
2017060803 97.767
2017060804 99.323
2017060805 98.095
2017060806 103.111
2017060807 104.702
2017060808 103.514
2017060809 99.222
2017060810 96.592
2017060811 96.283
2017060812 97.207
2017060813 98.878
2017060814 99.843
2017060815 101.071
2017060816 100.684
2017060817 101.29
2017060818 103.671
2017060819 105.691
2017060820 105.922
2017060821 107.112
2017060822 104.789
2017060823 105.05
2017060900 103.851
2017060901 103.972
2017060902 104.079
2017060903 103.881
2017060904 103.076
2017060905 104.838
2017060906 107.14
2017060907 106.971
2017060908 107.582
2017060909 101.195
2017060910 105.064
2017060911 107.796
2017060912 105.853
2017060913 100.39
2017060914 99.249
2017060915 100.319
2017060916 103.177
2017060917 106.133
2017060918 110.023
2017060919 110.44
2017060920 110.465
2017060921 110.684
2017060922 110.239
2017060923 109.477
2017061000 103.033
2017061001 103.539
2017061002 105.671
2017061003 105.522
2017061004 104.177
2017061005 105.086
2017061006 107.465
2017061007 108.563
2017061008 109.974
2017061009 110.67
2017061010 101.737
2017061011 100.375
2017061012 102.329
2017061013 103.334
2017061014 103.649
2017061015 103.806
2017061016 104.22
2017061017 105.351
2017061018 106.918
2017061019 107.916
2017061020 108.123
2017061021 108.553
2017061022 108.386
2017061023 107.709
