2017060100 177.383
2017060101 167.175
2017060102 158.874
2017060103 152.526
2017060104 151.449
2017060105 146.143
2017060106 152.383
2017060107 163.804
2017060108 167.721
2017060109 178.239
2017060110 178.317
2017060111 158.601
2017060112 152.353
2017060113 152.305
2017060114 157.214
2017060115 162.57
2017060116 170.004
2017060117 180.622
2017060118 183.891
2017060119 179.092
2017060120 180.792
2017060121 179.443
2017060122 183.915
2017060123 184.216
2017060200 172.375
2017060201 172.127
2017060202 162.981
2017060203 153.249
2017060204 144.075
2017060205 141.841
2017060206 174.483
2017060207 154.386
2017060208 157.886
2017060209 nan
2017060210 152.447
2017060211 156.559
2017060212 165.4
2017060213 170.508
2017060214 156.431
2017060215 156.193
2017060216 178.578
2017060217 nan
2017060218 170.181
2017060219 170.838
2017060220 180.547
2017060221 nan
2017060222 nan
2017060223 172.375
2017060300 139.719
2017060301 136.449
2017060302 133.966
2017060303 131.549
2017060304 129.998
2017060305 129.878
2017060306 131.307
2017060307 130.799
2017060308 136.081
2017060309 138.835
2017060310 129.33
2017060311 128.949
2017060312 129.481
2017060313 131.222
2017060314 133.418
2017060315 132.865
2017060316 135.377
2017060317 129.059
2017060318 127.554
2017060319 132.41
2017060320 136.182
2017060321 140.483
2017060322 145.508
2017060323 148.77
2017060400 159.993
2017060401 161.416
2017060402 164.25
2017060403 160.673
2017060404 157.377
2017060405 154.151
2017060406 158.945
2017060407 164.249
2017060408 166.156
2017060409 169.694
2017060410 159.329
2017060411 160.731
2017060412 164.362
2017060413 161.933
2017060414 157.649
2017060415 157.594
2017060416 163.747
2017060417 182.161
2017060418 183.859
2017060419 168.465
2017060420 168.36
2017060421 174.924
2017060422 170.159
2017060423 153.773
2017060500 172.321
2017060501 175.608
2017060502 178.789
2017060503 183.156
2017060504 185.73
2017060505 179.832
2017060506 183.928
2017060507 183.142
2017060508 181.2
2017060509 178.311
2017060510 168.857
2017060511 163.168
2017060512 154.384
2017060513 159.741
2017060514 160.667
2017060515 161.59
2017060516 165.842
2017060517 164.274
2017060518 157.491
2017060519 150.241
2017060520 142.337
2017060521 133.833
2017060522 133.253
2017060523 132.331
2017060600 160.251
2017060601 163.669
2017060602 161.334
2017060603 156.098
2017060604 149.088
2017060605 143.005
2017060606 145.913
2017060607 148.301
2017060608 137.675
2017060609 133.303
2017060610 123.498
2017060611 113.589
2017060612 107.644
2017060613 105.698
2017060614 105.646
2017060615 106.8
2017060616 109.401
2017060617 109.279
2017060618 108.616
2017060619 112.134
2017060620 114.557
2017060621 115.063
2017060622 113.438
2017060623 111.974
2017060700 111.593
2017060701 110.515
2017060702 111.048
2017060703 110.594
2017060704 110.776
2017060705 111.309
2017060706 117.298
2017060707 123.078
2017060708 114.265
2017060709 108.298
2017060710 103.773
2017060711 103.183
2017060712 102.427
2017060713 104.125
2017060714 104.881
2017060715 105.633
2017060716 108.527
2017060717 110.526
2017060718 108.292
2017060719 110.961
2017060720 122.878
2017060721 119.479
2017060722 118.686
2017060723 121.792
2017060800 115.76
2017060801 115.483
2017060802 114.283
2017060803 113.763
2017060804 115.493
2017060805 115.377
2017060806 124.467
2017060807 123.189
2017060808 134.131
2017060809 134.643
2017060810 133.441
2017060811 132.256
2017060812 131.352
2017060813 129.466
2017060814 127.058
2017060815 132.59
2017060816 136.353
2017060817 143.915
2017060818 136.951
2017060819 139.479
2017060820 143.169
2017060821 144.65
2017060822 142.182
2017060823 136.862
2017060900 130.843
2017060901 126.657
2017060902 123.157
2017060903 119.744
2017060904 117.086
2017060905 119.683
2017060906 128.289
2017060907 136.693
2017060908 139.277
2017060909 142.575
2017060910 131.084
2017060911 130.664
2017060912 132.188
2017060913 131.278
2017060914 129.083
2017060915 130.29
2017060916 143.24
2017060917 139.583
2017060918 144.678
2017060919 146.613
2017060920 146.893
2017060921 145.579
2017060922 141.925
2017060923 137.483
2017061000 156.643
2017061001 154.908
2017061002 152.9
2017061003 155.355
2017061004 158.411
2017061005 161.214
2017061006 164.017
2017061007 162.955
2017061008 158.604
2017061009 148.504
2017061010 135.354
2017061011 125.268
2017061012 122.286
2017061013 120.683
2017061014 121.56
2017061015 122.659
2017061016 126.52
2017061017 130.134
2017061018 135.537
2017061019 136.49
2017061020 130.441
2017061021 130.2
2017061022 130.911
2017061023 133.648
