2017060100 128.792
2017060101 129.043
2017060102 129.463
2017060103 130.918
2017060104 133.866
2017060105 127.936
2017060106 133.682
2017060107 129.888
2017060108 125.701
2017060109 117.629
2017060110 115.73
2017060111 113.358
2017060112 112.106
2017060113 112.427
2017060114 112.824
2017060115 112.532
2017060116 114.265
2017060117 116.008
2017060118 118.395
2017060119 122.286
2017060120 125.101
2017060121 128.644
2017060122 130.523
2017060123 131.12
2017060200 129.378
2017060201 126.303
2017060202 126.919
2017060203 126.47
2017060204 128.909
2017060205 131.203
2017060206 133.442
2017060207 131.355
2017060208 126.732
2017060209 nan
2017060210 116.89
2017060211 112.024
2017060212 108.866
2017060213 108.304
2017060214 117.879
2017060215 116.441
2017060216 122.66
2017060217 nan
2017060218 120.524
2017060219 120.82
2017060220 122.236
2017060221 nan
2017060222 nan
2017060223 129.378
2017060300 132.627
2017060301 132.144
2017060302 133.24
2017060303 134.558
2017060304 136.54
2017060305 138.207
2017060306 138.184
2017060307 135.042
2017060308 137.634
2017060309 129.859
2017060310 126.445
2017060311 126.927
2017060312 128.174
2017060313 130.962
2017060314 130.768
2017060315 130.58
2017060316 131.799
2017060317 134.655
2017060318 132.574
2017060319 136.975
2017060320 136.758
2017060321 137.964
2017060322 142.007
2017060323 145.829
2017060400 153.2
2017060401 154.011
2017060402 154.391
2017060403 156.029
2017060404 158.973
2017060405 161.584
2017060406 169.649
2017060407 173.044
2017060408 150.778
2017060409 147.008
2017060410 142.155
2017060411 139.917
2017060412 139.633
2017060413 145.194
2017060414 153.492
2017060415 156.476
2017060416 158.802
2017060417 159.727
2017060418 160.298
2017060419 157.092
2017060420 153.725
2017060421 152.303
2017060422 147.248
2017060423 139.401
2017060500 140.352
2017060501 134.432
2017060502 130.778
2017060503 130.739
2017060504 135.889
2017060505 135.343
2017060506 135.594
2017060507 135.252
2017060508 130.918
2017060509 122.309
2017060510 124.258
2017060511 124.406
2017060512 124.16
2017060513 125.029
2017060514 122.214
2017060515 119.444
2017060516 120.949
2017060517 121.646
2017060518 120.107
2017060519 118.482
2017060520 117.213
2017060521 118.559
2017060522 115.684
2017060523 116.845
2017060600 124.393
2017060601 126.933
2017060602 130.041
2017060603 129.453
2017060604 127.178
2017060605 127.544
2017060606 131.781
2017060607 135.87
2017060608 132.204
2017060609 127.702
2017060610 126.362
2017060611 126.055
2017060612 124.11
2017060613 119.001
2017060614 119.303
2017060615 122.374
2017060616 122.422
2017060617 121.958
2017060618 116.957
2017060619 113.943
2017060620 111.984
2017060621 111.344
2017060622 111.134
2017060623 110.509
2017060700 112.503
2017060701 109.081
2017060702 106.936
2017060703 105.121
2017060704 104.76
2017060705 106.85
2017060706 107.212
2017060707 105.858
2017060708 103.284
2017060709 102.1
2017060710 101.294
2017060711 101.034
2017060712 101.835
2017060713 103.425
2017060714 104.698
2017060715 104.985
2017060716 106.154
2017060717 105.053
2017060718 104.083
2017060719 107.337
2017060720 109.483
2017060721 110.808
2017060722 110.991
2017060723 111.196
2017060800 108.481
2017060801 108.26
2017060802 109.084
2017060803 110.258
2017060804 113.003
2017060805 117.415
2017060806 118.557
2017060807 117.423
2017060808 113.024
2017060809 108.258
2017060810 105.133
2017060811 104.43
2017060812 105.265
2017060813 104.958
2017060814 105.274
2017060815 104.103
2017060816 110.256
2017060817 114.041
2017060818 120.395
2017060819 118.692
2017060820 118.323
2017060821 116.562
2017060822 115.206
2017060823 113.486
2017060900 114.23
2017060901 113.087
2017060902 112.743
2017060903 114.126
2017060904 114.02
2017060905 115.307
2017060906 119.251
2017060907 125.171
2017060908 121.999
2017060909 121.765
2017060910 117.31
2017060911 113.416
2017060912 105.32
2017060913 104.079
2017060914 103.763
2017060915 101.878
2017060916 103.842
2017060917 107.758
2017060918 107.743
2017060919 107.646
2017060920 110.111
2017060921 114.074
2017060922 112.925
2017060923 113.994
2017061000 119.199
2017061001 118.742
2017061002 119.813
2017061003 120.788
2017061004 123.263
2017061005 124.393
2017061006 129.833
2017061007 129.197
2017061008 122.007
2017061009 117.292
2017061010 113.704
2017061011 114.995
2017061012 110.299
2017061013 107.843
2017061014 107.887
2017061015 109.689
2017061016 110.234
2017061017 111.343
2017061018 114.27
2017061019 116.524
2017061020 117.685
2017061021 116.996
2017061022 117.51
2017061023 117.961
