2017060100 7.901
2017060101 7.966
2017060102 7.149
2017060103 7.402
2017060104 6.295
2017060105 4.947
2017060106 4.065
2017060107 2.844
2017060108 2.109
2017060109 1.634
2017060110 1.221
2017060111 1.083
2017060112 1.051
2017060113 1.088
2017060114 1.171
2017060115 1.305
2017060116 1.679
2017060117 2.303
2017060118 3.336
2017060119 5.834
2017060120 6.452
2017060121 6.989
2017060122 7.516
2017060123 7.783
2017060200 9.278
2017060201 8.522
2017060202 8.708
2017060203 8.59
2017060204 8.292
2017060205 6.453
2017060206 4.093
2017060207 6.912
2017060208 5.548
2017060209 nan
2017060210 3.156
2017060211 1.131
2017060212 1.227
2017060213 1.376
2017060214 2.05
2017060215 2.234
2017060216 4.785
2017060217 nan
2017060218 7.969
2017060219 7.497
2017060220 8.643
2017060221 nan
2017060222 nan
2017060223 9.278
2017060300 7.175
2017060301 6.523
2017060302 6.591
2017060303 7.122
2017060304 7.239
2017060305 5.809
2017060306 6.203
2017060307 5.911
2017060308 4.76
2017060309 3.204
2017060310 2.112
2017060311 1.613
2017060312 1.491
2017060313 1.478
2017060314 1.521
2017060315 1.719
2017060316 2.704
2017060317 3.596
2017060318 4.78
2017060319 7.154
2017060320 7.431
2017060321 8.29
2017060322 8.499
2017060323 8.699
2017060400 9.044
2017060401 9.597
2017060402 10.67
2017060403 11.025
2017060404 10.087
2017060405 8.506
2017060406 6.239
2017060407 4.453
2017060408 3.021
2017060409 1.951
2017060410 1.631
2017060411 1.514
2017060412 1.51
2017060413 1.978
2017060414 2.272
2017060415 2.426
2017060416 2.952
2017060417 4.194
2017060418 4.663
2017060419 5.318
2017060420 5.262
2017060421 4.976
2017060422 4.956
2017060423 5.395
2017060500 9.118
2017060501 8.693
2017060502 9.125
2017060503 8.989
2017060504 7.771
2017060505 6.158
2017060506 5.262
2017060507 3.61
2017060508 2.343
2017060509 1.618
2017060510 1.298
2017060511 1.187
2017060512 1.191
2017060513 1.183
2017060514 1.266
2017060515 1.458
2017060516 2.129
2017060517 2.911
2017060518 3.527
2017060519 4.707
2017060520 5.151
2017060521 5.305
2017060522 5.313
2017060523 6.62
2017060600 5.591
2017060601 5.419
2017060602 5.614
2017060603 6.684
2017060604 6.744
2017060605 5.466
2017060606 4.954
2017060607 5.128
2017060608 4.421
2017060609 3.208
2017060610 2.346
2017060611 1.898
2017060612 1.733
2017060613 2.678
2017060614 2.647
2017060615 2.838
2017060616 3.152
2017060617 3.187
2017060618 3.593
2017060619 4.09
2017060620 4.172
2017060621 4.203
2017060622 4.349
2017060623 4.855
2017060700 4.642
2017060701 4.464
2017060702 4.349
2017060703 4.348
2017060704 4.649
2017060705 4.044
2017060706 3.469
2017060707 3.173
2017060708 2.411
2017060709 1.768
2017060710 1.152
2017060711 1.031
2017060712 1.139
2017060713 1.181
2017060714 1.18
2017060715 1.327
2017060716 1.886
2017060717 2.452
2017060718 3.307
2017060719 4.738
2017060720 5.574
2017060721 5.937
2017060722 6.6
2017060723 7.278
2017060800 4.881
2017060801 4.964
2017060802 5.492
2017060803 6.929
2017060804 6.397
2017060805 4.665
2017060806 4.606
2017060807 3.95
2017060808 2.961
2017060809 2
2017060810 1.602
2017060811 1.398
2017060812 1.244
2017060813 1.373
2017060814 1.34
2017060815 1.63
2017060816 2.677
2017060817 3.819
2017060818 5.122
2017060819 6.7
2017060820 7.727
2017060821 8.046
2017060822 8.232
2017060823 7.925
2017060900 7.714
2017060901 7.542
2017060902 7.137
2017060903 6.662
2017060904 6.938
2017060905 6.414
2017060906 7.603
2017060907 5.858
2017060908 5.095
2017060909 3.96
2017060910 2.959
2017060911 2.104
2017060912 1.766
2017060913 1.749
2017060914 1.947
2017060915 2.578
2017060916 3.916
2017060917 5.51
2017060918 6.826
2017060919 6.972
2017060920 6.46
2017060921 6.353
2017060922 6.48
2017060923 5.717
2017061000 8.769
2017061001 7.798
2017061002 7.63
2017061003 8.379
2017061004 9.008
2017061005 6.708
2017061006 4.788
2017061007 3.897
2017061008 3.185
2017061009 2.341
2017061010 1.652
2017061011 1.364
2017061012 1.276
2017061013 1.322
2017061014 1.421
2017061015 1.519
2017061016 2.489
2017061017 3.387
2017061018 5.209
2017061019 6.172
2017061020 6.865
2017061021 6.927
2017061022 6.624
2017061023 6.037
