2017060100 6.07
2017060101 6.957
2017060102 7.309
2017060103 8.12
2017060104 6.415
2017060105 5.043
2017060106 4.348
2017060107 3.072
2017060108 2.588
2017060109 2.095
2017060110 1.72
2017060111 1.258
2017060112 1.099
2017060113 1.025
2017060114 1.07
2017060115 1.261
2017060116 1.867
2017060117 2.409
2017060118 2.918
2017060119 4.927
2017060120 5.589
2017060121 5.837
2017060122 6.138
2017060123 6.423
2017060200 6.777
2017060201 8.471
2017060202 8.142
2017060203 8.081
2017060204 7.692
2017060205 5.838
2017060206 3.053
2017060207 4.32
2017060208 3.103
2017060209 nan
2017060210 1.429
2017060211 1.071
2017060212 1.087
2017060213 1.197
2017060214 1.123
2017060215 1.246
2017060216 2.874
2017060217 nan
2017060218 6.495
2017060219 7.589
2017060220 7.703
2017060221 nan
2017060222 nan
2017060223 6.777
2017060300 10.507
2017060301 9.815
2017060302 9.499
2017060303 8.847
2017060304 8.687
2017060305 6.032
2017060306 5.694
2017060307 4.248
2017060308 2.43
2017060309 1.696
2017060310 1.231
2017060311 1.028
2017060312 0.949
2017060313 0.966
2017060314 1.023
2017060315 1.141
2017060316 1.382
2017060317 1.604
2017060318 2.275
2017060319 4.489
2017060320 5.122
2017060321 5.55
2017060322 5.967
2017060323 6.192
2017060400 6.709
2017060401 6.335
2017060402 6.109
2017060403 6.801
2017060404 5.967
2017060405 4.717
2017060406 4.178
2017060407 4.151
2017060408 3.176
2017060409 2.798
2017060410 1.831
2017060411 1.292
2017060412 1.185
2017060413 1.494
2017060414 1.592
2017060415 1.752
2017060416 2.114
2017060417 2.541
2017060418 3.194
2017060419 3.949
2017060420 4.619
2017060421 5.635
2017060422 6.434
2017060423 7.027
2017060500 10.105
2017060501 9.737
2017060502 9.078
2017060503 8.681
2017060504 7.169
2017060505 5.169
2017060506 5.123
2017060507 3.889
2017060508 3.276
2017060509 1.496
2017060510 1.179
2017060511 1.069
2017060512 1.103
2017060513 1.174
2017060514 1.291
2017060515 1.409
2017060516 2.455
2017060517 2.473
2017060518 3.547
2017060519 4.239
2017060520 4.769
2017060521 4.633
2017060522 6.369
2017060523 6.457
2017060600 5.828
2017060601 5.91
2017060602 5.952
2017060603 5.969
2017060604 6.462
2017060605 5.365
2017060606 5.383
2017060607 3.208
2017060608 2.094
2017060609 1.422
2017060610 1.222
2017060611 1.081
2017060612 1.209
2017060613 1.099
2017060614 1.083
2017060615 1.278
2017060616 1.386
2017060617 1.505
2017060618 1.803
2017060619 2.113
2017060620 2.365
2017060621 2.625
2017060622 2.721
2017060623 2.865
2017060700 2.678
2017060701 2.608
2017060702 2.58
2017060703 2.748
2017060704 3.063
2017060705 2.673
2017060706 2.16
2017060707 1.875
2017060708 1.406
2017060709 1.056
2017060710 0.802
2017060711 0.679
2017060712 0.666
2017060713 0.669
2017060714 0.698
2017060715 0.806
2017060716 0.939
2017060717 1.286
2017060718 2.022
2017060719 2.947
2017060720 3.02
2017060721 3.944
2017060722 4.352
2017060723 4.271
2017060800 4.071
2017060801 4.136
2017060802 4.361
2017060803 4.578
2017060804 4.41
2017060805 3.149
2017060806 2.925
2017060807 2.376
2017060808 1.802
2017060809 1.052
2017060810 0.793
2017060811 0.717
2017060812 0.738
2017060813 0.751
2017060814 0.799
2017060815 0.938
2017060816 1.221
2017060817 1.624
2017060818 3.232
2017060819 4.526
2017060820 4.795
2017060821 4.481
2017060822 5.136
2017060823 5.45
2017060900 6.117
2017060901 6.049
2017060902 6.183
2017060903 6.325
2017060904 6.526
2017060905 4.817
2017060906 4.451
2017060907 3.346
2017060908 2.056
2017060909 1.53
2017060910 1.21
2017060911 1.059
2017060912 1.041
2017060913 1.012
2017060914 1.079
2017060915 1.155
2017060916 1.687
2017060917 2.218
2017060918 2.451
2017060919 2.812
2017060920 3.025
2017060921 3.969
2017060922 4.087
2017060923 4.323
2017061000 4.441
2017061001 5.304
2017061002 5.238
2017061003 4.888
2017061004 4.7
2017061005 4.533
2017061006 4.441
2017061007 3.428
2017061008 2.67
2017061009 2.017
2017061010 1.374
2017061011 1.053
2017061012 0.88
2017061013 0.893
2017061014 0.926
2017061015 0.992
2017061016 1.202
2017061017 1.328
2017061018 2.136
2017061019 2.664
2017061020 2.991
2017061021 4.089
2017061022 4.338
2017061023 5.037
