2017060100 219.761
2017060101 189.608
2017060102 173.954
2017060103 174.96
2017060104 174.914
2017060105 161.048
2017060106 178.099
2017060107 181.81
2017060108 151.322
2017060109 154.013
2017060110 145.391
2017060111 144.448
2017060112 144.245
2017060113 148.03
2017060114 146.988
2017060115 144.195
2017060116 158.912
2017060117 171.085
2017060118 183.948
2017060119 197.056
2017060120 206.203
2017060121 210.626
2017060122 221.362
2017060123 236.881
2017060200 350.39
2017060201 245.932
2017060202 262.464
2017060203 282.795
2017060204 305.477
2017060205 325.263
2017060206 192.248
2017060207 303.279
2017060208 292.01
2017060209 nan
2017060210 200.801
2017060211 155.019
2017060212 154.272
2017060213 151.711
2017060214 213.105
2017060215 198.558
2017060216 201.661
2017060217 nan
2017060218 218.341
2017060219 222.086
2017060220 228.212
2017060221 nan
2017060222 nan
2017060223 350.39
2017060300 305.896
2017060301 291.268
2017060302 296.029
2017060303 296.71
2017060304 299.23
2017060305 275.647
2017060306 304.419
2017060307 276.753
2017060308 256.22
2017060309 229.089
2017060310 210.185
2017060311 198.88
2017060312 190.094
2017060313 190.818
2017060314 196.509
2017060315 198.382
2017060316 198.859
2017060317 203.155
2017060318 213.204
2017060319 223.691
2017060320 236.78
2017060321 243.472
2017060322 236.978
2017060323 239.076
2017060400 196.359
2017060401 186.849
2017060402 172.554
2017060403 172.466
2017060404 182.126
2017060405 184.122
2017060406 197.806
2017060407 156.033
2017060408 154.535
2017060409 153.74
2017060410 155.695
2017060411 162.022
2017060412 168.387
2017060413 191.746
2017060414 215.754
2017060415 228.592
2017060416 247.73
2017060417 263.715
2017060418 271.341
2017060419 274.647
2017060420 282.981
2017060421 254.426
2017060422 220.32
2017060423 199.621
2017060500 193.332
2017060501 201.449
2017060502 202.698
2017060503 205.448
2017060504 207.402
2017060505 198.959
2017060506 213.022
2017060507 203.438
2017060508 199.201
2017060509 198.312
2017060510 193.176
2017060511 194.653
2017060512 200.582
2017060513 208.319
2017060514 213.632
2017060515 205.893
2017060516 221.224
2017060517 229.119
2017060518 228.358
2017060519 218.74
2017060520 210.909
2017060521 210.109
2017060522 219.372
2017060523 222.316
2017060600 197.718
2017060601 196.664
2017060602 198.909
2017060603 204.06
2017060604 216.021
2017060605 199.544
2017060606 234.768
2017060607 209.139
2017060608 163.244
2017060609 154.839
2017060610 151.932
2017060611 150.773
2017060612 147.564
2017060613 144.785
2017060614 141.98
2017060615 142.161
2017060616 155.252
2017060617 158.357
2017060618 159.881
2017060619 150.644
2017060620 158.734
2017060621 169.151
2017060622 164.963
2017060623 157.727
2017060700 143.71
2017060701 146.524
2017060702 151.584
2017060703 158.854
2017060704 167.869
2017060705 160.682
2017060706 154.147
2017060707 150.279
2017060708 148.577
2017060709 145.878
2017060710 142.615
2017060711 141.804
2017060712 142.997
2017060713 147.202
2017060714 150.453
2017060715 148.43
2017060716 159.077
2017060717 174.129
2017060718 170.258
2017060719 184.022
2017060720 198.618
2017060721 188.786
2017060722 182.872
2017060723 181.559
2017060800 175.245
2017060801 175.731
2017060802 179.155
2017060803 185.751
2017060804 200.732
2017060805 157.84
2017060806 174.06
2017060807 187.039
2017060808 148.361
2017060809 150.487
2017060810 150.638
2017060811 144.549
2017060812 136.77
2017060813 132.919
2017060814 132.769
2017060815 132.385
2017060816 167.018
2017060817 174.1
2017060818 173.369
2017060819 187.26
2017060820 218.387
2017060821 253.128
2017060822 247.472
2017060823 230.013
2017060900 239.595
2017060901 224.449
2017060902 207.48
2017060903 192.862
2017060904 190.844
2017060905 171.062
2017060906 193.18
2017060907 189.412
2017060908 150.458
2017060909 153.48
2017060910 150.081
2017060911 147.806
2017060912 143.804
2017060913 145.629
2017060914 144.267
2017060915 144.778
2017060916 168.838
2017060917 172.601
2017060918 168.916
2017060919 184.079
2017060920 195.615
2017060921 199.454
2017060922 187.281
2017060923 178.977
2017061000 165.72
2017061001 161.914
2017061002 175.263
2017061003 189.622
2017061004 202.323
2017061005 202.368
2017061006 194.658
2017061007 184.589
2017061008 171.96
2017061009 166.608
2017061010 160.757
2017061011 156.494
2017061012 153.302
2017061013 155.59
2017061014 155.822
2017061015 155.641
2017061016 171.548
2017061017 194.017
2017061018 235.866
2017061019 269.091
2017061020 293.53
2017061021 297.459
2017061022 284.89
2017061023 276.753
