2017060100 6.924
2017060101 7.491
2017060102 7.592
2017060103 7.997
2017060104 9.33
2017060105 7.812
2017060106 7.479
2017060107 5.826
2017060108 4.884
2017060109 3.454
2017060110 2.29
2017060111 1.702
2017060112 1.499
2017060113 1.434
2017060114 1.462
2017060115 1.589
2017060116 2.285
2017060117 2.986
2017060118 3.492
2017060119 5.82
2017060120 7.552
2017060121 8.642
2017060122 9.241
2017060123 9.161
2017060200 10.976
2017060201 8.27
2017060202 8.408
2017060203 8.285
2017060204 8.631
2017060205 7.768
2017060206 5.914
2017060207 6.588
2017060208 4.608
2017060209 nan
2017060210 2.237
2017060211 1.583
2017060212 1.595
2017060213 1.838
2017060214 2.299
2017060215 2.602
2017060216 4.995
2017060217 nan
2017060218 7.621
2017060219 8.974
2017060220 9.13
2017060221 nan
2017060222 nan
2017060223 10.976
2017060300 9.352
2017060301 9.397
2017060302 10.228
2017060303 11.555
2017060304 13.773
2017060305 10.471
2017060306 9.26
2017060307 8.177
2017060308 6.52
2017060309 3.979
2017060310 2.113
2017060311 1.635
2017060312 1.496
2017060313 1.586
2017060314 1.662
2017060315 1.873
2017060316 2.122
2017060317 3.274
2017060318 4.136
2017060319 6.764
2017060320 6.813
2017060321 7.652
2017060322 8.479
2017060323 8.626
2017060400 6.996
2017060401 7.5
2017060402 8.669
2017060403 8.865
2017060404 9.06
2017060405 7.461
2017060406 6.001
2017060407 5.073
2017060408 3.596
2017060409 2.977
2017060410 2.544
2017060411 2.096
2017060412 1.922
2017060413 2.14
2017060414 2.551
2017060415 2.624
2017060416 2.853
2017060417 3.68
2017060418 4.764
2017060419 5.949
2017060420 5.964
2017060421 6.115
2017060422 6.647
2017060423 7.701
2017060500 9.836
2017060501 8.794
2017060502 8.467
2017060503 8.157
2017060504 8.066
2017060505 6.971
2017060506 6.844
2017060507 5.242
2017060508 3.808
2017060509 2.522
2017060510 1.945
2017060511 1.715
2017060512 1.702
2017060513 1.837
2017060514 2.203
2017060515 2.48
2017060516 3.102
2017060517 3.686
2017060518 3.942
2017060519 4.288
2017060520 4.406
2017060521 4.892
2017060522 5.353
2017060523 5.134
2017060600 6.56
2017060601 7.469
2017060602 7.708
2017060603 7.788
2017060604 6.83
2017060605 5.33
2017060606 5.457
2017060607 4.945
2017060608 3.193
2017060609 2.266
2017060610 1.907
2017060611 1.722
2017060612 1.62
2017060613 1.489
2017060614 1.617
2017060615 2.065
2017060616 2.584
2017060617 2.974
2017060618 3.29
2017060619 3.417
2017060620 3.451
2017060621 3.744
2017060622 4.029
2017060623 4.108
2017060700 3.545
2017060701 3.358
2017060702 3.175
2017060703 3.163
2017060704 3.314
2017060705 2.868
2017060706 2.549
2017060707 2.393
2017060708 1.877
2017060709 1.462
2017060710 1.128
2017060711 0.981
2017060712 0.985
2017060713 1.029
2017060714 1.081
2017060715 1.239
2017060716 1.657
2017060717 2.113
2017060718 2.473
2017060719 3.457
2017060720 4.039
2017060721 4.319
2017060722 4.5
2017060723 4.806
2017060800 4.702
2017060801 4.76
2017060802 4.917
2017060803 5.386
2017060804 5.433
2017060805 4.555
2017060806 4.519
2017060807 3.524
2017060808 2.384
2017060809 1.502
2017060810 1.376
2017060811 1.261
2017060812 1.379
2017060813 1.457
2017060814 1.33
2017060815 1.545
2017060816 2.398
2017060817 3.224
2017060818 5.053
2017060819 6.715
2017060820 6.182
2017060821 6.795
2017060822 6.969
2017060823 6.404
2017060900 5.633
2017060901 5.091
2017060902 5.075
2017060903 5.792
2017060904 7.266
2017060905 6.504
2017060906 6.862
2017060907 5.948
2017060908 3.894
2017060909 2.656
2017060910 2.172
2017060911 1.777
2017060912 1.565
2017060913 1.526
2017060914 1.663
2017060915 2.055
2017060916 2.822
2017060917 3.662
2017060918 3.969
2017060919 4.314
2017060920 4.564
2017060921 4.718
2017060922 5.283
2017060923 5.464
2017061000 5.95
2017061001 6.16
2017061002 6.122
2017061003 6.426
2017061004 6.866
2017061005 5.723
2017061006 5.042
2017061007 3.748
2017061008 2.941
2017061009 2.268
2017061010 1.78
2017061011 1.595
2017061012 1.492
2017061013 1.37
2017061014 1.352
2017061015 1.342
2017061016 1.705
2017061017 2.027
2017061018 3.271
2017061019 4.524
2017061020 5.543
2017061021 5.676
2017061022 7.195
2017061023 7.779
