2017060100 14.062
2017060101 16.03
2017060102 15.683
2017060103 14.73
2017060104 10.167
2017060105 9.142
2017060106 10.481
2017060107 10.164
2017060108 10.434
2017060109 8.914
2017060110 3.359
2017060111 2.644
2017060112 2.508
2017060113 2.544
2017060114 2.73
2017060115 3.219
2017060116 15.203
2017060117 23.826
2017060118 33.134
2017060119 36.465
2017060120 38.297
2017060121 39.624
2017060122 42.228
2017060123 41.896
2017060200 39.967
2017060201 32.25
2017060202 32.154
2017060203 33.395
2017060204 26.641
2017060205 22.34
2017060206 21.96
2017060207 12.414
2017060208 12.638
2017060209 11.141
2017060210 5.874
2017060211 4.233
2017060212 3.641
2017060213 3.916
2017060214 4.506
2017060215 5.815
2017060216 17.838
2017060217 26.401
2017060218 26.112
2017060219 31.302
2017060220 35.101
2017060221 34.398
2017060222 31.038
2017060223 28.669
2017060300 26.575
2017060301 21.231
2017060302 17.396
2017060303 15.422
2017060304 13.124
2017060305 11.831
2017060306 12.43
2017060307 12.529
2017060308 13.569
2017060309 13.808
2017060310 6.129
2017060311 4.268
2017060312 3.41
2017060313 3.321
2017060314 3.45
2017060315 3.934
2017060316 10.682
2017060317 14.035
2017060318 14.403
2017060319 17.331
2017060320 17.479
2017060321 17.646
2017060322 16.308
2017060323 14.824
2017060400 13.292
2017060401 9.906
2017060402 8.218
2017060403 7.745
2017060404 6.888
2017060405 6.651
2017060406 7.121
2017060407 6.014
2017060408 5.238
2017060409 4.019
2017060410 3.259
2017060411 2.55
2017060412 2.449
2017060413 2.961
2017060414 3.44
2017060415 4.3
2017060416 6.273
2017060417 7.53
2017060418 8.415
2017060419 10.979
2017060420 11.074
2017060421 11.476
2017060422 14.556
2017060423 15.454
2017060500 15.525
2017060501 16.174
2017060502 15.206
2017060503 14.006
2017060504 9.937
2017060505 9.64
2017060506 11.188
2017060507 9.51
2017060508 9.616
2017060509 8.716
2017060510 5.314
2017060511 3.971
2017060512 3.306
2017060513 3.023
2017060514 3.225
2017060515 3.778
2017060516 9.901
2017060517 12.494
2017060518 12.628
2017060519 14.026
2017060520 12.637
2017060521 11.674
2017060522 13.396
2017060523 14.576
2017060600 15.623
2017060601 14.032
2017060602 13.514
2017060603 12.902
2017060604 8.014
2017060605 6.614
2017060606 6.985
2017060607 4.743
2017060608 3.942
2017060609 3.29
2017060610 2.907
2017060611 2.801
2017060612 2.826
2017060613 3.27
2017060614 3.609
2017060615 4.262
2017060616 6.587
2017060617 6.929
2017060618 7.023
2017060619 7.806
2017060620 7.078
2017060621 6.532
2017060622 6.556
2017060623 6.26
2017060700 6.31
2017060701 6.51
2017060702 6.629
2017060703 6.489
2017060704 5.639
2017060705 5.308
2017060706 5.67
2017060707 5.222
2017060708 4.661
2017060709 3.849
2017060710 2.835
2017060711 2.703
2017060712 2.697
2017060713 4.091
2017060714 4.388
2017060715 5.051
2017060716 7.307
2017060717 8.298
2017060718 8.322
2017060719 8.571
2017060720 8.487
2017060721 8.99
2017060722 9.957
2017060723 9.643
2017060800 9.47
2017060801 10.12
2017060802 9.976
2017060803 9.491
2017060804 7.293
2017060805 6.714
2017060806 7.343
2017060807 4.189
2017060808 3.888
2017060809 3.341
2017060810 2.683
2017060811 2.584
2017060812 2.658
2017060813 3.159
2017060814 3.515
2017060815 4.178
2017060816 16.664
2017060817 21.893
2017060818 22.375
2017060819 21.835
2017060820 22.343
2017060821 25.085
2017060822 24.078
2017060823 22.771
2017060900 19.599
2017060901 16.325
2017060902 17.566
2017060903 19.842
2017060904 14.716
2017060905 13.295
2017060906 13.046
2017060907 6.121
2017060908 4.967
2017060909 3.881
2017060910 2.886
2017060911 2.763
2017060912 2.822
2017060913 2.975
2017060914 3.156
2017060915 3.614
2017060916 9.335
2017060917 10.951
2017060918 11.174
2017060919 14.036
2017060920 13.924
2017060921 14.597
2017060922 11.865
2017060923 11.715
2017061000 10.684
2017061001 10.444
2017061002 10.185
2017061003 9.77
2017061004 9.263
2017061005 8.43
2017061006 8.909
2017061007 6.928
2017061008 6.157
2017061009 4.621
2017061010 4.368
2017061011 3.822
2017061012 3.754
2017061013 2.121
2017061014 2.296
2017061015 2.667
2017061016 6.769
2017061017 8.664
2017061018 9.812
2017061019 14.369
2017061020 14.768
2017061021 14.216
2017061022 15.348
2017061023 15.137
