2017060100 172.307
2017060101 177.42
2017060102 183.259
2017060103 189.781
2017060104 165.617
2017060105 164.902
2017060106 169.163
2017060107 142.712
2017060108 142.551
2017060109 144.086
2017060110 145.06
2017060111 143.939
2017060112 142.569
2017060113 145.978
2017060114 146.423
2017060115 146.147
2017060116 193.897
2017060117 217.914
2017060118 213.479
2017060119 209.469
2017060120 206.078
2017060121 199.065
2017060122 202.478
2017060123 224.238
2017060200 245.998
2017060201 246.454
2017060202 250.574
2017060203 260.765
2017060204 270.986
2017060205 297.441
2017060206 329.239
2017060207 209.144
2017060208 207.654
2017060209 209.616
2017060210 195.336
2017060211 192.064
2017060212 189.878
2017060213 182.956
2017060214 184.098
2017060215 186.054
2017060216 242.665
2017060217 276.513
2017060218 280.344
2017060219 282.123
2017060220 292.221
2017060221 302.429
2017060222 322.509
2017060223 338.346
2017060300 365.754
2017060301 391.254
2017060302 392.582
2017060303 374.553
2017060304 330.26
2017060305 299.554
2017060306 282.072
2017060307 221.782
2017060308 234.112
2017060309 248.909
2017060310 181.772
2017060311 179.673
2017060312 176.758
2017060313 185.658
2017060314 192.325
2017060315 201.943
2017060316 246.974
2017060317 267.789
2017060318 267.004
2017060319 262.525
2017060320 247.934
2017060321 239.82
2017060322 237.494
2017060323 233.757
2017060400 229.255
2017060401 224.287
2017060402 218.611
2017060403 213.916
2017060404 170.244
2017060405 160.858
2017060406 162.338
2017060407 139.619
2017060408 135.498
2017060409 135.332
2017060410 131.381
2017060411 128.683
2017060412 130.51
2017060413 148.093
2017060414 160.14
2017060415 170.273
2017060416 173.034
2017060417 157.304
2017060418 141.915
2017060419 148.775
2017060420 149.662
2017060421 146.857
2017060422 155.332
2017060423 158.728
2017060500 159.304
2017060501 172.711
2017060502 177.631
2017060503 175.674
2017060504 145.724
2017060505 152.754
2017060506 162.905
2017060507 157.939
2017060508 164.815
2017060509 170.979
2017060510 163.517
2017060511 162.852
2017060512 159.81
2017060513 163.48
2017060514 177.568
2017060515 194.244
2017060516 227.882
2017060517 219.979
2017060518 212.837
2017060519 225.114
2017060520 231.991
2017060521 219.92
2017060522 217.243
2017060523 210.259
2017060600 211.106
2017060601 198.304
2017060602 201.829
2017060603 211.899
2017060604 166.65
2017060605 157.28
2017060606 156.832
2017060607 139.781
2017060608 138.557
2017060609 139.106
2017060610 137.273
2017060611 134.246
2017060612 130.895
2017060613 131.236
2017060614 127.793
2017060615 124.979
2017060616 136.79
2017060617 135.014
2017060618 133.097
2017060619 130.312
2017060620 129.357
2017060621 132.842
2017060622 135.891
2017060623 140.712
2017060700 150.804
2017060701 143.475
2017060702 142.01
2017060703 145.359
2017060704 135.32
2017060705 137.472
2017060706 141.42
2017060707 139.631
2017060708 140.819
2017060709 143.584
2017060710 137.132
2017060711 135.337
2017060712 134.709
2017060713 135.924
2017060714 136.13
2017060715 134.776
2017060716 181.072
2017060717 184.137
2017060718 175.821
2017060719 163.182
2017060720 165.008
2017060721 166.115
2017060722 184.142
2017060723 190.986
