2017060100 9.9
2017060101 13.1
2017060102 13.852
2017060103 13.872
2017060104 11.529
2017060105 9.774
2017060106 8.894
2017060107 7.232
2017060108 6.953
2017060109 6.201
2017060110 3.12
2017060111 1.993
2017060112 1.622
2017060113 1.583
2017060114 1.653
2017060115 1.85
2017060116 4.559
2017060117 8.978
2017060118 15.786
2017060119 22.778
2017060120 27.252
2017060121 26.863
2017060122 27.874
2017060123 31.058
2017060200 33.619
2017060201 33.794
2017060202 31.839
2017060203 29.497
2017060204 22.926
2017060205 16.751
2017060206 14.287
2017060207 9.74
2017060208 7.628
2017060209 5.462
2017060210 2.31
2017060211 1.557
2017060212 1.303
2017060213 1.415
2017060214 1.517
2017060215 1.778
2017060216 3.844
2017060217 6.042
2017060218 8.703
2017060219 12.188
2017060220 14.096
2017060221 13.575
2017060222 14.277
2017060223 18.612
2017060300 23.726
2017060301 23.231
2017060302 19.793
2017060303 14.849
2017060304 12.242
2017060305 11.136
2017060306 10.926
2017060307 10.867
2017060308 10.257
2017060309 8.75
2017060310 3.115
2017060311 1.876
2017060312 1.409
2017060313 1.283
2017060314 1.238
2017060315 1.317
2017060316 2.704
2017060317 3.792
2017060318 4.916
2017060319 5.881
2017060320 6.004
2017060321 5.871
2017060322 5.308
2017060323 5.416
2017060400 5.602
2017060401 4.592
2017060402 4.697
2017060403 5.402
2017060404 4.778
2017060405 4.01
2017060406 3.381
2017060407 2.361
2017060408 2.067
2017060409 1.812
2017060410 1.496
2017060411 1.496
2017060412 1.248
2017060413 1.108
2017060414 1.284
2017060415 1.438
2017060416 2.245
2017060417 3.271
2017060418 4.691
2017060419 6.78
2017060420 7.66
2017060421 8.15
2017060422 9.987
2017060423 11.761
2017060500 12.983
2017060501 13.89
2017060502 13.69
2017060503 12.412
2017060504 9.782
2017060505 8.384
2017060506 7.344
2017060507 4.527
2017060508 3.798
2017060509 2.795
2017060510 1.556
2017060511 1.251
2017060512 1.14
2017060513 1.13
2017060514 1.16
2017060515 1.245
2017060516 2.795
2017060517 3.747
2017060518 4.58
2017060519 4.791
2017060520 4.882
2017060521 5.246
2017060522 6.205
2017060523 7.222
2017060600 8.154
2017060601 8.542
2017060602 8.51
2017060603 8.03
2017060604 5.617
2017060605 4.437
2017060606 4
2017060607 2.495
2017060608 1.925
2017060609 1.463
2017060610 1.185
2017060611 1.062
2017060612 1.085
2017060613 1.241
2017060614 1.39
2017060615 1.517
2017060616 2.912
2017060617 4.389
2017060618 4.979
2017060619 4.819
2017060620 4.267
2017060621 3.436
2017060622 3.543
2017060623 3.483
2017060700 3.631
2017060701 3.967
2017060702 4.416
2017060703 4.635
2017060704 3.766
2017060705 3.325
2017060706 3.179
2017060707 2.815
2017060708 2.577
2017060709 2.249
2017060710 1.61
2017060711 1.312
2017060712 1.252
2017060713 1.687
2017060714 1.899
2017060715 2.056
2017060716 3.425
2017060717 3.8
2017060718 3.64
2017060719 3.559
2017060720 3.625
2017060721 4.107
2017060722 5.073
2017060723 5.784
2017060800 6.328
2017060801 6.747
2017060802 7.141
2017060803 6.962
2017060804 5.248
2017060805 4.464
2017060806 4.456
2017060807 2.598
2017060808 2.74
2017060809 2.311
2017060810 1.598
2017060811 1.448
2017060812 1.4
2017060813 1.476
2017060814 1.561
2017060815 1.712
2017060816 4.428
2017060817 6.827
2017060818 8.688
2017060819 9.721
2017060820 9.653
2017060821 8.742
2017060822 8.296
2017060823 8.059
2017060900 7.736
2017060901 8.362
2017060902 8.679
2017060903 8.749
2017060904 6.769
2017060905 5.102
2017060906 4.803
2017060907 2.031
2017060908 1.673
2017060909 1.396
2017060910 1.235
2017060911 1.125
2017060912 1.075
2017060913 1.093
2017060914 1.117
2017060915 1.192
2017060916 2.543
2017060917 3.244
2017060918 3.913
2017060919 4.758
2017060920 5.345
2017060921 6.059
2017060922 6.345
2017060923 6.944
2017061000 7.969
2017061001 8.365
2017061002 8.527
2017061003 8.932
2017061004 8.293
2017061005 6.517
2017061006 4.99
2017061007 3.676
2017061008 3.972
2017061009 3.402
2017061010 2.271
2017061011 1.642
2017061012 1.437
2017061013 1.216
2017061014 1.352
2017061015 1.685
2017061016 3.529
2017061017 5.764
2017061018 7.205
2017061019 9.454
2017061020 11.097
2017061021 11.446
2017061022 12.055
2017061023 13.102
