2017060100 110.609
2017060101 113.027
2017060102 116.163
2017060103 119.18
2017060104 117.643
2017060105 116.6
2017060106 116.005
2017060107 107.478
2017060108 107.229
2017060109 107.816
2017060110 107.212
2017060111 107.428
2017060112 108.961
2017060113 110.335
2017060114 110.434
2017060115 108.763
2017060116 111.666
2017060117 114.114
2017060118 116.142
2017060119 117.893
2017060120 119.007
2017060121 119.575
2017060122 119.667
2017060123 118.972
2017060200 117.814
2017060201 115.495
2017060202 113.79
2017060203 113.063
2017060204 112.962
2017060205 113.781
2017060206 115.896
2017060207 108.887
2017060208 109.719
2017060209 110.43
2017060210 108.077
2017060211 107.593
2017060212 107.138
2017060213 106.83
2017060214 107.272
2017060215 108.427
2017060216 113.887
2017060217 118.548
2017060218 121.966
2017060219 124.15
2017060220 125.688
2017060221 126.547
2017060222 126.577
2017060223 124.114
2017060300 119.614
2017060301 118.899
2017060302 117.805
2017060303 116.283
2017060304 113.976
2017060305 113.731
2017060306 115.687
2017060307 115.089
2017060308 114.749
2017060309 114.297
2017060310 111.904
2017060311 110.968
2017060312 110.101
2017060313 110.148
2017060314 110.619
2017060315 111.573
2017060316 114.715
2017060317 116.368
2017060318 114.981
2017060319 111.337
2017060320 108.906
2017060321 113.314
2017060322 127.436
2017060323 139.546
2017060400 145.467
2017060401 148.145
2017060402 146.583
2017060403 149.49
2017060404 147.361
2017060405 142.958
2017060406 139.911
2017060407 141.269
2017060408 145.364
2017060409 147.855
2017060410 121.336
2017060411 106.545
2017060412 108.851
2017060413 110.275
2017060414 110.224
2017060415 110.162
2017060416 106.19
2017060417 104.504
2017060418 106.945
2017060419 111.615
2017060420 115.684
2017060421 118.649
2017060422 120.583
2017060423 120.455
2017060500 117.375
2017060501 116.598
2017060502 117.082
2017060503 118.03
2017060504 114.754
2017060505 115.734
2017060506 116.915
2017060507 109.072
2017060508 108.463
2017060509 107.995
2017060510 107.43
2017060511 107.441
2017060512 107.386
2017060513 107.258
2017060514 106.683
2017060515 106.73
2017060516 110.192
2017060517 114.261
2017060518 117.569
2017060519 117.824
2017060520 117.695
2017060521 119.147
2017060522 121.331
2017060523 122.022
2017060600 122.623
2017060601 124.736
2017060602 127.524
2017060603 126.201
2017060604 124.067
2017060605 124.198
2017060606 126.17
2017060607 133.393
2017060608 135.965
2017060609 134.611
2017060610 128.065
2017060611 123.287
2017060612 116.712
2017060613 111.007
2017060614 105.058
2017060615 105.415
2017060616 109.754
2017060617 110.739
2017060618 125.606
2017060619 122.876
2017060620 114.295
2017060621 109.836
2017060622 109.141
2017060623 107.515
2017060700 105.813
2017060701 105.26
2017060702 105.467
2017060703 105.888
2017060704 105.161
2017060705 104.941
2017060706 104.417
2017060707 101.59
2017060708 101.432
2017060709 100.917
2017060710 100.065
2017060711 99.883
2017060712 99.049
2017060713 98.363
2017060714 98.21
2017060715 99.443
2017060716 102.758
2017060717 103.241
2017060718 103.061
2017060719 102.954
2017060720 102.996
2017060721 103.562
2017060722 104.996
2017060723 106.253
