2017060100 12.82
2017060101 11.511
2017060102 10.39
2017060103 10.355
2017060104 7.906
2017060105 5.899
2017060106 4.755
2017060107 2.443
2017060108 1.865
2017060109 1.422
2017060110 1.136
2017060111 1.041
2017060112 1.007
2017060113 1.057
2017060114 1.115
2017060115 1.245
2017060116 3.155
2017060117 4.762
2017060118 6.282
2017060119 8.964
2017060120 10.105
2017060121 10.752
2017060122 11.949
2017060123 13.375
2017060200 15.303
2017060201 16.096
2017060202 16.601
2017060203 16.539
2017060204 12.996
2017060205 9.618
2017060206 8.382
2017060207 5.375
2017060208 4.346
2017060209 3.127
2017060210 1.27
2017060211 1.111
2017060212 1.093
2017060213 1.182
2017060214 1.283
2017060215 1.442
2017060216 4.131
2017060217 6.716
2017060218 8.952
2017060219 10.699
2017060220 11.331
2017060221 11.882
2017060222 12.768
2017060223 13.434
2017060300 13.858
2017060301 14.384
2017060302 14.355
2017060303 13.735
2017060304 10.604
2017060305 7.314
2017060306 6.113
2017060307 6.875
2017060308 6.186
2017060309 4.707
2017060310 1.574
2017060311 1.263
2017060312 1.167
2017060313 1.317
2017060314 1.367
2017060315 1.49
2017060316 3.275
2017060317 4.866
2017060318 6.766
2017060319 7.386
2017060320 7.741
2017060321 7.794
2017060322 8.27
2017060323 8.576
2017060400 9.152
2017060401 9.67
2017060402 9.764
2017060403 9.188
2017060404 6.889
2017060405 5.041
2017060406 3.84
2017060407 2.829
2017060408 2.342
2017060409 2.13
2017060410 2.116
2017060411 1.836
2017060412 1.617
2017060413 1.109
2017060414 1.224
2017060415 1.498
2017060416 1.684
2017060417 2.027
2017060418 2.402
2017060419 4.568
2017060420 5.981
2017060421 6.997
2017060422 9.534
2017060423 11.919
2017060500 13.565
2017060501 15.132
2017060502 15.852
2017060503 15.076
2017060504 11.758
2017060505 8.975
2017060506 7.704
2017060507 4.77
2017060508 3.699
2017060509 2.403
2017060510 1.359
2017060511 1.107
2017060512 1.04
2017060513 1.099
2017060514 1.185
2017060515 1.341
2017060516 3.179
2017060517 4.412
2017060518 5.85
2017060519 6.519
2017060520 6.597
2017060521 6.723
2017060522 7.927
2017060523 8.878
2017060600 9.973
2017060601 11.805
2017060602 12.955
2017060603 12.638
2017060604 9.777
2017060605 6.644
2017060606 5.235
2017060607 3.921
2017060608 2.933
2017060609 2.073
2017060610 1.556
2017060611 1.302
2017060612 1.255
2017060613 1.716
2017060614 1.958
2017060615 2.248
2017060616 3.23
2017060617 5.148
2017060618 6.857
2017060619 6.111
2017060620 7.62
2017060621 6.807
2017060622 6.003
2017060623 5.679
2017060700 5.777
2017060701 6.107
2017060702 6.244
2017060703 6.178
2017060704 4.333
2017060705 3.615
2017060706 3.397
2017060707 2.872
2017060708 2.078
2017060709 1.613
2017060710 1.206
2017060711 1.093
2017060712 1.051
2017060713 1.345
2017060714 1.475
2017060715 1.618
2017060716 2.788
2017060717 3.777
2017060718 4.839
2017060719 6.648
2017060720 7.72
2017060721 8.238
2017060722 8.304
2017060723 8.523
2017060800 9.013
2017060801 10.118
2017060802 10.511
2017060803 10.232
2017060804 7.511
2017060805 6.126
2017060806 5.706
2017060807 4.856
2017060808 3.772
2017060809 2.784
2017060810 1.741
2017060811 1.427
2017060812 1.264
2017060813 1.181
2017060814 1.198
2017060815 1.337
2017060816 3.729
2017060817 6.094
2017060818 8.306
2017060819 10.708
2017060820 12.216
2017060821 13.229
2017060822 14.177
2017060823 14.847
2017060900 15.13
2017060901 12.658
2017060902 9.119
2017060903 6.245
2017060904 4.745
2017060905 4.316
2017060906 4.23
2017060907 2.52
2017060908 2.056
2017060909 1.698
2017060910 1.427
2017060911 1.61
2017060912 1.73
2017060913 1.723
2017060914 1.718
2017060915 1.816
2017060916 3.791
2017060917 5.273
2017060918 6.769
2017060919 7.605
2017060920 8.394
2017060921 9.034
2017060922 11.368
2017060923 14.109
2017061000 15.604
2017061001 16.18
2017061002 14.874
2017061003 11.924
2017061004 8.595
2017061005 7.165
2017061006 6.72
2017061007 5.334
2017061008 4.154
2017061009 3.175
2017061010 2.244
2017061011 1.665
2017061012 1.433
2017061013 1.136
2017061014 1.172
2017061015 1.338
2017061016 3.191
2017061017 4.627
2017061018 5.969
2017061019 8.193
2017061020 10.003
2017061021 11.338
2017061022 12.409
2017061023 13.27
