2017060100 14.053
2017060101 14.692
2017060102 14.763
2017060103 14.429
2017060104 12.832
2017060105 10.998
2017060106 9.808
2017060107 8.597
2017060108 7.891
2017060109 5.932
2017060110 2.417
2017060111 1.535
2017060112 1.302
2017060113 1.621
2017060114 1.813
2017060115 2.185
2017060116 4.862
2017060117 7.287
2017060118 9.819
2017060119 12.558
2017060120 13.831
2017060121 14.393
2017060122 15.377
2017060123 16.414
2017060200 17.089
2017060201 16.128
2017060202 14.453
2017060203 12.713
2017060204 11.121
2017060205 8.987
2017060206 8.237
2017060207 8.308
2017060208 7.538
2017060209 5.845
2017060210 2.736
2017060211 2.045
2017060212 1.826
2017060213 2.469
2017060214 3.04
2017060215 3.839
2017060216 6.333
2017060217 9.524
2017060218 13.49
2017060219 18.192
2017060220 20.555
2017060221 21.003
2017060222 20.81
2017060223 20.08
2017060300 18.899
2017060301 17.561
2017060302 14.46
2017060303 11.382
2017060304 8.768
2017060305 6.586
2017060306 6.192
2017060307 5.542
2017060308 5.123
2017060309 4.105
2017060310 2.139
2017060311 1.763
2017060312 1.614
2017060313 1.952
2017060314 2.179
2017060315 2.637
2017060316 4.411
2017060317 5.448
2017060318 6.098
2017060319 7.066
2017060320 7.268
2017060321 7.07
2017060322 8.725
2017060323 9.825
2017060400 10.395
2017060401 7.276
2017060402 6.72
2017060403 4.736
2017060404 3.98
2017060405 3.789
2017060406 4.184
2017060407 4.747
2017060408 4.802
2017060409 4.111
2017060410 2.387
2017060411 1.761
2017060412 1.574
2017060413 1.256
2017060414 1.364
2017060415 1.6
2017060416 3.909
2017060417 5.914
2017060418 7.321
2017060419 8.184
2017060420 8.401
2017060421 8.563
2017060422 8.297
2017060423 7.371
2017060500 6.555
2017060501 6.996
2017060502 7.491
2017060503 7.906
2017060504 7.925
2017060505 7.509
2017060506 7.571
2017060507 8.132
2017060508 8.568
2017060509 8.177
2017060510 6.874
2017060511 6.056
2017060512 5.165
2017060513 4.537
2017060514 4.065
2017060515 4.409
2017060516 5.045
2017060517 6.56
2017060518 8.456
2017060519 12.313
2017060520 15.05
2017060521 16.88
2017060522 17.882
2017060523 17.879
2017060600 16.861
2017060601 16.395
2017060602 15.65
2017060603 15.066
2017060604 14.367
2017060605 11.977
2017060606 7.516
2017060607 3.411
2017060608 2.898
2017060609 2.224
2017060610 1.737
2017060611 1.355
2017060612 1.287
2017060613 1.154
2017060614 1.263
2017060615 1.434
2017060616 2.272
2017060617 2.707
2017060618 3.012
2017060619 4.358
2017060620 5.284
2017060621 5.826
2017060622 6.085
2017060623 6.087
2017060700 5.941
2017060701 6.009
2017060702 5.399
2017060703 4.675
2017060704 3.689
2017060705 3.046
2017060706 3.093
2017060707 2.556
2017060708 2.366
2017060709 1.963
2017060710 1.375
2017060711 1.059
2017060712 0.989
2017060713 1.002
2017060714 1.076
2017060715 1.26
2017060716 3.286
2017060717 4.898
2017060718 6.311
2017060719 10.662
2017060720 13.965
2017060721 15.915
2017060722 17.199
2017060723 17.356
2017060800 16.432
2017060801 15.078
2017060802 13.185
2017060803 11.132
2017060804 8.819
2017060805 5.988
2017060806 5.692
2017060807 5.482
2017060808 5.267
2017060809 4.409
2017060810 2.891
2017060811 2.207
2017060812 1.953
2017060813 1.764
2017060814 1.942
2017060815 2.317
2017060816 5.952
2017060817 9.661
2017060818 13.253
2017060819 16.606
2017060820 17.372
2017060821 15.404
2017060822 13.144
2017060823 11.622
2017060900 10.379
2017060901 9.474
2017060902 8.866
2017060903 7.759
2017060904 6.889
2017060905 6.288
2017060906 6.809
2017060907 5.72
2017060908 5.525
2017060909 4.814
2017060910 3.3
2017060911 2.269
2017060912 1.923
2017060913 1.995
2017060914 2.14
2017060915 2.434
2017060916 5.298
2017060917 7.566
2017060918 9.264
2017060919 9.141
2017060920 8.797
2017060921 9.038
2017060922 10.054
2017060923 10.309
2017061000 10.046
2017061001 10.211
2017061002 10.624
2017061003 10.741
2017061004 10.277
2017061005 8.429
2017061006 7.443
2017061007 6.861
2017061008 6.229
2017061009 4.764
2017061010 2.015
2017061011 1.457
2017061012 1.3
2017061013 1.33
2017061014 1.391
2017061015 1.558
2017061016 4.616
2017061017 7.58
2017061018 9.864
2017061019 11.987
2017061020 12.846
2017061021 12.73
2017061022 11.6
2017061023 10.585
