2017060100 14.445
2017060101 15.533
2017060102 15.653
2017060103 14.865
2017060104 14.027
2017060105 11.814
2017060106 10.871
2017060107 5.957
2017060108 4.707
2017060109 3.208
2017060110 1.673
2017060111 1.317
2017060112 1.229
2017060113 1.347
2017060114 1.397
2017060115 1.482
2017060116 4.308
2017060117 5.884
2017060118 7.912
2017060119 9.141
2017060120 11.026
2017060121 11.813
2017060122 12.947
2017060123 14.226
2017060200 15.685
2017060201 16.304
2017060202 16.163
2017060203 15.802
2017060204 13.736
2017060205 10.312
2017060206 8.983
2017060207 7.523
2017060208 6.634
2017060209 5.839
2017060210 2.534
2017060211 2.015
2017060212 1.678
2017060213 1.564
2017060214 1.636
2017060215 1.843
2017060216 5.666
2017060217 9.003
2017060218 7.916
2017060219 6.566
2017060220 7.473
2017060221 10.085
2017060222 12.871
2017060223 14.4
2017060300 15.381
2017060301 15.342
2017060302 15.236
2017060303 15.15
2017060304 13.599
2017060305 11.05
2017060306 9.443
2017060307 7.321
2017060308 5.256
2017060309 3.707
2017060310 2.642
2017060311 1.931
2017060312 1.562
2017060313 1.224
2017060314 1.285
2017060315 1.477
2017060316 3.958
2017060317 5.961
2017060318 8.876
2017060319 11.876
2017060320 13.572
2017060321 14.479
2017060322 14.798
2017060323 14.537
2017060400 14.005
2017060401 15.768
2017060402 16.442
2017060403 15.54
2017060404 12.019
2017060405 8.893
2017060406 7.342
2017060407 4.28
2017060408 2.392
2017060409 1.475
2017060410 1.266
2017060411 1.261
2017060412 1.403
2017060413 1.178
2017060414 1.095
2017060415 1.275
2017060416 2.316
2017060417 2.922
2017060418 3.405
2017060419 6.605
2017060420 7.421
2017060421 7.361
2017060422 7.621
2017060423 8.689
2017060500 10.525
2017060501 12.071
2017060502 12.925
2017060503 13.17
2017060504 12.472
2017060505 10.704
2017060506 9.732
2017060507 4.828
2017060508 3.462
2017060509 2.275
2017060510 1.454
2017060511 1.26
2017060512 1.205
2017060513 1.36
2017060514 1.477
2017060515 1.678
2017060516 4.297
2017060517 6.421
2017060518 7.877
2017060519 8.339
2017060520 9.879
2017060521 11.294
2017060522 14.768
2017060523 15.811
2017060600 15.467
2017060601 13.49
2017060602 12.811
2017060603 12.491
2017060604 10.634
2017060605 8.553
2017060606 6.276
2017060607 3.129
2017060608 2.783
2017060609 2.358
2017060610 2.498
2017060611 2.381
2017060612 2.243
2017060613 1.753
2017060614 1.88
2017060615 2.164
2017060616 2.65
2017060617 3.103
2017060618 3.492
2017060619 4.039
2017060620 4.286
2017060621 4.597
2017060622 4.922
2017060623 4.97
2017060700 5.016
2017060701 5.405
2017060702 5.767
2017060703 5.708
2017060704 4.062
2017060705 3.102
2017060706 2.743
2017060707 2.047
2017060708 1.65
2017060709 1.245
2017060710 0.997
2017060711 0.862
2017060712 0.817
2017060713 0.884
2017060714 0.989
2017060715 1.133
2017060716 1.789
2017060717 2.175
2017060718 2.686
2017060719 4.835
2017060720 5.715
2017060721 6.193
2017060722 7.102
2017060723 7.471
2017060800 7.651
2017060801 8.044
2017060802 8.018
2017060803 7.677
2017060804 6.256
2017060805 5.414
2017060806 5.12
2017060807 3.439
2017060808 2.841
2017060809 2.11
2017060810 1.411
2017060811 1.202
2017060812 1.152
2017060813 1.238
2017060814 1.318
2017060815 1.457
2017060816 4.469
2017060817 7.332
2017060818 10.69
2017060819 14.524
2017060820 16.623
2017060821 17.594
2017060822 18.121
2017060823 17.767
2017060900 16.748
2017060901 16.589
2017060902 16.566
2017060903 15.498
2017060904 11.305
2017060905 7.85
2017060906 7.183
2017060907 6.288
2017060908 5.228
2017060909 3.758
2017060910 2.046
2017060911 1.688
2017060912 1.621
2017060913 1.379
2017060914 1.331
2017060915 1.429
2017060916 3.245
2017060917 4.428
2017060918 4.891
2017060919 6.645
2017060920 6.892
2017060921 7.267
2017060922 6.992
2017060923 6.808
2017061000 6.201
2017061001 6.872
2017061002 6.857
2017061003 6.639
2017061004 5.327
2017061005 4.636
2017061006 4.402
2017061007 3.039
2017061008 2.363
2017061009 1.877
2017061010 1.399
2017061011 1.254
2017061012 1.159
2017061013 1.104
2017061014 1.096
2017061015 1.176
2017061016 3.319
2017061017 4.951
2017061018 6.554
2017061019 8.686
2017061020 9.675
2017061021 9.896
2017061022 11.212
2017061023 12.77
