2017060100 132.261
2017060101 145.088
2017060102 143.628
2017060103 141.61
2017060104 134.447
2017060105 135.049
2017060106 136.393
2017060107 127.821
2017060108 129.988
2017060109 134.079
2017060110 123.82
2017060111 121.749
2017060112 119.779
2017060113 116.83
2017060114 114.41
2017060115 112.085
2017060116 119.247
2017060117 130.817
2017060118 145.978
2017060119 161.018
2017060120 173.892
2017060121 174.095
2017060122 177.537
2017060123 186.232
2017060200 192.683
2017060201 195.517
2017060202 194.416
2017060203 194.429
2017060204 187.997
2017060205 188.677
2017060206 190.73
2017060207 141.375
2017060208 136.719
2017060209 132.579
2017060210 120.152
2017060211 118.36
2017060212 117.311
2017060213 116.97
2017060214 116.716
2017060215 117.219
2017060216 123.592
2017060217 129.85
2017060218 135.38
2017060219 142.63
2017060220 147.981
2017060221 146.828
2017060222 147.221
2017060223 158.2
2017060300 173.645
2017060301 175.699
2017060302 167.586
2017060303 153.033
2017060304 149.196
2017060305 153.219
2017060306 160.368
2017060307 159.871
2017060308 164.392
2017060309 168.7
2017060310 149.556
2017060311 143.755
2017060312 135.019
2017060313 127.985
2017060314 123.044
2017060315 120.86
2017060316 127.361
2017060317 131.49
2017060318 133.271
2017060319 132.723
2017060320 128.51
2017060321 121.078
2017060322 112.84
2017060323 113.227
2017060400 117.622
2017060401 120.775
2017060402 131.594
2017060403 143.696
2017060404 144.682
2017060405 144.185
2017060406 145.311
2017060407 135.961
2017060408 135.992
2017060409 137.786
2017060410 138.113
2017060411 131.947
2017060412 112.505
2017060413 105.006
2017060414 119.214
2017060415 118.241
2017060416 127.324
2017060417 136.375
2017060418 145.178
2017060419 152.741
2017060420 156.436
2017060421 159.216
2017060422 163.465
2017060423 166.523
2017060500 167.86
2017060501 168.715
2017060502 166.307
2017060503 159.695
2017060504 146.796
2017060505 145.043
2017060506 141.927
2017060507 127.115
2017060508 126.125
2017060509 125.542
2017060510 118.286
2017060511 116.685
2017060512 115.203
2017060513 113.361
2017060514 112.916
2017060515 112.269
2017060516 115.125
2017060517 116.394
2017060518 117.082
2017060519 116.473
2017060520 116.5
2017060521 120.322
2017060522 126.545
2017060523 131.759
2017060600 135.747
2017060601 138.343
2017060602 140.749
2017060603 142.892
2017060604 135.118
2017060605 131.044
2017060606 131.389
2017060607 119.413
2017060608 117.58
2017060609 115.467
2017060610 110.782
2017060611 105.659
2017060612 105.437
2017060613 108.731
2017060614 111.792
2017060615 107.699
2017060616 109.185
2017060617 110.034
2017060618 103.719
2017060619 111.114
2017060620 119.929
2017060621 109.233
2017060622 105.04
2017060623 103.243
2017060700 103.925
2017060701 105.824
2017060702 108.585
2017060703 111.049
2017060704 110.544
2017060705 111.339
2017060706 112.877
2017060707 112.214
2017060708 111.755
2017060709 112.119
2017060710 109.988
2017060711 108.812
2017060712 109.042
2017060713 112.218
2017060714 112.814
2017060715 110.56
2017060716 113.312
2017060717 111.418
2017060718 108.935
2017060719 107.749
2017060720 106.389
2017060721 106.558
2017060722 107.453
2017060723 107.989
