2017060100 114.117
2017060101 115.365
2017060102 116.552
2017060103 117.631
2017060104 118.211
2017060105 120.201
2017060106 123.836
2017060107 112.921
2017060108 112.87
2017060109 112.409
2017060110 108.636
2017060111 107.722
2017060112 107.091
2017060113 106.961
2017060114 106.529
2017060115 106.107
2017060116 111.686
2017060117 113.106
2017060118 114.051
2017060119 114.132
2017060120 116.918
2017060121 119.212
2017060122 120.575
2017060123 121.728
2017060200 123.53
2017060201 124.268
2017060202 124.521
2017060203 125.052
2017060204 126.014
2017060205 128.376
2017060206 133.736
2017060207 122.553
2017060208 122.985
2017060209 124.216
2017060210 115.775
2017060211 116.264
2017060212 116.526
2017060213 115.061
2017060214 115.102
2017060215 115.691
2017060216 124.411
2017060217 130.088
2017060218 124.55
2017060219 119.852
2017060220 121.751
2017060221 126.755
2017060222 131.003
2017060223 133.557
2017060300 135.114
2017060301 135.325
2017060302 135.131
2017060303 135.702
2017060304 134.842
2017060305 135.352
2017060306 137.567
2017060307 124.78
2017060308 120.187
2017060309 118.007
2017060310 116.335
2017060311 114.181
2017060312 108.919
2017060313 104.532
2017060314 102.636
2017060315 103.048
2017060316 109.954
2017060317 114.611
2017060318 120.017
2017060319 124.446
2017060320 127.51
2017060321 130.197
2017060322 132.576
2017060323 134.508
2017060400 136.638
2017060401 140.56
2017060402 144.838
2017060403 147.869
2017060404 148.318
2017060405 148.852
2017060406 150.892
2017060407 128.058
2017060408 111.74
2017060409 103.89
2017060410 105.225
2017060411 109.659
2017060412 112.678
2017060413 101.86
2017060414 99.242
2017060415 105.156
2017060416 118.319
2017060417 125.082
2017060418 123.304
2017060419 124.402
2017060420 123.293
2017060421 121.469
2017060422 121.004
2017060423 121.784
2017060500 123.592
2017060501 125.607
2017060502 127.314
2017060503 128.553
2017060504 129.651
2017060505 131.584
2017060506 134.999
2017060507 131.191
2017060508 129.92
2017060509 127.296
2017060510 119.909
2017060511 116.406
2017060512 114.18
2017060513 113.615
2017060514 113.405
2017060515 113.229
2017060516 118.395
2017060517 121.71
2017060518 122.556
2017060519 121.567
2017060520 121.648
2017060521 121.984
2017060522 124.833
2017060523 124.736
2017060600 123.654
2017060601 121.789
2017060602 121.336
2017060603 121.772
2017060604 121.484
2017060605 121.895
2017060606 122.206
2017060607 116.044
2017060608 117.346
2017060609 119.15
2017060610 122.336
2017060611 124.162
2017060612 123.208
2017060613 121.363
2017060614 126.276
2017060615 136.574
2017060616 133.195
2017060617 126.759
2017060618 118.487
2017060619 112.82
2017060620 110.653
2017060621 110.366
2017060622 110.133
2017060623 109.216
2017060700 108.054
2017060701 107.574
2017060702 107.931
2017060703 107.603
2017060704 104.661
2017060705 103.197
2017060706 103.555
2017060707 102.336
2017060708 102.028
2017060709 101.19
2017060710 100.158
2017060711 98.945
2017060712 97.832
2017060713 98.036
2017060714 100.669
2017060715 103.086
2017060716 106.512
2017060717 106.041
2017060718 107.316
2017060719 110.055
2017060720 110.79
2017060721 110.737
2017060722 110.903
2017060723 111.248
