2017060100 18.148
2017060101 17.375
2017060102 17.392
2017060103 18.153
2017060104 13.091
2017060105 11.501
2017060106 10.571
2017060107 5.538
2017060108 5.608
2017060109 4.78
2017060110 2.932
2017060111 2.396
2017060112 2.145
2017060113 2.168
2017060114 2.257
2017060115 2.62
2017060116 5.158
2017060117 7.369
2017060118 8.461
2017060119 13.963
2017060120 17.064
2017060121 18.466
2017060122 20.947
2017060123 22.823
2017060200 23.177
2017060201 22.271
2017060202 22.368
2017060203 21.851
2017060204 17.518
2017060205 14.084
2017060206 13.491
2017060207 8.312
2017060208 7.785
2017060209 6.811
2017060210 4.271
2017060211 2.984
2017060212 2.472
2017060213 2.513
2017060214 2.606
2017060215 2.902
2017060216 5.401
2017060217 6.587
2017060218 7.235
2017060219 12.248
2017060220 14.504
2017060221 15.579
2017060222 16.645
2017060223 18.113
2017060300 19.413
2017060301 20.001
2017060302 20.652
2017060303 20.416
2017060304 15.904
2017060305 12.759
2017060306 12.356
2017060307 6.418
2017060308 5.379
2017060309 3.99
2017060310 2.137
2017060311 1.799
2017060312 1.688
2017060313 1.77
2017060314 1.814
2017060315 2.006
2017060316 6.97
2017060317 10.45
2017060318 13.492
2017060319 17.277
2017060320 17.469
2017060321 16.433
2017060322 14.222
2017060323 12.588
2017060400 11.385
2017060401 10.235
2017060402 9.868
2017060403 9.572
2017060404 8.383
2017060405 7.974
2017060406 8.072
2017060407 6.353
2017060408 4.994
2017060409 3.6
2017060410 2.689
2017060411 2.237
2017060412 2.725
2017060413 2.502
2017060414 2.376
2017060415 2.801
2017060416 3.276
2017060417 3.824
2017060418 4.32
2017060419 9.638
2017060420 11.444
2017060421 11.896
2017060422 12.892
2017060423 14.649
2017060500 16.565
2017060501 17.082
2017060502 17.187
2017060503 16.739
2017060504 14.417
2017060505 12.603
2017060506 12.817
2017060507 4.854
2017060508 4.373
2017060509 3.534
2017060510 2.793
2017060511 2.256
2017060512 1.983
2017060513 1.981
2017060514 2.131
2017060515 2.518
2017060516 5.618
2017060517 7.32
2017060518 8.105
2017060519 10.258
2017060520 10.581
2017060521 10.679
2017060522 11.95
2017060523 12.876
2017060600 13.214
2017060601 13.947
2017060602 12.882
2017060603 11.148
2017060604 8.914
2017060605 8.382
2017060606 8.852
2017060607 8.049
2017060608 6.951
2017060609 5.127
2017060610 2.519
2017060611 1.972
2017060612 1.83
2017060613 3.74
2017060614 4.644
2017060615 5.797
2017060616 4.793
2017060617 5.239
2017060618 5.065
2017060619 5.497
2017060620 5.253
2017060621 5.48
2017060622 5.776
2017060623 5.789
2017060700 5.621
2017060701 5.53
2017060702 5.321
2017060703 5.442
2017060704 4.356
2017060705 3.88
2017060706 3.685
2017060707 2.919
2017060708 2.429
2017060709 1.953
2017060710 1.34
2017060711 1.28
2017060712 1.306
2017060713 1.543
2017060714 1.68
2017060715 1.988
2017060716 2.79
2017060717 3.247
2017060718 3.551
2017060719 6.941
2017060720 7.715
2017060721 8.028
2017060722 8.338
2017060723 8.38
2017060800 8.269
2017060801 7.311
2017060802 7.608
2017060803 8.04
2017060804 7.357
2017060805 6.657
2017060806 6.782
2017060807 4.161
2017060808 3.421
2017060809 2.6
2017060810 1.847
2017060811 1.664
2017060812 1.605
2017060813 1.702
2017060814 1.837
2017060815 2.153
2017060816 6.919
2017060817 9.058
2017060818 8.705
2017060819 10.12
2017060820 10.047
2017060821 10.257
2017060822 10.872
2017060823 11.097
2017060900 11.159
2017060901 11.98
2017060902 12.523
2017060903 12.799
2017060904 11.212
2017060905 9.206
2017060906 8.771
2017060907 6.128
2017060908 3.825
2017060909 2.685
2017060910 1.914
2017060911 1.864
2017060912 1.995
2017060913 1.723
2017060914 1.8
2017060915 2.071
2017060916 7.417
2017060917 10.205
2017060918 12.129
2017060919 10.938
2017060920 9.157
2017060921 7.487
2017060922 8.261
2017060923 8.245
2017061000 7.898
2017061001 8.608
2017061002 8.54
2017061003 8.705
2017061004 8.253
2017061005 8.464
2017061006 8.763
2017061007 6.402
2017061008 6.177
2017061009 4.635
2017061010 2.327
2017061011 1.87
2017061012 1.777
2017061013 1.864
2017061014 1.99
2017061015 2.351
2017061016 4.48
2017061017 6.441
2017061018 7.517
2017061019 13.298
2017061020 17.381
2017061021 20.098
2017061022 23.524
2017061023 25.949
