2017060100 178.158
2017060101 178.484
2017060102 179.208
2017060103 181.144
2017060104 175.791
2017060105 180.419
2017060106 193.997
2017060107 185.002
2017060108 193.695
2017060109 199.599
2017060110 176.63
2017060111 165.792
2017060112 152.322
2017060113 142.052
2017060114 136.959
2017060115 142.914
2017060116 171.727
2017060117 189.93
2017060118 201.376
2017060119 207.529
2017060120 212.174
2017060121 216.046
2017060122 221.212
2017060123 225.767
2017060200 229.183
2017060201 228.106
2017060202 225.738
2017060203 220.223
2017060204 216.858
2017060205 221.909
2017060206 240.656
2017060207 214.603
2017060208 218.693
2017060209 221.545
2017060210 175.76
2017060211 164.531
2017060212 155.919
2017060213 164.451
2017060214 175.471
2017060215 192.864
2017060216 227.562
2017060217 258.297
2017060218 281.922
2017060219 301.703
2017060220 315.006
2017060221 318.043
2017060222 314.729
2017060223 306.487
2017060300 294.23
2017060301 279.785
2017060302 243.697
2017060303 209.029
2017060304 190.657
2017060305 186.113
2017060306 197.245
2017060307 172.622
2017060308 174.506
2017060309 177.072
2017060310 152.097
2017060311 148.59
2017060312 143.573
2017060313 146.559
2017060314 146.628
2017060315 149.332
2017060316 151.97
2017060317 149.147
2017060318 146.099
2017060319 143.554
2017060320 139.628
2017060321 133.166
2017060322 139.432
2017060323 142.804
2017060400 145.052
2017060401 123.648
2017060402 118.477
2017060403 106.536
2017060404 102.836
2017060405 105.761
2017060406 112.854
2017060407 119.582
2017060408 122.87
2017060409 122.161
2017060410 117.551
2017060411 121.072
2017060412 124.091
2017060413 119.707
2017060414 121.433
2017060415 124.498
2017060416 142.07
2017060417 150.101
2017060418 148.178
2017060419 144.592
2017060420 146.281
2017060421 150.076
2017060422 150.303
2017060423 144.156
2017060500 136.656
2017060501 136.314
2017060502 138.595
2017060503 142.745
2017060504 148.278
2017060505 157.52
2017060506 171.967
2017060507 183.682
2017060508 190.573
2017060509 189.321
2017060510 184.289
2017060511 184.591
2017060512 186.408
2017060513 196.094
2017060514 207.996
2017060515 220.916
2017060516 223.828
2017060517 227.511
2017060518 228.862
2017060519 244.008
2017060520 259.85
2017060521 275.879
2017060522 286.932
2017060523 286.211
2017060600 275.588
2017060601 273.455
2017060602 272.81
2017060603 274.75
2017060604 277.949
2017060605 266.092
2017060606 209.879
2017060607 141.294
2017060608 135.005
2017060609 129.954
2017060610 130.349
2017060611 125.858
2017060612 124.507
2017060613 120.905
2017060614 121.367
2017060615 119.514
2017060616 121.864
2017060617 120.187
2017060618 117.216
2017060619 118.523
2017060620 118.675
2017060621 119.135
2017060622 118.84
2017060623 117.772
2017060700 116.718
2017060701 115.857
2017060702 112.503
2017060703 108.802
2017060704 104.9
2017060705 106.301
2017060706 112.727
2017060707 112.935
2017060708 114.607
2017060709 115.213
2017060710 113.35
2017060711 111.829
2017060712 111.432
2017060713 111.003
2017060714 111.485
2017060715 113.012
2017060716 128.998
2017060717 135.355
2017060718 136.478
2017060719 149.228
2017060720 159.61
2017060721 168.493
2017060722 174.663
2017060723 178.116
