2017060100 7.667
2017060101 7.51
2017060102 7.142
2017060103 6.849
2017060104 6.3
2017060105 5.49
2017060106 5.2
2017060107 4.216
2017060108 3.675
2017060109 2.731
2017060110 2.006
2017060111 1.561
2017060112 1.412
2017060113 1.677
2017060114 1.944
2017060115 2.395
2017060116 3.721
2017060117 5.174
2017060118 5.602
2017060119 5.938
2017060120 6.311
2017060121 7.116
2017060122 7.731
2017060123 7.765
2017060200 7.407
2017060201 6.757
2017060202 5.957
2017060203 5.131
2017060204 4.489
2017060205 3.882
2017060206 4.006
2017060207 3.608
2017060208 3.4
2017060209 2.727
2017060210 1.71
2017060211 1.468
2017060212 1.413
2017060213 1.604
2017060214 1.803
2017060215 2.125
2017060216 3.6
2017060217 5.456
2017060218 7.863
2017060219 10.337
2017060220 11.265
2017060221 11.089
2017060222 10.722
2017060223 10.121
2017060300 9.251
2017060301 8.227
2017060302 6.946
2017060303 5.794
2017060304 4.651
2017060305 4.023
2017060306 3.845
2017060307 2.854
2017060308 2.581
2017060309 2.166
2017060310 1.727
2017060311 1.492
2017060312 1.419
2017060313 1.442
2017060314 1.454
2017060315 1.519
2017060316 2.73
2017060317 3.351
2017060318 3.82
2017060319 4.515
2017060320 4.195
2017060321 3.8
2017060322 3.723
2017060323 3.891
2017060400 4.023
2017060401 3.506
2017060402 3.472
2017060403 3.214
2017060404 3.182
2017060405 2.735
2017060406 2.79
2017060407 2.95
2017060408 3.012
2017060409 2.62
2017060410 1.991
2017060411 1.516
2017060412 1.307
2017060413 0.987
2017060414 1.03
2017060415 1.151
2017060416 2.175
2017060417 2.989
2017060418 3.688
2017060419 5.333
2017060420 6.059
2017060421 6.842
2017060422 7.68
2017060423 8.482
2017060500 8.949
2017060501 9.298
2017060502 9.154
2017060503 8.572
2017060504 7.714
2017060505 6.683
2017060506 6.048
2017060507 6.106
2017060508 6.276
2017060509 5.742
2017060510 4.523
2017060511 3.26
2017060512 2.161
2017060513 1.715
2017060514 1.683
2017060515 1.942
2017060516 2.74
2017060517 3.896
2017060518 5.321
2017060519 7.217
2017060520 8.139
2017060521 8.414
2017060522 8.328
2017060523 7.941
2017060600 7.4
2017060601 7.052
2017060602 6.809
2017060603 6.507
2017060604 5.985
2017060605 4.947
2017060606 4.53
2017060607 3.594
2017060608 2.75
2017060609 1.919
2017060610 1.234
2017060611 0.886
2017060612 0.843
2017060613 0.749
2017060614 0.798
2017060615 0.869
2017060616 1.258
2017060617 1.47
2017060618 1.772
2017060619 2.876
2017060620 3.117
2017060621 3.087
2017060622 3.177
2017060623 3.124
2017060700 2.842
2017060701 3.222
2017060702 3.275
2017060703 3.13
2017060704 2.664
2017060705 2.326
2017060706 2.266
2017060707 2.061
2017060708 1.737
2017060709 1.352
2017060710 0.918
2017060711 0.678
2017060712 0.614
2017060713 0.597
2017060714 0.646
2017060715 0.745
2017060716 1.475
2017060717 2.22
2017060718 3.09
2017060719 5.649
2017060720 6.883
2017060721 7.036
2017060722 6.847
2017060723 6.578
2017060800 6.309
2017060801 6.222
2017060802 6.035
2017060803 5.787
2017060804 5.266
2017060805 4.192
2017060806 3.874
2017060807 3.666
2017060808 3.45
2017060809 2.665
2017060810 1.662
2017060811 1.371
2017060812 1.229
2017060813 1.346
2017060814 1.229
2017060815 1.309
2017060816 2.753
2017060817 3.391
2017060818 4.039
2017060819 4.73
2017060820 5.154
2017060821 5.609
2017060822 6.069
2017060823 6.458
2017060900 6.547
2017060901 6.8
2017060902 6.586
2017060903 5.947
2017060904 5.094
2017060905 4.112
2017060906 3.914
2017060907 2.714
2017060908 2.368
2017060909 2.003
2017060910 1.703
2017060911 1.432
2017060912 1.296
2017060913 1.58
2017060914 1.794
2017060915 2.115
2017060916 3.561
2017060917 4.652
2017060918 5.717
2017060919 6.776
2017060920 7.999
2017060921 9.338
2017060922 9.848
2017060923 9.411
2017061000 7.453
2017061001 6.143
2017061002 6.102
2017061003 6.043
2017061004 5.906
2017061005 5.277
2017061006 5.03
2017061007 4.296
2017061008 3.698
2017061009 2.562
2017061010 1.328
2017061011 1.083
2017061012 1.014
2017061013 0.892
2017061014 0.966
2017061015 1.108
2017061016 2.465
2017061017 3.951
2017061018 5.625
2017061019 7.392
2017061020 8.288
2017061021 8.664
2017061022 8.659
2017061023 8.361
