2017060100 13.234
2017060101 13.704
2017060102 14.495
2017060103 15.026
2017060104 10.872
2017060105 9.385
2017060106 8.706
2017060107 4.634
2017060108 3.874
2017060109 3.243
2017060110 2.881
2017060111 2.592
2017060112 2.467
2017060113 2.949
2017060114 3.314
2017060115 3.91
2017060116 11.043
2017060117 16.825
2017060118 21.05
2017060119 23.037
2017060120 22.596
2017060121 21.843
2017060122 22.948
2017060123 26.197
2017060200 29.161
2017060201 27.416
2017060202 26.326
2017060203 25.34
2017060204 19.068
2017060205 15.062
2017060206 14.427
2017060207 9.147
2017060208 8.207
2017060209 7.189
2017060210 5.111
2017060211 4.162
2017060212 3.656
2017060213 3.208
2017060214 3.385
2017060215 3.949
2017060216 13.356
2017060217 23.169
2017060218 34.712
2017060219 44.552
2017060220 49.08
2017060221 49.375
2017060222 49.105
2017060223 49.989
2017060300 52.731
2017060301 48.786
2017060302 47.142
2017060303 43.911
2017060304 33.527
2017060305 22.864
2017060306 17.247
2017060307 16.255
2017060308 17.388
2017060309 18.731
2017060310 8.658
2017060311 6.758
2017060312 5.495
2017060313 6.413
2017060314 7.412
2017060315 8.381
2017060316 14.242
2017060317 19.134
2017060318 22.902
2017060319 26.406
2017060320 25.439
2017060321 23.478
2017060322 23.294
2017060323 23.507
2017060400 23.738
2017060401 22.653
2017060402 21.185
2017060403 19.13
2017060404 10.619
2017060405 7.663
2017060406 6.813
2017060407 3.56
2017060408 2.756
2017060409 2.309
2017060410 2.025
2017060411 1.919
2017060412 1.957
2017060413 3.15
2017060414 3.663
2017060415 4.276
2017060416 4.896
2017060417 5.912
2017060418 6.273
2017060419 7.463
2017060420 8.462
2017060421 9.528
2017060422 11.847
2017060423 12.817
2017060500 12.835
2017060501 13.614
2017060502 13.332
2017060503 12.236
2017060504 7.175
2017060505 7.201
2017060506 7.767
2017060507 6.766
2017060508 7.82
2017060509 9.15
2017060510 8.834
2017060511 8.803
2017060512 6.963
2017060513 5.606
2017060514 6.204
2017060515 7.816
2017060516 13.651
2017060517 17.603
2017060518 21.886
2017060519 28.094
2017060520 28.999
2017060521 26.066
2017060522 27.013
2017060523 26.006
2017060600 25.307
2017060601 22.493
2017060602 21.275
2017060603 20.232
2017060604 10.678
2017060605 7.663
2017060606 6.698
2017060607 3.797
2017060608 3.021
2017060609 2.628
2017060610 2.481
2017060611 2.44
2017060612 2.42
2017060613 3.22
2017060614 3.413
2017060615 3.779
2017060616 6.576
2017060617 7.359
2017060618 7.307
2017060619 7.048
2017060620 7.311
2017060621 8.319
2017060622 10.767
2017060623 11.23
2017060700 10.552
2017060701 9.531
2017060702 8.928
2017060703 9.378
2017060704 7.007
2017060705 6.219
2017060706 5.739
2017060707 4.811
2017060708 4.362
2017060709 3.98
2017060710 2.638
2017060711 2.261
2017060712 2.154
2017060713 2.379
2017060714 2.617
2017060715 2.897
2017060716 9.461
2017060717 11.869
2017060718 12.729
2017060719 11.45
2017060720 12.219
2017060721 13.38
2017060722 16.729
2017060723 17.958
2017060800 18.514
2017060801 19.418
2017060802 20.448
2017060803 19.93
2017060804 13.862
2017060805 12.82
2017060806 13.554
2017060807 6.726
2017060808 6.445
2017060809 6.024
2017060810 5.858
2017060811 5.016
2017060812 4.256
2017060813 3.667
2017060814 3.939
2017060815 4.669
2017060816 13.559
2017060817 22.063
2017060818 31.911
2017060819 39.361
2017060820 40.867
2017060821 38.958
2017060822 37.029
2017060823 35.774
2017060900 34.709
2017060901 34.395
2017060902 33.419
2017060903 30.7
2017060904 23.974
2017060905 19.767
2017060906 19.069
2017060907 6.322
2017060908 6.148
2017060909 5.619
2017060910 3.802
2017060911 3.221
2017060912 3
2017060913 4.642
2017060914 6.078
2017060915 7.719
2017060916 14.913
2017060917 20.515
2017060918 20.144
2017060919 22.543
2017060920 25.288
2017060921 27.164
2017060922 24.223
2017060923 21.473
2017061000 18.324
2017061001 17.462
2017061002 17.687
2017061003 17.576
2017061004 12.093
2017061005 10.543
2017061006 10.624
2017061007 10.557
2017061008 9.864
2017061009 8.362
2017061010 7.006
2017061011 5.572
2017061012 4.463
2017061013 3.246
2017061014 3.309
2017061015 3.893
2017061016 8.732
2017061017 11.878
2017061018 15.167
2017061019 18.018
2017061020 20.533
2017061021 21.577
2017061022 24.09
2017061023 25.579
