2017060100 158.154
2017060101 157.619
2017060102 154.014
2017060103 153.343
2017060104 135.854
2017060105 135.803
2017060106 146.214
2017060107 145.947
2017060108 151.36
2017060109 151.901
2017060110 125.937
2017060111 124.149
2017060112 122.953
2017060113 121.015
2017060114 121.119
2017060115 123.495
2017060116 163.264
2017060117 185.865
2017060118 201.806
2017060119 202.828
2017060120 205.17
2017060121 205.546
2017060122 211.181
2017060123 211.607
2017060200 209.016
2017060201 187.622
2017060202 190.944
2017060203 200.505
2017060204 189.088
2017060205 196.555
2017060206 207.394
2017060207 153.415
2017060208 159.884
2017060209 161.545
2017060210 145.212
2017060211 143.885
2017060212 143.401
2017060213 144.263
2017060214 146.587
2017060215 151.521
2017060216 190.072
2017060217 213.401
2017060218 204.963
2017060219 213.133
2017060220 222.33
2017060221 222.527
2017060222 213.756
2017060223 203.685
2017060300 195.419
2017060301 174.804
2017060302 166.591
2017060303 166.365
2017060304 159.785
2017060305 168.09
2017060306 184.254
2017060307 170.826
2017060308 180.715
2017060309 190.361
2017060310 166.456
2017060311 167.891
2017060312 169.062
2017060313 168.693
2017060314 165.827
2017060315 161.877
2017060316 176.545
2017060317 177.889
2017060318 172.252
2017060319 175.78
2017060320 175.274
2017060321 172.142
2017060322 158.48
2017060323 146.004
2017060400 140.724
2017060401 138.229
2017060402 140.257
2017060403 149.002
2017060404 157.287
2017060405 162.097
2017060406 167.416
2017060407 158.264
2017060408 152.363
2017060409 159.095
2017060410 151.949
2017060411 132.294
2017060412 122.657
2017060413 132.839
2017060414 141.944
2017060415 147.785
2017060416 159.834
2017060417 165.926
2017060418 169.914
2017060419 177.028
2017060420 177.707
2017060421 178.085
2017060422 186.443
2017060423 187.896
2017060500 187.599
2017060501 186.263
2017060502 182.371
2017060503 181.579
2017060504 157.605
2017060505 158.315
2017060506 167.206
2017060507 155.311
2017060508 156.086
2017060509 157.167
2017060510 147.436
2017060511 145.792
2017060512 142.286
2017060513 136.191
2017060514 134.776
2017060515 135.58
2017060516 154.221
2017060517 154.945
2017060518 146.755
2017060519 145.765
2017060520 141.748
2017060521 139.455
2017060522 144.796
2017060523 150.918
2017060600 156.923
2017060601 156.687
2017060602 159.339
2017060603 161.697
2017060604 148.276
2017060605 146.049
2017060606 149.803
2017060607 134.794
2017060608 129.604
2017060609 127.977
2017060610 126.981
2017060611 125.658
2017060612 122.571
2017060613 123.739
2017060614 124.513
2017060615 126.107
2017060616 131.16
2017060617 120.641
2017060618 115.176
2017060619 146.534
2017060620 138.933
2017060621 127.612
2017060622 124.851
2017060623 122.815
2017060700 122.734
2017060701 123.027
2017060702 126.029
2017060703 127.636
2017060704 126.51
2017060705 129.28
2017060706 135.152
2017060707 135.273
2017060708 134.401
2017060709 131.446
2017060710 126.835
2017060711 127.017
2017060712 126.174
2017060713 133.452
2017060714 132.53
2017060715 133.327
2017060716 139.011
2017060717 137.03
2017060718 131.404
2017060719 128.28
2017060720 125.901
2017060721 127.73
2017060722 129.923
2017060723 127.71
