2017060100 173.951
2017060101 177.301
2017060102 179.528
2017060103 180.456
2017060104 173.376
2017060105 179.043
2017060106 192.883
2017060107 189.55
2017060108 197.155
2017060109 200.403
2017060110 166.596
2017060111 150.872
2017060112 138.716
2017060113 136.364
2017060114 138.837
2017060115 142.561
2017060116 165.593
2017060117 179.23
2017060118 187.276
2017060119 194.039
2017060120 196.83
2017060121 196.567
2017060122 199.353
2017060123 204.102
2017060200 209.169
2017060201 209.13
2017060202 207.464
2017060203 203.213
2017060204 201.047
2017060205 206.344
2017060206 223.468
2017060207 215.284
2017060208 222.995
2017060209 229.714
2017060210 181.29
2017060211 169.706
2017060212 160.077
2017060213 166.94
2017060214 178.814
2017060215 195.104
2017060216 223.522
2017060217 248.54
2017060218 268.622
2017060219 286.536
2017060220 296.296
2017060221 295.71
2017060222 289.511
2017060223 280.249
2017060300 268.124
2017060301 256.738
2017060302 233.081
2017060303 207.328
2017060304 189.844
2017060305 185.209
2017060306 194.57
2017060307 172.804
2017060308 177.912
2017060309 182.786
2017060310 156.896
2017060311 152.492
2017060312 145.54
2017060313 147.984
2017060314 146.553
2017060315 148.982
2017060316 152.4
2017060317 147.37
2017060318 142.145
2017060319 139.363
2017060320 133.951
2017060321 128.226
2017060322 133.376
2017060323 135.792
2017060400 137.242
2017060401 123.462
2017060402 119.426
2017060403 108.64
2017060404 103.908
2017060405 105.917
2017060406 112.713
2017060407 119.744
2017060408 124.581
2017060409 124.448
2017060410 118.067
2017060411 121.349
2017060412 124.998
2017060413 119.688
2017060414 121.142
2017060415 123.63
2017060416 141.374
2017060417 150.92
2017060418 150.812
2017060419 147.147
2017060420 147.173
2017060421 149.079
2017060422 147.635
2017060423 141.281
2017060500 134.311
2017060501 134.83
2017060502 137.218
2017060503 141.434
2017060504 146.291
2017060505 155.106
2017060506 169.009
2017060507 182.12
2017060508 192.429
2017060509 195.52
2017060510 191.885
2017060511 191.648
2017060512 191.185
2017060513 199.758
2017060514 211.351
2017060515 225.829
2017060516 230.683
2017060517 234.4
2017060518 236.337
2017060519 249.503
2017060520 262.109
2017060521 272.312
2017060522 275.757
2017060523 268.436
2017060600 253.22
2017060601 246.173
2017060602 241.228
2017060603 240.683
2017060604 247.28
2017060605 241.472
2017060606 189.025
2017060607 141.646
2017060608 136.166
2017060609 130.564
2017060610 130.187
2017060611 126.56
2017060612 124.043
2017060613 120.272
2017060614 120.995
2017060615 119.482
2017060616 121.683
2017060617 119.615
2017060618 116.438
2017060619 117.615
2017060620 118.483
2017060621 119.223
2017060622 118.829
2017060623 117.789
2017060700 116.732
2017060701 116.941
2017060702 114.552
2017060703 111.154
2017060704 106.572
2017060705 106.872
2017060706 112.571
2017060707 112.344
2017060708 113.997
2017060709 114.764
2017060710 112.824
2017060711 111.334
2017060712 110.8
2017060713 110.256
2017060714 110.513
2017060715 111.881
2017060716 127.131
2017060717 134.292
2017060718 135.218
2017060719 148.181
2017060720 159.337
2017060721 167.486
2017060722 172.715
2017060723 174.42
