2017060100 4.013
2017060101 4.167
2017060102 4.124
2017060103 3.922
2017060104 3.532
2017060105 2.862
2017060106 2.561
2017060107 2.318
2017060108 1.65
2017060109 1.056
2017060110 0.78
2017060111 0.671
2017060112 0.666
2017060113 0.691
2017060114 0.791
2017060115 0.946
2017060116 1.653
2017060117 2.559
2017060118 3.887
2017060119 5.442
2017060120 6.235
2017060121 6.789
2017060122 7.238
2017060123 7.453
2017060200 7.31
2017060201 7
2017060202 6.458
2017060203 5.856
2017060204 5.031
2017060205 3.884
2017060206 3.317
2017060207 2.587
2017060208 1.965
2017060209 1.246
2017060210 0.925
2017060211 0.802
2017060212 0.812
2017060213 0.848
2017060214 0.984
2017060215 1.197
2017060216 1.977
2017060217 2.968
2017060218 4.356
2017060219 5.885
2017060220 6.615
2017060221 7.135
2017060222 7.596
2017060223 7.877
2017060300 7.877
2017060301 7.799
2017060302 7.35
2017060303 6.651
2017060304 5.526
2017060305 3.857
2017060306 3.031
2017060307 1.43
2017060308 1.106
2017060309 0.85
2017060310 0.757
2017060311 0.71
2017060312 0.711
2017060313 0.709
2017060314 0.773
2017060315 0.9
2017060316 1.339
2017060317 1.852
2017060318 2.477
2017060319 3.563
2017060320 4.291
2017060321 4.926
2017060322 5.501
2017060323 5.916
2017060400 6.138
2017060401 6.266
2017060402 6.101
2017060403 5.777
2017060404 4.699
2017060405 3.619
2017060406 2.918
2017060407 2.203
2017060408 1.594
2017060409 1.09
2017060410 0.833
2017060411 0.715
2017060412 0.706
2017060413 0.83
2017060414 0.973
2017060415 1.19
2017060416 1.63
2017060417 2.325
2017060418 3.314
2017060419 4.626
2017060420 5.326
2017060421 5.897
2017060422 6.493
2017060423 6.936
2017060500 7.243
2017060501 7.236
2017060502 6.802
2017060503 6.322
2017060504 5.543
2017060505 4.426
2017060506 3.84
2017060507 3.511
2017060508 2.947
2017060509 2.053
2017060510 1.378
2017060511 0.961
2017060512 0.792
2017060513 0.743
2017060514 0.781
2017060515 0.922
2017060516 1.629
2017060517 2.406
2017060518 3.434
2017060519 4.755
2017060520 5.411
2017060521 5.857
2017060522 6.003
2017060523 5.978
2017060600 5.776
2017060601 5.671
2017060602 5.302
2017060603 4.851
2017060604 3.695
2017060605 2.535
2017060606 2.182
2017060607 1.902
2017060608 1.458
2017060609 1.003
2017060610 0.682
2017060611 0.553
2017060612 0.531
2017060613 0.528
2017060614 0.563
2017060615 0.662
2017060616 1.345
2017060617 2.074
2017060618 2.955
2017060619 3.395
2017060620 4.084
2017060621 4.785
2017060622 5.446
2017060623 5.908
2017060700 6.233
2017060701 6.352
2017060702 6.204
2017060703 5.837
2017060704 4.838
2017060705 3.378
2017060706 2.851
2017060707 2.239
2017060708 1.889
2017060709 1.473
2017060710 0.987
2017060711 0.788
2017060712 0.685
2017060713 0.724
2017060714 0.808
2017060715 0.99
2017060716 1.536
2017060717 2.226
2017060718 3.103
2017060719 4.457
2017060720 5.226
2017060721 5.817
2017060722 6.281
2017060723 6.523
2017060800 6.558
2017060801 6.323
2017060802 5.879
2017060803 5.561
2017060804 4.896
2017060805 3.539
2017060806 2.948
2017060807 2.384
2017060808 2.066
2017060809 1.661
2017060810 1.022
2017060811 0.766
2017060812 0.652
2017060813 0.686
2017060814 0.722
2017060815 0.814
2017060816 1.47
2017060817 2.238
2017060818 3.32
2017060819 4.759
2017060820 5.596
2017060821 6.297
2017060822 6.986
2017060823 7.535
2017060900 7.926
2017060901 8.045
2017060902 7.87
2017060903 7.416
2017060904 5.95
2017060905 3.848
2017060906 3.089
2017060907 3.215
2017060908 2.728
2017060909 2.051
2017060910 1.403
2017060911 0.989
2017060912 0.814
2017060913 0.774
2017060914 0.788
2017060915 0.871
2017060916 1.589
2017060917 2.453
2017060918 3.616
2017060919 4.95
2017060920 5.659
2017060921 6.2
2017060922 6.387
2017060923 6.389
2017061000 6.375
2017061001 6.546
2017061002 6.294
2017061003 5.757
2017061004 4.902
2017061005 3.609
2017061006 2.964
2017061007 2.54
2017061008 2.021
2017061009 1.444
2017061010 0.985
2017061011 0.764
2017061012 0.683
2017061013 0.751
2017061014 0.818
2017061015 0.931
2017061016 1.483
2017061017 2.124
2017061018 2.862
2017061019 3.679
2017061020 4.117
2017061021 4.545
2017061022 4.954
2017061023 5.305
