2017060100 122.248
2017060101 122.177
2017060102 121.727
2017060103 121.312
2017060104 121.275
2017060105 121.864
2017060106 123.346
2017060107 122.651
2017060108 122.833
2017060109 123.534
2017060110 123.488
2017060111 122.055
2017060112 120.351
2017060113 120.243
2017060114 121.205
2017060115 121.954
2017060116 124.771
2017060117 127.049
2017060118 128.684
2017060119 129.805
2017060120 130.236
2017060121 130.159
2017060122 129.683
2017060123 128.907
2017060200 128.111
2017060201 127.693
2017060202 127.314
2017060203 126.842
2017060204 125.857
2017060205 125.578
2017060206 125.758
2017060207 122.58
2017060208 123.205
2017060209 123.546
2017060210 124.325
2017060211 125.033
2017060212 125.1
2017060213 123.861
2017060214 123.572
2017060215 123.698
2017060216 125.616
2017060217 127.562
2017060218 129.306
2017060219 130.731
2017060220 131.714
2017060221 132.432
2017060222 132.826
2017060223 132.653
2017060300 131.741
2017060301 131.007
2017060302 129.82
2017060303 127.89
2017060304 125.551
2017060305 123.202
2017060306 120.594
2017060307 101.873
2017060308 101.521
2017060309 102.213
2017060310 104.495
2017060311 108.238
2017060312 113.543
2017060313 119.126
2017060314 123.491
2017060315 127.246
2017060316 132.015
2017060317 135.775
2017060318 138.561
2017060319 140.828
2017060320 142.685
2017060321 144.115
2017060322 145.172
2017060323 145.896
2017060400 146.377
2017060401 146.848
2017060402 147.016
2017060403 147.286
2017060404 147.029
2017060405 147.329
2017060406 147.85
2017060407 141.357
2017060408 137.122
2017060409 135.144
2017060410 134.717
2017060411 133.091
2017060412 129.988
2017060413 129.796
2017060414 130.52
2017060415 129.77
2017060416 126.56
2017060417 122.38
2017060418 117.616
2017060419 115.713
2017060420 113.653
2017060421 112.684
2017060422 112.289
2017060423 111.799
2017060500 111.28
2017060501 109.751
2017060502 108.446
2017060503 107.869
2017060504 108.106
2017060505 109.372
2017060506 111.804
2017060507 116.962
2017060508 119.542
2017060509 121.339
2017060510 122.19
2017060511 121.569
2017060512 120.198
2017060513 118.086
2017060514 116.186
2017060515 114.418
2017060516 114.918
2017060517 115.187
2017060518 114.982
2017060519 114.79
2017060520 114.361
2017060521 113.663
2017060522 111.795
2017060523 109.738
2017060600 107.772
2017060601 106.634
2017060602 105.367
2017060603 104.242
2017060604 102.39
2017060605 101.715
2017060606 101.518
2017060607 97.362
2017060608 94.473
2017060609 92.402
2017060610 90.786
2017060611 89.471
2017060612 88.463
2017060613 87.413
2017060614 86.617
2017060615 86.073
2017060616 87.422
2017060617 88.571
2017060618 89.565
2017060619 90.634
2017060620 92.146
2017060621 94.672
2017060622 97.172
2017060623 99.238
2017060700 100.95
2017060701 102.437
2017060702 103.65
2017060703 104.699
2017060704 105.619
2017060705 106.565
2017060706 107.792
2017060707 107.024
2017060708 107.778
2017060709 109.265
2017060710 110.227
2017060711 113.246
2017060712 117.074
2017060713 119.79
2017060714 121.247
2017060715 121.064
2017060716 120.568
2017060717 119.392
2017060718 117.543
2017060719 117.475
2017060720 116.839
2017060721 116.185
2017060722 115.371
2017060723 113.956
