2017060100 6.557
2017060101 6.746
2017060102 6.617
2017060103 6.389
2017060104 5.853
2017060105 4.611
2017060106 3.775
2017060107 3.588
2017060108 2.98
2017060109 2.076
2017060110 1.585
2017060111 1.148
2017060112 1.012
2017060113 0.92
2017060114 0.987
2017060115 1.152
2017060116 1.824
2017060117 2.492
2017060118 3.215
2017060119 4.231
2017060120 4.734
2017060121 5.325
2017060122 6.161
2017060123 6.956
2017060200 7.257
2017060201 6.913
2017060202 6.328
2017060203 5.689
2017060204 5.103
2017060205 4.186
2017060206 4.209
2017060207 4.075
2017060208 2.914
2017060209 1.779
2017060210 1.127
2017060211 0.973
2017060212 0.955
2017060213 0.966
2017060214 1.043
2017060215 1.163
2017060216 2.117
2017060217 3.073
2017060218 4.275
2017060219 5.685
2017060220 6.368
2017060221 6.855
2017060222 7.412
2017060223 7.605
2017060300 7.45
2017060301 7.177
2017060302 6.769
2017060303 6.156
2017060304 5.336
2017060305 4.254
2017060306 3.689
2017060307 3.512
2017060308 2.996
2017060309 2.192
2017060310 1.518
2017060311 1.164
2017060312 1.014
2017060313 1.019
2017060314 1.027
2017060315 1.114
2017060316 1.585
2017060317 2.047
2017060318 2.779
2017060319 3.903
2017060320 4.617
2017060321 5.105
2017060322 5.016
2017060323 5.124
2017060400 4.888
2017060401 3.028
2017060402 2.567
2017060403 2.715
2017060404 2.97
2017060405 2.953
2017060406 2.767
2017060407 2.515
2017060408 2.068
2017060409 1.453
2017060410 0.877
2017060411 0.694
2017060412 0.624
2017060413 0.704
2017060414 0.747
2017060415 0.838
2017060416 1.199
2017060417 1.692
2017060418 2.32
2017060419 3.537
2017060420 4.274
2017060421 4.768
2017060422 5.319
2017060423 5.83
2017060500 6.207
2017060501 6.766
2017060502 7.061
2017060503 7.008
2017060504 6.6
2017060505 5.964
2017060506 5.186
2017060507 4.837
2017060508 4.405
2017060509 3.57
2017060510 2.034
2017060511 1.291
2017060512 0.994
2017060513 0.915
2017060514 0.965
2017060515 1.126
2017060516 1.676
2017060517 2.414
2017060518 3.399
2017060519 5.219
2017060520 6.605
2017060521 7.707
2017060522 8.461
2017060523 8.591
2017060600 8.208
2017060601 7.426
2017060602 6.786
2017060603 6.123
2017060604 4.978
2017060605 4.068
2017060606 3.066
2017060607 2.374
2017060608 1.917
2017060609 1.422
2017060610 0.868
2017060611 0.702
2017060612 0.632
2017060613 0.536
2017060614 0.549
2017060615 0.614
2017060616 1.007
2017060617 1.317
2017060618 1.692
2017060619 2.41
2017060620 2.65
2017060621 2.705
2017060622 2.618
2017060623 2.579
2017060700 2.543
2017060701 2.702
2017060702 2.909
2017060703 3.193
2017060704 2.99
2017060705 2.522
2017060706 2.101
2017060707 1.259
2017060708 0.893
2017060709 0.706
2017060710 0.625
2017060711 0.571
2017060712 0.536
2017060713 0.546
2017060714 0.556
2017060715 0.624
2017060716 1.247
2017060717 1.772
2017060718 2.279
2017060719 3.619
2017060720 4.536
2017060721 4.921
2017060722 5.225
2017060723 5.533
2017060800 5.756
2017060801 5.987
2017060802 6.063
2017060803 5.977
2017060804 5.771
2017060805 4.555
2017060806 3.471
2017060807 3.357
2017060808 3.279
2017060809 2.841
2017060810 1.935
2017060811 1.342
2017060812 1.111
2017060813 1.237
2017060814 1.319
2017060815 1.469
2017060816 2.235
2017060817 3.03
2017060818 4.028
2017060819 5.384
2017060820 6.184
2017060821 6.579
2017060822 6.851
2017060823 7.004
2017060900 7.139
2017060901 7.354
2017060902 7.148
2017060903 6.754
2017060904 5.761
2017060905 4.591
2017060906 4.041
2017060907 3.823
2017060908 3.339
2017060909 2.515
2017060910 1.619
2017060911 1.136
2017060912 0.956
2017060913 1.063
2017060914 1.126
2017060915 1.213
2017060916 1.75
2017060917 2.286
2017060918 2.978
2017060919 4.136
2017060920 4.777
2017060921 5.239
2017060922 5.938
2017060923 6.56
2017061000 6.757
2017061001 6.586
2017061002 6.234
2017061003 5.896
2017061004 5.878
2017061005 5.42
2017061006 4.78
2017061007 4.244
2017061008 3.349
2017061009 2.153
2017061010 1.348
2017061011 1.005
2017061012 0.88
2017061013 0.945
2017061014 0.979
2017061015 1.084
2017061016 1.729
2017061017 2.447
2017061018 3.581
2017061019 5.164
2017061020 6.231
2017061021 6.729
2017061022 7.134
2017061023 7.278
