2017060100 5.266
2017060101 6.849
2017060102 8.656
2017060103 10.151
2017060104 9.657
2017060105 7.968
2017060106 6.584
2017060107 2.961
2017060108 2.25
2017060109 1.777
2017060110 1.395
2017060111 1.236
2017060112 1.174
2017060113 1.257
2017060114 1.296
2017060115 1.359
2017060116 2.897
2017060117 4.463
2017060118 6.384
2017060119 8.931
2017060120 11.554
2017060121 13.93
2017060122 15.788
2017060123 16.676
2017060200 16.457
2017060201 14.426
2017060202 12.442
2017060203 11.217
2017060204 9.526
2017060205 7.593
2017060206 6.74
2017060207 2.891
2017060208 2.587
2017060209 2.1
2017060210 1.213
2017060211 1.014
2017060212 0.946
2017060213 0.954
2017060214 1.011
2017060215 1.134
2017060216 2.832
2017060217 4.546
2017060218 6.716
2017060219 8.908
2017060220 10.765
2017060221 12.717
2017060222 14.172
2017060223 14.062
2017060300 12.229
2017060301 12.305
2017060302 11.434
2017060303 9.852
2017060304 7.294
2017060305 5.547
2017060306 4.888
2017060307 2.153
2017060308 1.86
2017060309 1.516
2017060310 1.125
2017060311 1.026
2017060312 0.995
2017060313 1.124
2017060314 1.215
2017060315 1.365
2017060316 2.633
2017060317 3.823
2017060318 4.91
2017060319 5.571
2017060320 5.805
2017060321 6.286
2017060322 7.213
2017060323 8.04
2017060400 8.951
2017060401 9.432
2017060402 10.355
2017060403 11.505
2017060404 10.634
2017060405 8.211
2017060406 6.429
2017060407 4.887
2017060408 3.539
2017060409 2.326
2017060410 1.147
2017060411 0.873
2017060412 0.915
2017060413 0.898
2017060414 1.001
2017060415 1.196
2017060416 1.603
2017060417 2.002
2017060418 2.608
2017060419 4.768
2017060420 6.494
2017060421 8.044
2017060422 9.495
2017060423 10.026
2017060500 8.741
2017060501 8.893
2017060502 9.289
2017060503 9.295
2017060504 6.959
2017060505 6.144
2017060506 5.518
2017060507 2.11
2017060508 1.606
2017060509 1.243
2017060510 0.962
2017060511 0.926
2017060512 0.918
2017060513 1.037
2017060514 1.082
2017060515 1.183
2017060516 2.52
2017060517 3.955
2017060518 5.59
2017060519 6.833
2017060520 7.791
2017060521 8.288
2017060522 8.681
2017060523 8.45
2017060600 8.456
2017060601 8.129
2017060602 8.701
2017060603 8.356
2017060604 7.415
2017060605 6.224
2017060606 5.376
2017060607 4.114
2017060608 2.846
2017060609 1.878
2017060610 1.364
2017060611 1.176
2017060612 1.082
2017060613 1.369
2017060614 1.478
2017060615 1.733
2017060616 1.768
2017060617 2.301
2017060618 3.099
2017060619 3.549
2017060620 3.447
2017060621 3.481
2017060622 3.762
2017060623 3.895
2017060700 3.898
2017060701 3.989
2017060702 4.069
2017060703 4.145
2017060704 3.497
2017060705 3.084
2017060706 2.681
2017060707 1.848
2017060708 1.512
2017060709 1.166
2017060710 0.771
2017060711 0.691
2017060712 0.659
2017060713 0.758
2017060714 0.843
2017060715 0.986
2017060716 1.612
2017060717 2.106
2017060718 2.683
2017060719 3.846
2017060720 4.369
2017060721 4.459
2017060722 4.805
2017060723 5.672
2017060800 6.665
2017060801 6.542
2017060802 5.573
2017060803 4.947
2017060804 4.519
2017060805 4.16
2017060806 3.877
2017060807 2.518
2017060808 2.023
2017060809 1.494
2017060810 0.965
2017060811 0.822
2017060812 0.782
2017060813 0.79
2017060814 0.842
2017060815 0.941
2017060816 2.584
2017060817 4.381
2017060818 6.799
2017060819 9.638
2017060820 11.834
2017060821 13.623
2017060822 13.511
2017060823 14.161
2017060900 14.335
2017060901 13.947
2017060902 11.998
2017060903 8.47
2017060904 3.858
2017060905 2.806
2017060906 3.108
2017060907 2.343
2017060908 1.877
2017060909 1.783
2017060910 1.447
2017060911 1.241
2017060912 1.085
2017060913 1.024
2017060914 1.075
2017060915 1.221
2017060916 2.313
2017060917 3.167
2017060918 4.118
2017060919 5.151
2017060920 5.978
2017060921 7.437
2017060922 8.274
2017060923 7.693
2017061000 7.072
2017061001 5.192
2017061002 5.007
2017061003 4.782
2017061004 4.575
2017061005 4.352
2017061006 4.273
2017061007 2.733
2017061008 1.611
2017061009 1.13
2017061010 0.995
2017061011 1.021
2017061012 0.988
2017061013 0.98
2017061014 1.057
2017061015 1.156
2017061016 2.269
2017061017 3.293
2017061018 4.311
2017061019 5.429
2017061020 6.163
2017061021 6.679
2017061022 7.985
2017061023 8.879
