2017060100 15.318
2017060101 16.635
2017060102 16.053
2017060103 15.153
2017060104 10.382
2017060105 9.463
2017060106 10.945
2017060107 10.49
2017060108 10.532
2017060109 8.801
2017060110 3.197
2017060111 2.646
2017060112 2.576
2017060113 2.667
2017060114 2.878
2017060115 3.406
2017060116 16.028
2017060117 25.084
2017060118 34.412
2017060119 37.965
2017060120 39.081
2017060121 38.97
2017060122 41.158
2017060123 41.397
2017060200 40.207
2017060201 31.501
2017060202 31.274
2017060203 32.681
2017060204 25.561
2017060205 21.427
2017060206 21.52
2017060207 12
2017060208 12.455
2017060209 11.192
2017060210 5.962
2017060211 4.458
2017060212 3.882
2017060213 4.08
2017060214 4.64
2017060215 5.943
2017060216 18.904
2017060217 28.802
2017060218 29.955
2017060219 36.124
2017060220 39.962
2017060221 38.773
2017060222 34.953
2017060223 32.257
2017060300 29.996
2017060301 23.685
2017060302 19.063
2017060303 16.752
2017060304 13.83
2017060305 12.207
2017060306 12.861
2017060307 12.773
2017060308 13.705
2017060309 13.723
2017060310 6.025
2017060311 4.234
2017060312 3.446
2017060313 3.416
2017060314 3.59
2017060315 4.138
2017060316 11.448
2017060317 15.328
2017060318 15.853
2017060319 18.878
2017060320 18.927
2017060321 18.917
2017060322 17.211
2017060323 15.585
2017060400 13.98
2017060401 10.388
2017060402 8.642
2017060403 8.129
2017060404 7.22
2017060405 7
2017060406 7.503
2017060407 6.308
2017060408 5.459
2017060409 4.193
2017060410 3.478
2017060411 2.701
2017060412 2.593
2017060413 3.153
2017060414 3.67
2017060415 4.604
2017060416 6.801
2017060417 8.143
2017060418 9.078
2017060419 11.883
2017060420 11.908
2017060421 12.317
2017060422 15.746
2017060423 16.708
2017060500 16.762
2017060501 16.929
2017060502 15.867
2017060503 14.741
2017060504 10.382
2017060505 9.97
2017060506 11.545
2017060507 9.557
2017060508 9.352
2017060509 8.324
2017060510 5.188
2017060511 4.009
2017060512 3.442
2017060513 3.204
2017060514 3.42
2017060515 4.001
2017060516 10.47
2017060517 12.972
2017060518 12.804
2017060519 14.265
2017060520 12.96
2017060521 12.053
2017060522 13.731
2017060523 14.952
2017060600 16.249
2017060601 14.535
2017060602 14.167
2017060603 13.855
2017060604 8.866
2017060605 7.302
2017060606 7.622
2017060607 5.131
2017060608 4.229
2017060609 3.491
2017060610 3.07
2017060611 2.959
2017060612 2.993
2017060613 3.458
2017060614 3.815
2017060615 4.506
2017060616 7.034
2017060617 7.429
2017060618 7.521
2017060619 8.346
2017060620 7.593
2017060621 7.024
2017060622 7.1
2017060623 6.771
2017060700 6.737
2017060701 6.915
2017060702 7.085
2017060703 7.02
2017060704 6.1
2017060705 5.728
2017060706 6.13
2017060707 5.553
2017060708 4.936
2017060709 4.042
2017060710 2.966
2017060711 2.832
2017060712 2.841
2017060713 4.434
2017060714 4.79
2017060715 5.523
2017060716 7.914
2017060717 8.989
2017060718 9.071
2017060719 9.359
2017060720 9.238
2017060721 9.7
2017060722 10.695
2017060723 10.208
2017060800 9.919
2017060801 10.668
2017060802 10.557
2017060803 9.988
2017060804 7.511
2017060805 6.85
2017060806 7.548
2017060807 4.304
2017060808 3.972
2017060809 3.394
2017060810 2.736
2017060811 2.656
2017060812 2.762
2017060813 3.306
2017060814 3.693
2017060815 4.388
2017060816 17.843
2017060817 23.755
2017060818 24.5
2017060819 24.159
2017060820 25.098
2017060821 28.291
2017060822 27.422
2017060823 26.22
2017060900 23.029
2017060901 18.033
2017060902 19.294
2017060903 21.945
2017060904 16.482
2017060905 14.992
2017060906 14.341
2017060907 6.595
2017060908 5.385
2017060909 4.201
2017060910 3.041
2017060911 2.896
2017060912 2.96
2017060913 3.137
2017060914 3.336
2017060915 3.831
2017060916 9.978
2017060917 11.67
2017060918 11.785
2017060919 14.453
2017060920 14.157
2017060921 14.891
2017060922 12.315
2017060923 12.405
2017061000 11.154
2017061001 10.985
2017061002 10.729
2017061003 10.377
2017061004 9.814
2017061005 9.04
2017061006 9.626
2017061007 7.584
2017061008 6.687
2017061009 4.991
2017061010 4.692
2017061011 4.114
2017061012 4.052
2017061013 2.241
2017061014 2.407
2017061015 2.781
2017061016 7.095
2017061017 8.96
2017061018 9.985
2017061019 14.797
2017061020 15.348
2017061021 15.068
2017061022 16.52
2017061023 16.346
