2017060100 153.521
2017060101 156.563
2017060102 154.166
2017060103 153.327
2017060104 135.978
2017060105 134.981
2017060106 143.945
2017060107 143.693
2017060108 149.854
2017060109 151.344
2017060110 126.517
2017060111 124.205
2017060112 122.337
2017060113 119.427
2017060114 119.067
2017060115 121.119
2017060116 158.078
2017060117 179.504
2017060118 196.158
2017060119 197.105
2017060120 201.352
2017060121 205.511
2017060122 212.191
2017060123 211.034
2017060200 206.313
2017060201 187.713
2017060202 191.611
2017060203 201.077
2017060204 191.098
2017060205 198.328
2017060206 207.873
2017060207 154.288
2017060208 160.317
2017060209 161.377
2017060210 145.13
2017060211 142.571
2017060212 141.281
2017060213 142.399
2017060214 145.069
2017060215 149.977
2017060216 184.848
2017060217 203.416
2017060218 191.336
2017060219 197.611
2017060220 207.008
2017060221 208.574
2017060222 200.603
2017060223 191.053
2017060300 182.809
2017060301 165.48
2017060302 160.401
2017060303 161.524
2017060304 156.853
2017060305 164.374
2017060306 179.174
2017060307 169.112
2017060308 179.6
2017060309 190.288
2017060310 168.03
2017060311 170.341
2017060312 171.693
2017060313 170.522
2017060314 166.38
2017060315 161.081
2017060316 173.7
2017060317 174.216
2017060318 168.85
2017060319 171.832
2017060320 170.594
2017060321 166.71
2017060322 153.757
2017060323 142.693
2017060400 138.737
2017060401 137.042
2017060402 139.686
2017060403 148.641
2017060404 156.217
2017060405 160.268
2017060406 164.638
2017060407 155.421
2017060408 149.901
2017060409 156.775
2017060410 147.702
2017060411 128.787
2017060412 120.093
2017060413 130.225
2017060414 139.237
2017060415 144.603
2017060416 156.433
2017060417 162.482
2017060418 166.422
2017060419 172.765
2017060420 173.802
2017060421 174.502
2017060422 181.343
2017060423 181.914
2017060500 181.1
2017060501 183.602
2017060502 181.132
2017060503 179.649
2017060504 155.952
2017060505 157.087
2017060506 165.807
2017060507 155.044
2017060508 157.131
2017060509 158.815
2017060510 147.72
2017060511 145.333
2017060512 140.828
2017060513 134.214
2017060514 132.797
2017060515 133.6
2017060516 150.629
2017060517 151.93
2017060518 145.123
2017060519 144.251
2017060520 140.375
2017060521 138.371
2017060522 143.876
2017060523 149.341
2017060600 153.971
2017060601 153.816
2017060602 156.011
2017060603 157.347
2017060604 143.604
2017060605 141.218
2017060606 144.691
2017060607 130.894
2017060608 126.167
2017060609 125.16
2017060610 124.854
2017060611 123.682
2017060612 120.697
2017060613 121.705
2017060614 122.423
2017060615 123.666
2017060616 127.662
2017060617 117.741
2017060618 113.402
2017060619 143.062
2017060620 134.485
2017060621 123.6
2017060622 120.631
2017060623 118.714
2017060700 119.01
2017060701 119.652
2017060702 122.734
2017060703 124.057
2017060704 123.134
2017060705 125.816
2017060706 131.1
2017060707 131.507
2017060708 130.559
2017060709 128.273
2017060710 124.279
2017060711 124.539
2017060712 123.727
2017060713 130.171
2017060714 129.049
2017060715 129.552
2017060716 134.72
2017060717 132.923
2017060718 127.955
2017060719 125.075
2017060720 122.816
2017060721 124.256
2017060722 125.916
2017060723 124.149
