2017060100 143.866
2017060101 142.82
2017060102 140.791
2017060103 139.694
2017060104 138.495
2017060105 141.313
2017060106 148.718
2017060107 146.246
2017060108 152.03
2017060109 158.924
2017060110 162.337
2017060111 164.468
2017060112 165.006
2017060113 172.781
2017060114 179.576
2017060115 188.366
2017060116 201.259
2017060117 209.572
2017060118 201.645
2017060119 187.779
2017060120 179.256
2017060121 176.67
2017060122 173.115
2017060123 167.608
2017060200 161.041
2017060201 152.91
2017060202 144.822
2017060203 136.631
2017060204 130.662
2017060205 128.91
2017060206 133.648
2017060207 134.958
2017060208 141.922
2017060209 150.723
2017060210 143.746
2017060211 143.735
2017060212 143.762
2017060213 145.793
2017060214 149.13
2017060215 153.026
2017060216 165.303
2017060217 176.897
2017060218 186.785
2017060219 192.462
2017060220 193.63
2017060221 190.033
2017060222 183.918
2017060223 175.838
2017060300 166.194
2017060301 156.19
2017060302 146.083
2017060303 141.869
2017060304 139.795
2017060305 138.698
2017060306 142.819
2017060307 132.297
2017060308 135.775
2017060309 141.774
2017060310 146.515
2017060311 149.566
2017060312 149.085
2017060313 149.126
2017060314 141.624
2017060315 132.114
2017060316 140.021
2017060317 136.78
2017060318 130.722
2017060319 130.337
2017060320 127.066
2017060321 121.256
2017060322 116.472
2017060323 115.452
2017060400 115.854
2017060401 111.639
2017060402 110.033
2017060403 106.569
2017060404 104.641
2017060405 101.526
2017060406 104.252
2017060407 107.208
2017060408 111.399
2017060409 114.637
2017060410 117.372
2017060411 121.14
2017060412 124.347
2017060413 117.626
2017060414 118.1
2017060415 118.347
2017060416 124.723
2017060417 126.765
2017060418 125.195
2017060419 128.165
2017060420 130.031
2017060421 133.393
2017060422 137.02
2017060423 140.982
2017060500 144.147
2017060501 146.077
2017060502 145.505
2017060503 142.719
2017060504 140.694
2017060505 142.876
2017060506 147.589
2017060507 152.634
2017060508 158.433
2017060509 163.23
2017060510 165.082
2017060511 168.19
2017060512 172.525
2017060513 178.051
2017060514 180.652
2017060515 177.327
2017060516 177.592
2017060517 180.799
2017060518 184.146
2017060519 188.981
2017060520 190.323
2017060521 188.211
2017060522 182.622
2017060523 173.926
2017060600 163.587
2017060601 160.299
2017060602 157.904
2017060603 156.177
2017060604 154.812
2017060605 154.113
2017060606 156.631
2017060607 145.31
2017060608 133.569
2017060609 121.532
2017060610 117.44
2017060611 113.809
2017060612 111.756
2017060613 110.669
2017060614 111.252
2017060615 110.414
2017060616 110.714
2017060617 109.667
2017060618 108.963
2017060619 111.237
2017060620 110.608
2017060621 109.274
2017060622 108.464
2017060623 107.562
2017060700 106.0
2017060701 106.831
2017060702 106.485
2017060703 105.456
2017060704 102.645
2017060705 102.531
2017060706 104.895
2017060707 105.929
2017060708 106.561
2017060709 107.421
2017060710 106.881
2017060711 106.458
2017060712 106.308
2017060713 105.585
2017060714 105.723
2017060715 105.76
2017060716 110.452
2017060717 113.956
2017060718 115.956
2017060719 123.688
2017060720 127.165
2017060721 127.422
2017060722 125.725
2017060723 123.628
