2017060100 14.921
2017060101 15.212
2017060102 15.196
2017060103 15.066
2017060104 13.42
2017060105 11.333
2017060106 10.162
2017060107 8.547
2017060108 7.989
2017060109 6.238
2017060110 2.799
2017060111 1.825
2017060112 1.543
2017060113 1.969
2017060114 2.119
2017060115 2.568
2017060116 5.604
2017060117 8.518
2017060118 11.68
2017060119 14.602
2017060120 16.258
2017060121 17.537
2017060122 18.985
2017060123 19.911
2017060200 20.202
2017060201 19.147
2017060202 17.283
2017060203 15.378
2017060204 13.569
2017060205 10.893
2017060206 9.662
2017060207 8.636
2017060208 7.608
2017060209 5.697
2017060210 2.644
2017060211 1.99
2017060212 1.797
2017060213 2.698
2017060214 3.392
2017060215 4.39
2017060216 7.4
2017060217 11.228
2017060218 15.854
2017060219 21.25
2017060220 24.283
2017060221 25.284
2017060222 25.498
2017060223 24.901
2017060300 23.671
2017060301 21.872
2017060302 17.257
2017060303 12.682
2017060304 9.425
2017060305 7.257
2017060306 7.033
2017060307 5.765
2017060308 5.158
2017060309 4.038
2017060310 2.099
2017060311 1.764
2017060312 1.658
2017060313 2.061
2017060314 2.313
2017060315 2.776
2017060316 4.672
2017060317 5.744
2017060318 6.42
2017060319 7.548
2017060320 8.075
2017060321 7.895
2017060322 9.971
2017060323 11.149
2017060400 11.966
2017060401 7.719
2017060402 6.568
2017060403 4.387
2017060404 3.817
2017060405 3.765
2017060406 4.184
2017060407 4.6
2017060408 4.531
2017060409 3.823
2017060410 2.224
2017060411 1.712
2017060412 1.555
2017060413 1.298
2017060414 1.433
2017060415 1.719
2017060416 4.172
2017060417 6.09
2017060418 7.248
2017060419 8.061
2017060420 8.704
2017060421 9.262
2017060422 9.189
2017060423 8.127
2017060500 7.065
2017060501 7.407
2017060502 7.881
2017060503 8.259
2017060504 8.362
2017060505 7.823
2017060506 7.833
2017060507 8.324
2017060508 8.589
2017060509 7.84
2017060510 6.325
2017060511 5.443
2017060512 4.621
2017060513 4.124
2017060514 3.822
2017060515 4.276
2017060516 4.93
2017060517 6.479
2017060518 8.329
2017060519 12.815
2017060520 16.331
2017060521 19.123
2017060522 21.02
2017060523 21.649
2017060600 20.759
2017060601 20.732
2017060602 20.258
2017060603 19.65
2017060604 17.952
2017060605 14.207
2017060606 9.355
2017060607 3.512
2017060608 2.916
2017060609 2.189
2017060610 1.801
2017060611 1.4
2017060612 1.357
2017060613 1.199
2017060614 1.303
2017060615 1.459
2017060616 2.288
2017060617 2.756
2017060618 3.106
2017060619 4.57
2017060620 5.371
2017060621 5.843
2017060622 6.091
2017060623 6.082
2017060700 5.937
2017060701 5.805
2017060702 5.073
2017060703 4.362
2017060704 3.499
2017060705 3.036
2017060706 3.134
2017060707 2.576
2017060708 2.385
2017060709 1.977
2017060710 1.401
2017060711 1.091
2017060712 1.032
2017060713 1.058
2017060714 1.146
2017060715 1.348
2017060716 3.494
2017060717 5.026
2017060718 6.524
2017060719 11.021
2017060720 14.37
2017060721 16.583
2017060722 18.087
2017060723 18.689
2017060800 18.321
2017060801 17.583
2017060802 15.713
2017060803 13.265
2017060804 10.368
2017060805 6.889
2017060806 6.365
2017060807 5.839
2017060808 5.817
2017060809 5.037
2017060810 3.271
2017060811 2.525
2017060812 2.232
2017060813 1.853
2017060814 2.008
2017060815 2.337
2017060816 6.462
2017060817 10.659
2017060818 14.882
2017060819 19.105
2017060820 20.608
2017060821 17.947
2017060822 14.516
2017060823 12.384
2017060900 10.741
2017060901 9.916
2017060902 9.378
2017060903 8.637
2017060904 7.573
2017060905 6.713
2017060906 7.063
2017060907 5.618
2017060908 5.37
2017060909 4.606
2017060910 3.065
2017060911 2.195
2017060912 1.935
2017060913 2.054
2017060914 2.168
2017060915 2.446
2017060916 5.33
2017060917 7.299
2017060918 8.859
2017060919 9.051
2017060920 9.403
2017060921 9.442
2017060922 9.996
2017060923 9.988
2017061000 9.746
2017061001 10.548
2017061002 11.029
2017061003 11.153
2017061004 10.754
2017061005 8.941
2017061006 8.123
2017061007 7.093
2017061008 6.695
2017061009 5.351
2017061010 2.316
2017061011 1.655
2017061012 1.462
2017061013 1.463
2017061014 1.544
2017061015 1.752
2017061016 5.262
2017061017 8.67
2017061018 10.733
2017061019 12.539
2017061020 13.468
2017061021 13.805
2017061022 13.319
2017061023 12.418
