2017060100 110.447
2017060101 112.702
2017060102 114.213
2017060103 114.423
2017060104 112.16
2017060105 110.768
2017060106 110.789
2017060107 104.82
2017060108 104.82
2017060109 105.197
2017060110 104.928
2017060111 106.288
2017060112 107.31
2017060113 107.373
2017060114 107.843
2017060115 108.937
2017060116 113.256
2017060117 116.582
2017060118 117.203
2017060119 116.501
2017060120 116.803
2017060121 118.044
2017060122 119.838
2017060123 120.45
2017060200 118.217
2017060201 118.263
2017060202 119.128
2017060203 120.476
2017060204 119.432
2017060205 118.77
2017060206 119.324
2017060207 109.702
2017060208 110.015
2017060209 110.606
2017060210 109.487
2017060211 109.695
2017060212 109.706
2017060213 108.654
2017060214 107.107
2017060215 104.998
2017060216 108.931
2017060217 111.294
2017060218 111.436
2017060219 111.172
2017060220 111.07
2017060221 111.369
2017060222 113.534
2017060223 116.133
2017060300 124.272
2017060301 122.983
2017060302 120.799
2017060303 118.164
2017060304 115.747
2017060305 116.344
2017060306 118.614
2017060307 115.641
2017060308 116.794
2017060309 118.206
2017060310 116.291
2017060311 117.148
2017060312 117.676
2017060313 116.227
2017060314 117.824
2017060315 121.396
2017060316 127.932
2017060317 134.035
2017060318 139.269
2017060319 142.778
2017060320 142.691
2017060321 140.121
2017060322 140.149
2017060323 145.044
2017060400 142.829
2017060401 137.974
2017060402 133.423
2017060403 130.311
2017060404 127.867
2017060405 127.879
2017060406 128.249
2017060407 127.697
2017060408 129.455
2017060409 131.438
2017060410 127.542
2017060411 116.906
2017060412 110.803
2017060413 134.213
2017060414 161.878
2017060415 165.951
2017060416 154.164
2017060417 137.349
2017060418 125.253
2017060419 123.987
2017060420 122.91
2017060421 122.646
2017060422 123.138
2017060423 122.31
2017060500 115.59
2017060501 115.79
2017060502 117.222
2017060503 118.591
2017060504 117.894
2017060505 117.747
2017060506 119.038
2017060507 116.631
2017060508 116.827
2017060509 116.179
2017060510 108.309
2017060511 104.702
2017060512 101.903
2017060513 102.263
2017060514 103.603
2017060515 105.253
2017060516 109.669
2017060517 114.391
2017060518 119.046
2017060519 119.24
2017060520 118.772
2017060521 119.784
2017060522 120.866
2017060523 121.86
2017060600 128.296
2017060601 130.341
2017060602 133.397
2017060603 137.194
2017060604 140.023
2017060605 141.337
2017060606 140.953
2017060607 137.807
2017060608 137.85
2017060609 138.723
2017060610 129.159
2017060611 124.415
2017060612 121.105
2017060613 115.442
2017060614 107.467
2017060615 103.267
2017060616 104.51
2017060617 107.012
2017060618 117.75
2017060619 121.878
2017060620 119.345
2017060621 123.052
2017060622 124.145
2017060623 122.03
2017060700 110.811
2017060701 107.358
2017060702 105.418
2017060703 104.419
2017060704 102.317
2017060705 102.125
2017060706 102.647
2017060707 102.316
2017060708 101.47
2017060709 100.796
2017060710 100.172
2017060711 99.272
2017060712 98.029
2017060713 98.168
2017060714 99.789
2017060715 101.117
2017060716 103.131
2017060717 103.632
2017060718 103.927
2017060719 105.141
2017060720 104.984
2017060721 104.437
2017060722 103.867
2017060723 103.667
