2017060100 18.74
2017060101 16.839
2017060102 16.077
2017060103 15.495
2017060104 12.567
2017060105 10.571
2017060106 9.194
2017060107 6.657
2017060108 5.78
2017060109 4.276
2017060110 2.181
2017060111 1.722
2017060112 1.617
2017060113 2.721
2017060114 3.522
2017060115 4.44
2017060116 6.229
2017060117 9.108
2017060118 12.613
2017060119 17.502
2017060120 20.438
2017060121 21.455
2017060122 21.38
2017060123 20.585
2017060200 14.681
2017060201 14.076
2017060202 11.886
2017060203 9.427
2017060204 7.762
2017060205 6.791
2017060206 7.139
2017060207 5.061
2017060208 4.251
2017060209 3.005
2017060210 1.891
2017060211 1.733
2017060212 1.726
2017060213 2.738
2017060214 3.466
2017060215 4.537
2017060216 6.891
2017060217 10.122
2017060218 12.177
2017060219 13.883
2017060220 15.024
2017060221 16.608
2017060222 18.004
2017060223 18.15
2017060300 20.824
2017060301 19.532
2017060302 17.112
2017060303 14.358
2017060304 11.609
2017060305 8.313
2017060306 6.963
2017060307 5.649
2017060308 4.591
2017060309 3.127
2017060310 1.843
2017060311 1.587
2017060312 1.621
2017060313 1.967
2017060314 2.096
2017060315 2.411
2017060316 4.073
2017060317 5.607
2017060318 6.831
2017060319 9.651
2017060320 11.026
2017060321 11.225
2017060322 11.419
2017060323 12.797
2017060400 12.621
2017060401 10.118
2017060402 9.604
2017060403 8.88
2017060404 7.887
2017060405 6.722
2017060406 6.377
2017060407 6.715
2017060408 6.827
2017060409 6.216
2017060410 3.556
2017060411 2.546
2017060412 2.002
2017060413 2.197
2017060414 2.402
2017060415 2.854
2017060416 4.41
2017060417 5.743
2017060418 7.005
2017060419 9.65
2017060420 9.917
2017060421 10.333
2017060422 11.326
2017060423 12.314
2017060500 15.513
2017060501 12.013
2017060502 10.663
2017060503 9.73
2017060504 8.532
2017060505 7.197
2017060506 7.023
2017060507 6.119
2017060508 5.838
2017060509 4.955
2017060510 4.033
2017060511 3.112
2017060512 2.648
2017060513 2.784
2017060514 3.121
2017060515 3.823
2017060516 5.548
2017060517 7.858
2017060518 10.473
2017060519 14.899
2017060520 17.989
2017060521 20.208
2017060522 21.311
2017060523 21.678
2017060600 20.778
2017060601 20.739
2017060602 19.742
2017060603 18.075
2017060604 15.673
2017060605 11.75
2017060606 8.857
2017060607 3.718
2017060608 2.851
2017060609 2.013
2017060610 1.659
2017060611 1.365
2017060612 1.312
2017060613 1.278
2017060614 1.383
2017060615 1.639
2017060616 2.607
2017060617 3.255
2017060618 3.78
2017060619 5.367
2017060620 6.018
2017060621 6.38
2017060622 6.59
2017060623 6.13
2017060700 6.188
2017060701 5.56
2017060702 4.657
2017060703 3.987
2017060704 3.098
2017060705 2.776
2017060706 2.974
2017060707 2.52
2017060708 2.205
2017060709 1.736
2017060710 1.305
2017060711 1.058
2017060712 1.042
2017060713 1.152
2017060714 1.248
2017060715 1.442
2017060716 3.306
2017060717 4.485
2017060718 5.384
2017060719 8.633
2017060720 10.523
2017060721 11.857
2017060722 13.588
2017060723 14.931
2017060800 15.521
2017060801 15.15
2017060802 14.036
2017060803 12.628
2017060804 10.6
2017060805 7.266
2017060806 6.323
2017060807 6.137
2017060808 6.409
2017060809 5.841
2017060810 4.358
2017060811 3.274
2017060812 2.778
2017060813 2.637
2017060814 2.718
2017060815 3.032
2017060816 6.615
2017060817 10.15
2017060818 13.101
2017060819 15.873
2017060820 14.39
2017060821 11.819
2017060822 11.61
2017060823 11.682
2017060900 15.216
2017060901 12.274
2017060902 10.363
2017060903 9.074
2017060904 7.947
2017060905 6.784
2017060906 6.88
2017060907 6.102
2017060908 6.078
2017060909 5.353
2017060910 3.284
2017060911 2.32
2017060912 1.952
2017060913 2.158
2017060914 2.342
2017060915 2.743
2017060916 5.704
2017060917 8.845
2017060918 11.786
2017060919 15.456
2017060920 18.166
2017060921 17.418
2017060922 17.629
2017060923 19.194
2017061000 17.562
2017061001 17.363
2017061002 16.81
2017061003 16.1
2017061004 14.677
2017061005 11.563
2017061006 9.944
2017061007 9.548
2017061008 9.46
2017061009 8.656
2017061010 3.69
2017061011 2.273
2017061012 1.713
2017061013 1.569
2017061014 1.61
2017061015 1.846
2017061016 4.934
2017061017 8.107
2017061018 11.68
2017061019 16.084
2017061020 18.827
2017061021 19.619
2017061022 19.35
2017061023 18.371
