2017060100 109.791
2017060101 111.548
2017060102 113.718
2017060103 116.291
2017060104 118.817
2017060105 120.559
2017060106 122.685
2017060107 110.654
2017060108 109.788
2017060109 109.572
2017060110 108.571
2017060111 107.976
2017060112 107.268
2017060113 106.05
2017060114 106.473
2017060115 107.421
2017060116 114.819
2017060117 120.343
2017060118 122.66
2017060119 120.917
2017060120 120.562
2017060121 121.017
2017060122 123.271
2017060123 125.072
2017060200 121.542
2017060201 121.388
2017060202 121.451
2017060203 121.998
2017060204 122.941
2017060205 125.156
2017060206 130.051
2017060207 126.847
2017060208 129.47
2017060209 129.817
2017060210 112.518
2017060211 113.615
2017060212 114.429
2017060213 113.583
2017060214 113.501
2017060215 113.44
2017060216 120.969
2017060217 121.377
2017060218 119.789
2017060219 114.73
2017060220 116.773
2017060221 123.368
2017060222 130.032
2017060223 133.464
2017060300 138.457
2017060301 139.709
2017060302 140.02
2017060303 139.79
2017060304 139.674
2017060305 140.881
2017060306 143.92
2017060307 135.406
2017060308 134.317
2017060309 133.492
2017060310 113.682
2017060311 113.219
2017060312 113.999
2017060313 117.846
2017060314 118.244
2017060315 113.415
2017060316 111.446
2017060317 117.416
2017060318 128.976
2017060319 138.147
2017060320 141.931
2017060321 130.543
2017060322 120.313
2017060323 114.572
2017060400 122.626
2017060401 116.03
2017060402 108.76
2017060403 103.419
2017060404 101.178
2017060405 99.917
2017060406 101.412
2017060407 102.644
2017060408 105.37
2017060409 107.317
2017060410 114.622
2017060411 125.857
2017060412 130.658
2017060413 126.119
2017060414 126.167
2017060415 126.045
2017060416 131.995
2017060417 138.736
2017060418 144.069
2017060419 146.613
2017060420 147.151
2017060421 146.985
2017060422 146.741
2017060423 145.15
2017060500 185.894
2017060501 185.001
2017060502 183.33
2017060503 180.73
2017060504 176.004
2017060505 176.303
2017060506 178.151
2017060507 150.558
2017060508 147.247
2017060509 145.077
2017060510 138.08
2017060511 134.172
2017060512 129.7
2017060513 132.243
2017060514 138.803
2017060515 145.491
2017060516 150.762
2017060517 154.342
2017060518 156.423
2017060519 154.133
2017060520 147.942
2017060521 137.928
2017060522 129.6
2017060523 124.886
2017060600 121.466
2017060601 119.518
2017060602 117.7
2017060603 115.776
2017060604 114.773
2017060605 116.878
2017060606 121.362
2017060607 124.433
2017060608 126.626
2017060609 128.0
2017060610 125.734
2017060611 122.384
2017060612 117.889
2017060613 114.942
2017060614 114.481
2017060615 130.826
2017060616 133.897
2017060617 126.526
2017060618 120.994
2017060619 118.886
2017060620 119.112
2017060621 117.088
2017060622 117.098
2017060623 116.288
2017060700 106.261
2017060701 104.541
2017060702 103.558
2017060703 102.58
2017060704 101.459
2017060705 101.79
2017060706 102.954
2017060707 101.855
2017060708 100.594
2017060709 99.508
2017060710 100.322
2017060711 100.546
2017060712 102.814
2017060713 103.196
2017060714 105.674
2017060715 106.353
2017060716 107.18
2017060717 104.057
2017060718 102.819
2017060719 103.89
2017060720 104.934
2017060721 106.679
2017060722 107.989
2017060723 108.411
