2017060100 108.229
2017060101 110.282
2017060102 115.388
2017060103 122.929
2017060104 129.294
2017060105 132.654
2017060106 137.356
2017060107 128.122
2017060108 128.991
2017060109 129.875
2017060110 124.231
2017060111 125.974
2017060112 127.068
2017060113 131.309
2017060114 132.677
2017060115 132.765
2017060116 136.055
2017060117 133.523
2017060118 129.262
2017060119 125.471
2017060120 139.91
2017060121 149.202
2017060122 148.317
2017060123 152.314
2017060200 138.445
2017060201 137.354
2017060202 133.321
2017060203 128.803
2017060204 114.924
2017060205 115.006
2017060206 116.743
2017060207 111.398
2017060208 112.493
2017060209 112.978
2017060210 112.288
2017060211 114.956
2017060212 117.257
2017060213 120.329
2017060214 123.2
2017060215 127.307
2017060216 139.267
2017060217 150.023
2017060218 155.988
2017060219 156.685
2017060220 163.114
2017060221 166.954
2017060222 167.057
2017060223 164.899
2017060300 151.861
2017060301 155.928
2017060302 160.246
2017060303 161.173
2017060304 163.596
2017060305 168.887
2017060306 179.522
2017060307 144.01
2017060308 139.497
2017060309 132.823
2017060310 119.03
2017060311 117.279
2017060312 117.476
2017060313 120.087
2017060314 121.117
2017060315 120.719
2017060316 123.528
2017060317 124.572
2017060318 123.883
2017060319 122.624
2017060320 120.657
2017060321 120.212
2017060322 122.34
2017060323 125.949
2017060400 118.047
2017060401 120.674
2017060402 125.742
2017060403 132.761
2017060404 138.974
2017060405 141.093
2017060406 142.509
2017060407 137.758
2017060408 138.332
2017060409 139.816
2017060410 137.953
2017060411 126.575
2017060412 121.231
2017060413 114.378
2017060414 114.362
2017060415 118.749
2017060416 120.519
2017060417 123.751
2017060418 126.127
2017060419 130.435
2017060420 136.544
2017060421 144.611
2017060422 150.499
2017060423 156.92
2017060500 144.72
2017060501 144.903
2017060502 145.499
2017060503 144.994
2017060504 142.307
2017060505 148.276
2017060506 153.16
2017060507 139.064
2017060508 135.449
2017060509 132.101
2017060510 129.923
2017060511 125.573
2017060512 118.133
2017060513 98.287
2017060514 95.475
2017060515 95.883
2017060516 101.134
2017060517 104.716
2017060518 106.843
2017060519 109.253
2017060520 110.604
2017060521 111.923
2017060522 112.556
2017060523 114.473
2017060600 124.885
2017060601 126.361
2017060602 127.361
2017060603 128.484
2017060604 131.196
2017060605 133.735
2017060606 136.993
2017060607 126.922
2017060608 125.954
2017060609 123.491
2017060610 121.586
2017060611 117.415
2017060612 114.932
2017060613 108.826
2017060614 105.491
2017060615 101.072
2017060616 99.618
2017060617 97.948
2017060618 97.239
2017060619 98.02
2017060620 109.259
2017060621 114.121
2017060622 108.157
2017060623 103.446
2017060700 108.482
2017060701 109.735
2017060702 110.355
2017060703 110.955
2017060704 108.127
2017060705 108.192
2017060706 109.916
2017060707 109.722
2017060708 109.148
2017060709 109.074
2017060710 106.379
2017060711 105.619
2017060712 105.146
2017060713 104.588
2017060714 104.581
2017060715 105.635
2017060716 113.456
2017060717 111.885
2017060718 108.205
2017060719 111.223
2017060720 110.265
2017060721 109.587
2017060722 109.787
2017060723 110.402
