2017060100 128.443
2017060101 130.345
2017060102 134.263
2017060103 141.014
2017060104 137.039
2017060105 141.518
2017060106 150.71
2017060107 138.596
2017060108 141.417
2017060109 142.23
2017060110 138.014
2017060111 134.641
2017060112 131.772
2017060113 127.718
2017060114 127.432
2017060115 129.082
2017060116 163.523
2017060117 184.4
2017060118 186.691
2017060119 173.582
2017060120 176.961
2017060121 177.291
2017060122 174.903
2017060123 167.522
2017060200 187.477
2017060201 200.58
2017060202 212.212
2017060203 222.171
2017060204 222.333
2017060205 228.889
2017060206 238.176
2017060207 152.713
2017060208 140.994
2017060209 132.889
2017060210 127.071
2017060211 128.319
2017060212 131.309
2017060213 151.336
2017060214 167.848
2017060215 180.511
2017060216 207.765
2017060217 223.413
2017060218 232.307
2017060219 244.01
2017060220 241.475
2017060221 226.229
2017060222 207.346
2017060223 194.598
2017060300 177.387
2017060301 176.541
2017060302 175.115
2017060303 172.528
2017060304 167.901
2017060305 176.37
2017060306 198.121
2017060307 187.431
2017060308 195.106
2017060309 195.864
2017060310 147.627
2017060311 137.785
2017060312 131.031
2017060313 128.719
2017060314 128.835
2017060315 130.258
2017060316 156.431
2017060317 162.785
2017060318 158.717
2017060319 163.705
2017060320 160.134
2017060321 155.784
2017060322 155.749
2017060323 152.309
2017060400 136.665
2017060401 134.393
2017060402 133.409
2017060403 135.659
2017060404 139.128
2017060405 148.567
2017060406 162.614
2017060407 148.503
2017060408 142.459
2017060409 137.732
2017060410 146.758
2017060411 144.284
2017060412 136.002
2017060413 133.774
2017060414 140.279
2017060415 144.056
2017060416 148.576
2017060417 146.293
2017060418 143.452
2017060419 149.326
2017060420 155.431
2017060421 160.48
2017060422 163.247
2017060423 165.491
2017060500 161.634
2017060501 163.833
2017060502 163.72
2017060503 162.96
2017060504 149.251
2017060505 154.56
2017060506 164.935
2017060507 156.033
2017060508 154.827
2017060509 154.578
2017060510 138.357
2017060511 138.108
2017060512 134.498
2017060513 131.529
2017060514 127.068
2017060515 124.175
2017060516 137.848
2017060517 135.943
2017060518 129.248
2017060519 133.422
2017060520 135.944
2017060521 139.682
2017060522 138.446
2017060523 135.676
2017060600 164.965
2017060601 160.27
2017060602 154.543
2017060603 149.169
2017060604 143.118
2017060605 147.428
2017060606 153.588
2017060607 132.571
2017060608 129.438
2017060609 128.221
2017060610 123.492
2017060611 121.384
2017060612 118.581
2017060613 117.582
2017060614 117.237
2017060615 116.735
2017060616 120.513
2017060617 117.019
2017060618 115.011
2017060619 133.473
2017060620 137.842
2017060621 128.553
2017060622 121.553
2017060623 116.151
2017060700 124.343
2017060701 123.272
2017060702 122.176
2017060703 121.162
2017060704 118.514
2017060705 121.272
2017060706 127.051
2017060707 127.415
2017060708 126.719
2017060709 124.558
2017060710 122.692
2017060711 121.742
2017060712 120.341
2017060713 124.495
2017060714 125.234
2017060715 125.351
2017060716 141.635
2017060717 139.331
2017060718 133.157
2017060719 124.612
2017060720 121.945
2017060721 121.585
2017060722 124.343
2017060723 124.176
