2017060100 15.086
2017060101 13.372
2017060102 12.89
2017060103 13.174
2017060104 10.747
2017060105 8.884
2017060106 7.671
2017060107 5.918
2017060108 5.109
2017060109 3.707
2017060110 1.886
2017060111 1.48
2017060112 1.4
2017060113 2.312
2017060114 2.926
2017060115 3.611
2017060116 5
2017060117 7.286
2017060118 10.238
2017060119 15.098
2017060120 18.583
2017060121 20.763
2017060122 21.806
2017060123 21.587
2017060200 14.822
2017060201 14.041
2017060202 12.008
2017060203 9.624
2017060204 7.6
2017060205 6.315
2017060206 6.407
2017060207 4.761
2017060208 4.176
2017060209 2.96
2017060210 1.832
2017060211 1.685
2017060212 1.683
2017060213 2.45
2017060214 3.031
2017060215 3.921
2017060216 5.995
2017060217 8.93
2017060218 11.528
2017060219 13.997
2017060220 15.263
2017060221 16.333
2017060222 17.154
2017060223 16.851
2017060300 18.274
2017060301 16.805
2017060302 14.541
2017060303 12.101
2017060304 9.821
2017060305 6.966
2017060306 5.905
2017060307 5.623
2017060308 4.896
2017060309 3.432
2017060310 1.867
2017060311 1.552
2017060312 1.562
2017060313 1.961
2017060314 2.123
2017060315 2.393
2017060316 3.69
2017060317 5.103
2017060318 6.462
2017060319 9.051
2017060320 10.069
2017060321 10.583
2017060322 11.638
2017060323 12.946
2017060400 11.639
2017060401 9.867
2017060402 9.856
2017060403 9.804
2017060404 8.674
2017060405 7.151
2017060406 6.62
2017060407 6.996
2017060408 7.093
2017060409 6.547
2017060410 3.958
2017060411 2.743
2017060412 2.1
2017060413 2.134
2017060414 2.322
2017060415 2.756
2017060416 4.129
2017060417 5.415
2017060418 6.624
2017060419 8.8
2017060420 9.171
2017060421 9.441
2017060422 10.373
2017060423 11.107
2017060500 12.773
2017060501 10.068
2017060502 8.783
2017060503 7.942
2017060504 6.962
2017060505 6.172
2017060506 6.263
2017060507 5.595
2017060508 5.317
2017060509 4.46
2017060510 3.575
2017060511 2.813
2017060512 2.436
2017060513 2.598
2017060514 2.881
2017060515 3.5
2017060516 5.23
2017060517 7.437
2017060518 9.835
2017060519 13.727
2017060520 16.541
2017060521 18.96
2017060522 21.013
2017060523 22.235
2017060600 16.398
2017060601 15.935
2017060602 15.071
2017060603 13.917
2017060604 13.43
2017060605 11.593
2017060606 8.804
2017060607 3.516
2017060608 2.889
2017060609 2.051
2017060610 1.595
2017060611 1.304
2017060612 1.246
2017060613 1.262
2017060614 1.381
2017060615 1.618
2017060616 2.502
2017060617 3.15
2017060618 3.638
2017060619 5.24
2017060620 5.966
2017060621 6.456
2017060622 6.747
2017060623 6.301
2017060700 6.234
2017060701 5.778
2017060702 4.962
2017060703 4.258
2017060704 3.224
2017060705 2.74
2017060706 2.901
2017060707 2.499
2017060708 2.198
2017060709 1.711
2017060710 1.255
2017060711 0.994
2017060712 0.972
2017060713 1.044
2017060714 1.133
2017060715 1.32
2017060716 3.15
2017060717 4.531
2017060718 5.58
2017060719 8.736
2017060720 10.498
2017060721 11.404
2017060722 13.117
2017060723 14.211
2017060800 14.416
2017060801 13.346
2017060802 11.806
2017060803 10.331
2017060804 8.595
2017060805 5.913
2017060806 5.249
2017060807 5.174
2017060808 5.439
2017060809 4.905
2017060810 3.547
2017060811 2.682
2017060812 2.336
2017060813 2.334
2017060814 2.476
2017060815 2.849
2017060816 6.102
2017060817 9.278
2017060818 11.791
2017060819 13.833
2017060820 12.982
2017060821 11.355
2017060822 11.337
2017060823 11.407
2017060900 12.331
2017060901 10.592
2017060902 9.279
2017060903 8.247
2017060904 7.277
2017060905 6.19
2017060906 6.338
2017060907 6.334
2017060908 6.27
2017060909 5.624
2017060910 3.586
2017060911 2.391
2017060912 1.954
2017060913 2.13
2017060914 2.346
2017060915 2.752
2017060916 5.449
2017060917 8.741
2017060918 12.003
2017060919 16.048
2017060920 18.609
2017060921 18.109
2017060922 17.284
2017060923 17.818
2017061000 17.76
2017061001 17.624
2017061002 17.031
2017061003 16.209
2017061004 14.602
2017061005 11.28
2017061006 9.509
2017061007 9.237
2017061008 9.2
2017061009 8.42
2017061010 3.529
2017061011 2.247
2017061012 1.677
2017061013 1.517
2017061014 1.515
2017061015 1.686
2017061016 4.424
2017061017 7.099
2017061018 10.165
2017061019 13.976
2017061020 16.016
2017061021 15.949
2017061022 15.117
2017061023 14.044
