2017060100 5.523
2017060101 5.103
2017060102 4.682
2017060103 4.539
2017060104 4.182
2017060105 3.57
2017060106 3.03
2017060107 2.656
2017060108 2.155
2017060109 1.405
2017060110 0.943
2017060111 0.814
2017060112 0.796
2017060113 0.928
2017060114 1.016
2017060115 1.239
2017060116 1.843
2017060117 2.665
2017060118 3.741
2017060119 5.474
2017060120 6.636
2017060121 7.326
2017060122 7.791
2017060123 8.007
2017060200 6.968
2017060201 6.887
2017060202 6.529
2017060203 5.822
2017060204 5.064
2017060205 4.145
2017060206 3.722
2017060207 3.76
2017060208 3.302
2017060209 2.413
2017060210 1.882
2017060211 1.49
2017060212 1.357
2017060213 1.231
2017060214 1.282
2017060215 1.377
2017060216 2.302
2017060217 3.184
2017060218 4.231
2017060219 5.569
2017060220 6.326
2017060221 6.706
2017060222 6.902
2017060223 6.767
2017060300 6.874
2017060301 6.061
2017060302 5.592
2017060303 5.025
2017060304 4.187
2017060305 3.485
2017060306 3.107
2017060307 2.586
2017060308 2.048
2017060309 1.482
2017060310 1.109
2017060311 0.949
2017060312 0.887
2017060313 0.896
2017060314 0.938
2017060315 1.066
2017060316 1.688
2017060317 2.342
2017060318 3.122
2017060319 4.611
2017060320 5.575
2017060321 5.814
2017060322 5.923
2017060323 6.217
2017060400 6.071
2017060401 6.081
2017060402 5.603
2017060403 5.019
2017060404 4.204
2017060405 3.513
2017060406 2.482
2017060407 1.98
2017060408 2.017
2017060409 1.819
2017060410 1.163
2017060411 0.81
2017060412 0.689
2017060413 0.751
2017060414 0.816
2017060415 0.981
2017060416 1.438
2017060417 1.895
2017060418 2.569
2017060419 3.964
2017060420 4.933
2017060421 5.593
2017060422 6.225
2017060423 6.638
2017060500 6.402
2017060501 6.692
2017060502 6.859
2017060503 6.89
2017060504 6.723
2017060505 5.758
2017060506 4.836
2017060507 3.948
2017060508 3.384
2017060509 2.662
2017060510 1.989
2017060511 1.514
2017060512 1.31
2017060513 1.18
2017060514 1.242
2017060515 1.403
2017060516 2.184
2017060517 3.121
2017060518 4.296
2017060519 5.958
2017060520 6.96
2017060521 7.331
2017060522 6.771
2017060523 6.177
2017060600 7.369
2017060601 6.935
2017060602 6.285
2017060603 5.558
2017060604 4.405
2017060605 3.943
2017060606 3.202
2017060607 2.668
2017060608 2.504
2017060609 1.682
2017060610 0.992
2017060611 0.682
2017060612 0.622
2017060613 0.573
2017060614 0.624
2017060615 0.673
2017060616 1.04
2017060617 1.325
2017060618 1.694
2017060619 2.591
2017060620 2.91
2017060621 2.893
2017060622 2.759
2017060623 2.87
2017060700 2.386
2017060701 2.359
2017060702 2.578
2017060703 2.982
2017060704 2.915
2017060705 2.549
2017060706 2.123
2017060707 1.51
2017060708 1.177
2017060709 0.932
2017060710 0.74
2017060711 0.62
2017060712 0.554
2017060713 0.534
2017060714 0.571
2017060715 0.654
2017060716 1.26
2017060717 1.782
2017060718 2.264
2017060719 3.73
2017060720 4.793
2017060721 5.546
2017060722 6.204
2017060723 6.653
2017060800 5.314
2017060801 5.11
2017060802 4.677
2017060803 4.406
2017060804 4.067
2017060805 3.139
2017060806 2.526
2017060807 2.432
2017060808 2.627
2017060809 2.419
2017060810 1.757
2017060811 1.252
2017060812 1.055
2017060813 1.198
2017060814 1.294
2017060815 1.47
2017060816 2.091
2017060817 2.724
2017060818 3.519
2017060819 4.786
2017060820 5.544
2017060821 5.934
2017060822 6.204
2017060823 6.272
2017060900 6.768
2017060901 6.738
2017060902 6.609
2017060903 6.291
2017060904 5.349
2017060905 4.232
2017060906 3.681
2017060907 3.442
2017060908 2.882
2017060909 1.759
2017060910 1.091
2017060911 0.841
2017060912 0.814
2017060913 0.916
2017060914 1.062
2017060915 1.287
2017060916 2.104
2017060917 2.951
2017060918 3.829
2017060919 5.063
2017060920 5.738
2017060921 5.984
2017060922 6.507
2017060923 6.779
2017061000 7.944
2017061001 8.25
2017061002 8.259
2017061003 8.145
2017061004 7.821
2017061005 6.479
2017061006 5.223
2017061007 4.834
2017061008 4.492
2017061009 3.732
2017061010 1.904
2017061011 1.29
2017061012 1.054
2017061013 1.067
2017061014 1.106
2017061015 1.202
2017061016 2.052
2017061017 2.835
2017061018 3.811
2017061019 5.066
2017061020 6.366
2017061021 7.451
2017061022 7.629
2017061023 6.828
