2017060100 125.69
2017060101 125.53
2017060102 124.723
2017060103 123.084
2017060104 115.57
2017060105 116.621
2017060106 121.727
2017060107 113.815
2017060108 114.766
2017060109 114.962
2017060110 113.653
2017060111 114.366
2017060112 115.241
2017060113 115.477
2017060114 116.204
2017060115 118.158
2017060116 125.598
2017060117 127.734
2017060118 124.042
2017060119 127.667
2017060120 129.38
2017060121 131.31
2017060122 136.058
2017060123 139.512
2017060200 138.055
2017060201 136.36
2017060202 134.948
2017060203 134.051
2017060204 133.699
2017060205 137.712
2017060206 148.096
2017060207 133.389
2017060208 133.439
2017060209 132.513
2017060210 120.743
2017060211 121.345
2017060212 122.793
2017060213 124.431
2017060214 126.25
2017060215 128.481
2017060216 141.207
2017060217 143.64
2017060218 135.678
2017060219 132.276
2017060220 132.35
2017060221 135.343
2017060222 136.479
2017060223 134.792
2017060300 138.171
2017060301 135.741
2017060302 134.087
2017060303 131.846
2017060304 126.028
2017060305 126.693
2017060306 132.263
2017060307 129.095
2017060308 131.238
2017060309 131.992
2017060310 117.571
2017060311 114.263
2017060312 111.968
2017060313 110.099
2017060314 111.624
2017060315 116.214
2017060316 130.514
2017060317 135.552
2017060318 136.95
2017060319 135.347
2017060320 126.926
2017060321 123.068
2017060322 129.523
2017060323 130.905
2017060400 141.594
2017060401 137.835
2017060402 135.276
2017060403 134.476
2017060404 121.681
2017060405 116.793
2017060406 119.054
2017060407 121.336
2017060408 119.529
2017060409 116.753
2017060410 119.812
2017060411 139.387
2017060412 161.788
2017060413 143.341
2017060414 122.436
2017060415 114.29
2017060416 121.761
2017060417 128.186
2017060418 125.784
2017060419 127.398
2017060420 125.894
2017060421 127.833
2017060422 128.734
2017060423 125.027
2017060500 147.852
2017060501 146.8
2017060502 142.016
2017060503 137.396
2017060504 129.049
2017060505 130.988
2017060506 138.73
2017060507 133.817
2017060508 135.993
2017060509 136.361
2017060510 134.192
2017060511 132.173
2017060512 129.483
2017060513 125.253
2017060514 123.121
2017060515 123.08
2017060516 137.868
2017060517 139.327
2017060518 135.741
2017060519 133.379
2017060520 133.088
2017060521 131.057
2017060522 128.823
2017060523 126.026
2017060600 131.068
2017060601 129.377
2017060602 129.902
2017060603 131.307
2017060604 133.553
2017060605 141.269
2017060606 152.257
2017060607 152.076
2017060608 153.088
2017060609 155.151
2017060610 153.033
2017060611 152.995
2017060612 151.308
2017060613 144.945
2017060614 134.993
2017060615 131.901
2017060616 133.394
2017060617 132.193
2017060618 131.721
2017060619 126.271
2017060620 120.227
2017060621 118.935
2017060622 118.818
2017060623 118.647
2017060700 115.229
2017060701 109.327
2017060702 106.448
2017060703 105.226
2017060704 103.602
2017060705 104.573
2017060706 107.818
2017060707 107.066
2017060708 107.184
2017060709 105.678
2017060710 104.525
2017060711 103.908
2017060712 103.674
2017060713 103.711
2017060714 105.182
2017060715 108.708
2017060716 113.616
2017060717 114.526
2017060718 109.392
2017060719 108.69
2017060720 107.222
2017060721 108.008
2017060722 110.003
2017060723 111.205
