2017060100 5.801
2017060101 5.888
2017060102 5.803
2017060103 5.469
2017060104 4.53
2017060105 3.186
2017060106 2.7
2017060107 2.484
2017060108 1.759
2017060109 1.141
2017060110 0.846
2017060111 0.735
2017060112 0.728
2017060113 0.777
2017060114 0.86
2017060115 0.997
2017060116 1.379
2017060117 1.851
2017060118 2.479
2017060119 3.644
2017060120 4.363
2017060121 4.948
2017060122 5.478
2017060123 5.847
2017060200 8.228
2017060201 8.235
2017060202 7.845
2017060203 7.159
2017060204 5.908
2017060205 4.222
2017060206 3.531
2017060207 2.596
2017060208 1.679
2017060209 1.078
2017060210 0.837
2017060211 0.727
2017060212 0.688
2017060213 0.666
2017060214 0.696
2017060215 0.787
2017060216 1.185
2017060217 1.613
2017060218 2.152
2017060219 3.432
2017060220 4.282
2017060221 4.946
2017060222 5.449
2017060223 5.695
2017060300 8.073
2017060301 8.081
2017060302 7.678
2017060303 6.849
2017060304 5.548
2017060305 4.031
2017060306 3.336
2017060307 2.101
2017060308 1.469
2017060309 1.006
2017060310 0.791
2017060311 0.698
2017060312 0.681
2017060313 0.63
2017060314 0.679
2017060315 0.798
2017060316 1.475
2017060317 2.249
2017060318 3.191
2017060319 4.249
2017060320 4.907
2017060321 5.388
2017060322 5.831
2017060323 6.172
2017060400 5.709
2017060401 5.788
2017060402 5.599
2017060403 5.219
2017060404 4.329
2017060405 3.343
2017060406 2.72
2017060407 2.055
2017060408 1.351
2017060409 0.869
2017060410 0.66
2017060411 0.587
2017060412 0.58
2017060413 0.827
2017060414 1.057
2017060415 1.4
2017060416 1.872
2017060417 2.686
2017060418 3.872
2017060419 5.029
2017060420 5.375
2017060421 5.355
2017060422 5.812
2017060423 5.686
2017060500 6.982
2017060501 7.078
2017060502 6.65
2017060503 5.789
2017060504 4.78
2017060505 3.567
2017060506 3.036
2017060507 3.081
2017060508 2.681
2017060509 1.971
2017060510 0.981
2017060511 0.654
2017060512 0.542
2017060513 0.74
2017060514 0.903
2017060515 1.178
2017060516 1.927
2017060517 2.803
2017060518 3.98
2017060519 5.42
2017060520 6.183
2017060521 6.754
2017060522 7.27
2017060523 7.631
2017060600 5.386
2017060601 5.503
2017060602 5.442
2017060603 5.317
2017060604 4.456
2017060605 3.287
2017060606 2.673
2017060607 2.006
2017060608 1.427
2017060609 0.976
2017060610 0.728
2017060611 0.588
2017060612 0.539
2017060613 0.599
2017060614 0.68
2017060615 0.847
2017060616 1.651
2017060617 2.467
2017060618 3.482
2017060619 4.4
2017060620 5.127
2017060621 5.494
2017060622 5.887
2017060623 6.098
2017060700 6.442
2017060701 6.386
2017060702 6.173
2017060703 5.889
2017060704 5.024
2017060705 3.477
2017060706 2.949
2017060707 2.051
2017060708 1.692
2017060709 1.385
2017060710 1.2
2017060711 0.962
2017060712 0.771
2017060713 0.714
2017060714 0.734
2017060715 0.832
2017060716 1.378
2017060717 2.096
2017060718 3.114
2017060719 4.506
2017060720 5.264
2017060721 5.833
2017060722 6.372
2017060723 6.73
2017060800 7.196
2017060801 7.047
2017060802 6.813
2017060803 6.574
2017060804 5.709
2017060805 3.983
2017060806 3.209
2017060807 2.144
2017060808 1.831
2017060809 1.488
2017060810 0.914
2017060811 0.7
2017060812 0.606
2017060813 0.618
2017060814 0.647
2017060815 0.718
2017060816 1.301
2017060817 1.928
2017060818 2.735
2017060819 3.933
2017060820 4.653
2017060821 5.299
2017060822 5.929
2017060823 6.379
2017060900 7.261
2017060901 7.179
2017060902 6.75
2017060903 6.127
2017060904 5.012
2017060905 3.499
2017060906 3.09
2017060907 2.73
2017060908 2.102
2017060909 1.417
2017060910 0.929
2017060911 0.734
2017060912 0.655
2017060913 0.676
2017060914 0.714
2017060915 0.803
2017060916 1.35
2017060917 1.988
2017060918 2.867
2017060919 4.212
2017060920 5.067
2017060921 5.808
2017060922 6.487
2017060923 6.867
2017061000 6.102
2017061001 6.127
2017061002 6.108
2017061003 5.895
2017061004 5.195
2017061005 3.905
2017061006 3.22
2017061007 2.913
2017061008 2.164
2017061009 1.485
2017061010 1.045
2017061011 0.8
2017061012 0.715
2017061013 0.881
2017061014 1.042
2017061015 1.289
2017061016 1.765
2017061017 2.471
2017061018 3.462
2017061019 4.586
2017061020 5.056
2017061021 5.389
2017061022 5.764
2017061023 6.08
