2017060100 6.265
2017060101 6.263
2017060102 6.574
2017060103 6.597
2017060104 5.626
2017060105 4.681
2017060106 4.23
2017060107 1.936
2017060108 1.548
2017060109 1.268
2017060110 1.06
2017060111 1.051
2017060112 1.038
2017060113 1.068
2017060114 1.142
2017060115 1.296
2017060116 2.942
2017060117 4.696
2017060118 6.529
2017060119 8.803
2017060120 12.101
2017060121 14.972
2017060122 16.695
2017060123 16.527
2017060200 16.18
2017060201 16.24
2017060202 15.767
2017060203 14.59
2017060204 11.182
2017060205 8.23
2017060206 6.989
2017060207 3.115
2017060208 2.147
2017060209 1.568
2017060210 1.101
2017060211 1.036
2017060212 1.024
2017060213 1.069
2017060214 1.081
2017060215 1.118
2017060216 2.764
2017060217 4.079
2017060218 5.322
2017060219 6.634
2017060220 7.094
2017060221 7.529
2017060222 8.91
2017060223 10.232
2017060300 14.781
2017060301 14.297
2017060302 12.616
2017060303 10.516
2017060304 8.156
2017060305 6.682
2017060306 5.839
2017060307 3.303
2017060308 2.485
2017060309 1.871
2017060310 1.297
2017060311 1.196
2017060312 1.173
2017060313 1.168
2017060314 1.232
2017060315 1.348
2017060316 2.829
2017060317 4.126
2017060318 5.502
2017060319 6.603
2017060320 7.153
2017060321 7.445
2017060322 8.037
2017060323 9.461
2017060400 9.11
2017060401 9.429
2017060402 9.288
2017060403 8.876
2017060404 7.996
2017060405 6.713
2017060406 5.819
2017060407 5.149
2017060408 4.204
2017060409 3.178
2017060410 2.144
2017060411 1.369
2017060412 1.572
2017060413 3.727
2017060414 2.6
2017060415 2.173
2017060416 2.717
2017060417 3.486
2017060418 4.491
2017060419 6.775
2017060420 8.321
2017060421 9.605
2017060422 10.89
2017060423 11.36
2017060500 12.572
2017060501 13.253
2017060502 13.334
2017060503 12.498
2017060504 10.196
2017060505 8.286
2017060506 7.196
2017060507 3.433
2017060508 2.536
2017060509 1.812
2017060510 1.091
2017060511 0.949
2017060512 0.896
2017060513 1.042
2017060514 1.172
2017060515 1.381
2017060516 2.922
2017060517 4.762
2017060518 7.304
2017060519 8.348
2017060520 8.192
2017060521 7.974
2017060522 7.527
2017060523 7.177
2017060600 10.084
2017060601 8.993
2017060602 8.986
2017060603 9.165
2017060604 8.531
2017060605 7.499
2017060606 7.032
2017060607 6.288
2017060608 5.019
2017060609 3.455
2017060610 1.721
2017060611 1.322
2017060612 1.213
2017060613 1.479
2017060614 1.517
2017060615 1.681
2017060616 2.059
2017060617 2.789
2017060618 3.448
2017060619 3.552
2017060620 3.295
2017060621 3.621
2017060622 4.005
2017060623 4.44
2017060700 4.346
2017060701 4.271
2017060702 4.036
2017060703 3.798
2017060704 2.875
2017060705 2.512
2017060706 2.255
2017060707 1.813
2017060708 1.329
2017060709 0.991
2017060710 0.734
2017060711 0.632
2017060712 0.595
2017060713 0.812
2017060714 0.975
2017060715 1.129
2017060716 1.567
2017060717 1.92
2017060718 2.353
2017060719 3.51
2017060720 4.224
2017060721 4.793
2017060722 5.065
2017060723 5.223
2017060800 7.47
2017060801 7.649
2017060802 6.989
2017060803 6.039
2017060804 4.885
2017060805 4.164
2017060806 3.82
2017060807 2.163
2017060808 1.704
2017060809 1.326
2017060810 1.009
2017060811 0.875
2017060812 0.811
2017060813 0.835
2017060814 0.866
2017060815 0.944
2017060816 2.488
2017060817 4.038
2017060818 5.541
2017060819 6.014
2017060820 5.462
2017060821 4.986
2017060822 5.436
2017060823 6.239
2017060900 19.369
2017060901 18.109
2017060902 15.429
2017060903 14.029
2017060904 12.353
2017060905 7.905
2017060906 5.28
2017060907 3.322
2017060908 2.918
2017060909 2.513
2017060910 1.794
2017060911 1.497
2017060912 1.424
2017060913 1.457
2017060914 1.476
2017060915 1.609
2017060916 3.196
2017060917 4.937
2017060918 6.888
2017060919 7.281
2017060920 5.303
2017060921 4.555
2017060922 5.315
2017060923 5.646
2017061000 5.129
2017061001 4.765
2017061002 5.105
2017061003 5.667
2017061004 5.345
2017061005 4.572
2017061006 4.123
2017061007 2.514
2017061008 1.904
2017061009 1.412
2017061010 1.081
2017061011 0.924
2017061012 0.903
2017061013 0.959
2017061014 0.949
2017061015 1.019
2017061016 2.107
2017061017 3.016
2017061018 4.022
2017061019 5.392
2017061020 6.27
2017061021 6.701
2017061022 7.228
2017061023 7.67
