2017060100 188.476
2017060101 178.222
2017060102 177.557
2017060103 180.997
2017060104 172.494
2017060105 175.146
2017060106 175.592
2017060107 159.355
2017060108 161.794
2017060109 164.6
2017060110 150.554
2017060111 147.025
2017060112 143.55
2017060113 157.27
2017060114 175.028
2017060115 194.833
2017060116 216.342
2017060117 238.813
2017060118 257.551
2017060119 283.14
2017060120 300.324
2017060121 301.072
2017060122 287.47
2017060123 269.519
2017060200 196.16
2017060201 190.833
2017060202 179.863
2017060203 167.938
2017060204 160.937
2017060205 164.316
2017060206 179.298
2017060207 160.407
2017060208 166.57
2017060209 169.003
2017060210 151.504
2017060211 151.548
2017060212 151.373
2017060213 163.037
2017060214 172.481
2017060215 182.473
2017060216 204.608
2017060217 226.374
2017060218 229.954
2017060219 230.246
2017060220 232.518
2017060221 237.371
2017060222 239.547
2017060223 234.715
2017060300 255.302
2017060301 246.8
2017060302 235.658
2017060303 223.423
2017060304 213.473
2017060305 208.753
2017060306 213.336
2017060307 176.649
2017060308 167.507
2017060309 159.073
2017060310 137.642
2017060311 131.13
2017060312 131.835
2017060313 137.927
2017060314 136.537
2017060315 137.721
2017060316 146.595
2017060317 151.151
2017060318 148.33
2017060319 153.627
2017060320 154.49
2017060321 150.137
2017060322 145.455
2017060323 147.063
2017060400 160.197
2017060401 142.857
2017060402 136.8
2017060403 132.032
2017060404 127.291
2017060405 127.54
2017060406 132.871
2017060407 140.567
2017060408 146.196
2017060409 148.285
2017060410 137.078
2017060411 138.835
2017060412 139.619
2017060413 143.724
2017060414 146.144
2017060415 149.073
2017060416 160.001
2017060417 162.248
2017060418 163.233
2017060419 174.174
2017060420 176.455
2017060421 179.036
2017060422 180.974
2017060423 182.555
2017060500 186.107
2017060501 168.952
2017060502 163.697
2017060503 162.003
2017060504 161.279
2017060505 165.776
2017060506 177.94
2017060507 179.717
2017060508 188.717
2017060509 197.536
2017060510 207.835
2017060511 216.871
2017060512 224.643
2017060513 236.515
2017060514 250.279
2017060515 264.834
2017060516 283.294
2017060517 297.367
2017060518 305.931
2017060519 319.99
2017060520 330.317
2017060521 335.879
2017060522 333.254
2017060523 328.059
2017060600 236.107
2017060601 233.808
2017060602 231.188
2017060603 227.997
2017060604 222.075
2017060605 212.733
2017060606 208.816
2017060607 153.957
2017060608 143.249
2017060609 132.687
2017060610 127.776
2017060611 122.913
2017060612 121.244
2017060613 119.064
2017060614 119.669
2017060615 122.039
2017060616 126.878
2017060617 125.913
2017060618 121.118
2017060619 121.735
2017060620 121.849
2017060621 122.59
2017060622 122.139
2017060623 118.902
2017060700 118.388
2017060701 115.806
2017060702 111.722
2017060703 108.158
2017060704 104.029
2017060705 106.141
2017060706 113.394
2017060707 113.953
2017060708 114.173
2017060709 114.105
2017060710 113.202
2017060711 112.11
2017060712 112.023
2017060713 112.303
2017060714 112.522
2017060715 113.112
2017060716 125.38
2017060717 128.482
2017060718 126.415
2017060719 134.017
2017060720 139.18
2017060721 144.82
2017060722 151.818
2017060723 157.331
