2017060100 8.13
2017060101 7.748
2017060102 7.18
2017060103 6.355
2017060104 5.487
2017060105 4.956
2017060106 4.894
2017060107 4.204
2017060108 3.359
2017060109 2.346
2017060110 1.976
2017060111 1.605
2017060112 1.514
2017060113 1.616
2017060114 1.776
2017060115 1.988
2017060116 3.051
2017060117 4.019
2017060118 5.205
2017060119 6.65
2017060120 7.391
2017060121 7.908
2017060122 8.307
2017060123 8.289
2017060200 8.454
2017060201 7.716
2017060202 6.975
2017060203 6.219
2017060204 5.437
2017060205 4.436
2017060206 4.269
2017060207 3.538
2017060208 2.728
2017060209 1.91
2017060210 1.675
2017060211 1.496
2017060212 1.499
2017060213 1.607
2017060214 1.797
2017060215 2.169
2017060216 3.733
2017060217 5.497
2017060218 7.231
2017060219 8.828
2017060220 9.109
2017060221 8.778
2017060222 8.336
2017060223 7.748
2017060300 7.945
2017060301 6.601
2017060302 5.574
2017060303 4.83
2017060304 4.275
2017060305 3.67
2017060306 3.515
2017060307 2.69
2017060308 2.27
2017060309 1.754
2017060310 1.199
2017060311 0.959
2017060312 0.878
2017060313 1.024
2017060314 1.113
2017060315 1.331
2017060316 2.413
2017060317 3.047
2017060318 3.376
2017060319 3.938
2017060320 4.359
2017060321 4.878
2017060322 4.887
2017060323 5.028
2017060400 5.105
2017060401 4.281
2017060402 4.551
2017060403 5.536
2017060404 6.185
2017060405 5.109
2017060406 4.627
2017060407 4.605
2017060408 4.616
2017060409 4.352
2017060410 4.024
2017060411 3.404
2017060412 1.739
2017060413 1.045
2017060414 1.122
2017060415 1.403
2017060416 2.43
2017060417 3.686
2017060418 5.209
2017060419 7.33
2017060420 8.654
2017060421 9.559
2017060422 10.46
2017060423 11.193
2017060500 12.474
2017060501 12.91
2017060502 12.915
2017060503 12.809
2017060504 13.288
2017060505 10.617
2017060506 8.801
2017060507 6.912
2017060508 6.32
2017060509 5.057
2017060510 3.528
2017060511 2.257
2017060512 1.75
2017060513 1.806
2017060514 1.957
2017060515 2.334
2017060516 3.601
2017060517 5.012
2017060518 6.198
2017060519 7.172
2017060520 7.075
2017060521 6.756
2017060522 6.722
2017060523 6.771
2017060600 9.891
2017060601 8.982
2017060602 7.919
2017060603 7.068
2017060604 6.231
2017060605 4.813
2017060606 4.172
2017060607 3.662
2017060608 2.408
2017060609 1.697
2017060610 1.284
2017060611 0.999
2017060612 0.99
2017060613 0.768
2017060614 0.762
2017060615 0.847
2017060616 1.244
2017060617 1.519
2017060618 1.847
2017060619 2.66
2017060620 2.924
2017060621 3.006
2017060622 3.384
2017060623 3.468
2017060700 3.252
2017060701 3.099
2017060702 2.924
2017060703 2.87
2017060704 2.334
2017060705 2.062
2017060706 2.108
2017060707 2.033
2017060708 1.732
2017060709 1.325
2017060710 0.806
2017060711 0.648
2017060712 0.596
2017060713 0.672
2017060714 0.709
2017060715 0.808
2017060716 1.497
2017060717 2.025
2017060718 2.672
2017060719 5.312
2017060720 6.958
2017060721 7.74
2017060722 8.198
2017060723 8.241
2017060800 7.835
2017060801 7.468
2017060802 6.842
2017060803 6.111
2017060804 5.28
2017060805 4
2017060806 3.57
2017060807 3.458
2017060808 3.526
2017060809 3.233
2017060810 2.402
2017060811 1.873
2017060812 1.625
2017060813 1.556
2017060814 1.515
2017060815 1.542
2017060816 3.038
2017060817 3.648
2017060818 4.094
2017060819 4.89
2017060820 5.719
2017060821 6.429
2017060822 7.276
2017060823 7.682
2017060900 7.047
2017060901 6.813
2017060902 6.525
2017060903 6.018
2017060904 5.119
2017060905 3.997
2017060906 3.821
2017060907 3.596
2017060908 3.22
2017060909 2.236
2017060910 1.607
2017060911 1.339
2017060912 1.213
2017060913 1.435
2017060914 1.442
2017060915 1.701
2017060916 3.055
2017060917 4.727
2017060918 6.583
2017060919 8.705
2017060920 9.666
2017060921 9.976
2017060922 10.159
2017060923 10.177
2017061000 6.655
2017061001 6.735
2017061002 6.462
2017061003 6.099
2017061004 5.576
2017061005 4.726
2017061006 4.417
2017061007 4.197
2017061008 3.85
2017061009 2.683
2017061010 1.549
2017061011 1.19
2017061012 1.094
2017061013 1.035
2017061014 1.101
2017061015 1.231
2017061016 2.589
2017061017 3.676
2017061018 4.911
2017061019 6.53
2017061020 7.631
2017061021 8.58
2017061022 9.335
2017061023 9.44
