2017060100 171.415
2017060101 164.197
2017060102 164.205
2017060103 171.399
2017060104 164.46
2017060105 165.608
2017060106 166.15
2017060107 155.517
2017060108 157.524
2017060109 159.697
2017060110 144.476
2017060111 137.863
2017060112 133.082
2017060113 144.176
2017060114 157.259
2017060115 170.538
2017060116 186.144
2017060117 203.152
2017060118 219.355
2017060119 248.036
2017060120 273.949
2017060121 289.922
2017060122 291.75
2017060123 282.822
2017060200 202.613
2017060201 196.248
2017060202 186.856
2017060203 176.127
2017060204 164.526
2017060205 164.135
2017060206 175.444
2017060207 159.292
2017060208 166.763
2017060209 170.001
2017060210 151.903
2017060211 153.248
2017060212 153.708
2017060213 164.266
2017060214 172.543
2017060215 179.223
2017060216 196.11
2017060217 216.992
2017060218 229.239
2017060219 236.776
2017060220 240.205
2017060221 241.741
2017060222 239.812
2017060223 231.363
2017060300 241.193
2017060301 231.419
2017060302 220.474
2017060303 209.415
2017060304 201.193
2017060305 197.786
2017060306 203.283
2017060307 181.606
2017060308 175.833
2017060309 168.013
2017060310 139.481
2017060311 131.133
2017060312 129.79
2017060313 139.687
2017060314 140.072
2017060315 139.055
2017060316 144.348
2017060317 147.108
2017060318 146.257
2017060319 151.01
2017060320 150.836
2017060321 149.322
2017060322 150.66
2017060323 152.635
2017060400 156.584
2017060401 145.602
2017060402 141.853
2017060403 138.827
2017060404 132.678
2017060405 131.093
2017060406 135.523
2017060407 142.66
2017060408 149.182
2017060409 152.672
2017060410 141.945
2017060411 142.755
2017060412 143.337
2017060413 146.338
2017060414 149.012
2017060415 152.928
2017060416 163.187
2017060417 166.745
2017060418 168.196
2017060419 175.694
2017060420 176.165
2017060421 174.904
2017060422 175.83
2017060423 176.697
2017060500 175.624
2017060501 161.738
2017060502 156.864
2017060503 155.765
2017060504 155.833
2017060505 161.393
2017060506 173.333
2017060507 177.168
2017060508 186.151
2017060509 194.981
2017060510 204.96
2017060511 214.501
2017060512 222.845
2017060513 234.137
2017060514 245.581
2017060515 257.643
2017060516 274.948
2017060517 288.431
2017060518 295.466
2017060519 306.215
2017060520 316.634
2017060521 327.155
2017060522 336.808
2017060523 342.964
2017060600 217.045
2017060601 210.648
2017060602 206.657
2017060603 203.8
2017060604 205.134
2017060605 204.717
2017060606 203.649
2017060607 153.054
2017060608 145.521
2017060609 135.326
2017060610 128.402
2017060611 123.073
2017060612 121.095
2017060613 119.65
2017060614 120.113
2017060615 122.237
2017060616 125.976
2017060617 124.925
2017060618 120.284
2017060619 121.244
2017060620 121.614
2017060621 122.792
2017060622 122.706
2017060623 119.826
2017060700 118.554
2017060701 117.107
2017060702 113.768
2017060703 110.231
2017060704 105.173
2017060705 106.182
2017060706 112.789
2017060707 113.366
2017060708 113.729
2017060709 113.568
2017060710 112.552
2017060711 111.199
2017060712 111.071
2017060713 110.818
2017060714 110.862
2017060715 111.462
2017060716 124.171
2017060717 128.947
2017060718 128.174
2017060719 135.858
2017060720 140.71
2017060721 144.514
2017060722 151.74
2017060723 156.802
