2017060100 18.615
2017060101 14.955
2017060102 13.605
2017060103 13.154
2017060104 10.326
2017060105 9.293
2017060106 8.937
2017060107 6.866
2017060108 6.339
2017060109 5.925
2017060110 3.674
2017060111 3.119
2017060112 2.915
2017060113 3.393
2017060114 3.652
2017060115 4.037
2017060116 11.18
2017060117 16.763
2017060118 21.784
2017060119 26.321
2017060120 27.544
2017060121 27.769
2017060122 27.703
2017060123 28.647
2017060200 35.386
2017060201 32.368
2017060202 29.974
2017060203 27.803
2017060204 22.367
2017060205 17.088
2017060206 15.874
2017060207 12.222
2017060208 11.633
2017060209 10.575
2017060210 5.657
2017060211 4.43
2017060212 3.838
2017060213 3.779
2017060214 4.063
2017060215 4.751
2017060216 13.379
2017060217 21.701
2017060218 30.392
2017060219 38.725
2017060220 42.359
2017060221 44.647
2017060222 44.517
2017060223 42.929
2017060300 57.956
2017060301 62.027
2017060302 57.775
2017060303 45.395
2017060304 31.899
2017060305 24.995
2017060306 21.807
2017060307 22.889
2017060308 19.96
2017060309 15.959
2017060310 5.377
2017060311 3.926
2017060312 3.509
2017060313 4.125
2017060314 4.449
2017060315 4.745
2017060316 10.282
2017060317 15.293
2017060318 20.039
2017060319 24.303
2017060320 25.296
2017060321 25.498
2017060322 22.916
2017060323 20.003
2017060400 28.87
2017060401 26.985
2017060402 23.603
2017060403 19.74
2017060404 10.847
2017060405 7.799
2017060406 6.982
2017060407 3.62
2017060408 2.745
2017060409 2.321
2017060410 1.951
2017060411 1.877
2017060412 1.865
2017060413 4.482
2017060414 5.997
2017060415 8.249
2017060416 6.939
2017060417 7.21
2017060418 8.504
2017060419 11.042
2017060420 11.689
2017060421 11.479
2017060422 13.469
2017060423 13.999
2017060500 11.031
2017060501 11.59
2017060502 11.825
2017060503 12.073
2017060504 13.24
2017060505 14.38
2017060506 16.364
2017060507 9.857
2017060508 9.441
2017060509 9.044
2017060510 8.39
2017060511 7.848
2017060512 7.097
2017060513 6.295
2017060514 6.752
2017060515 8.475
2017060516 17.298
2017060517 21.43
2017060518 20.947
2017060519 21.481
2017060520 22.637
2017060521 22.963
2017060522 25.023
2017060523 23.613
2017060600 40.671
2017060601 43.699
2017060602 45.46
2017060603 44.902
2017060604 33.082
2017060605 23.743
2017060606 20.028
2017060607 10.027
2017060608 4.068
2017060609 2.732
2017060610 2.771
2017060611 2.697
2017060612 2.561
2017060613 2.9
2017060614 3.103
2017060615 3.541
2017060616 6.121
2017060617 7.151
2017060618 7.554
2017060619 8.377
2017060620 8.409
2017060621 8.299
2017060622 7.69
2017060623 8.615
2017060700 7.809
2017060701 9.241
2017060702 9.685
2017060703 10.068
2017060704 7.312
2017060705 6.362
2017060706 5.631
2017060707 3.922
2017060708 2.981
2017060709 2.637
2017060710 1.995
2017060711 1.916
2017060712 1.982
2017060713 2.305
2017060714 2.483
2017060715 2.725
2017060716 8.951
2017060717 13.082
2017060718 18.035
2017060719 22.122
2017060720 20.231
2017060721 15.788
2017060722 13.591
2017060723 14.426
2017060800 9.659
2017060801 11.684
2017060802 13.05
2017060803 14.55
2017060804 11.643
2017060805 10.296
2017060806 10.328
2017060807 5.309
2017060808 4.343
2017060809 3.493
2017060810 2.671
2017060811 2.253
2017060812 2.047
2017060813 2.149
2017060814 2.297
2017060815 2.539
2017060816 9.379
2017060817 13.886
2017060818 17.066
2017060819 22.862
2017060820 27.321
2017060821 31.691
2017060822 33.852
2017060823 33.808
2017060900 33.105
2017060901 27.685
2017060902 26.025
2017060903 24.291
2017060904 20.152
2017060905 16.383
2017060906 15.388
2017060907 8.229
2017060908 7.419
2017060909 6.458
2017060910 4.959
2017060911 3.994
2017060912 3.389
2017060913 3.422
2017060914 3.489
2017060915 3.658
2017060916 11.329
2017060917 17.659
2017060918 22.96
2017060919 22.572
2017060920 19.452
2017060921 17.041
2017060922 15.476
2017060923 14.826
2017061000 11.89
2017061001 12.779
2017061002 13.912
2017061003 15.547
2017061004 13.777
2017061005 11.359
2017061006 10.42
2017061007 7.884
2017061008 7.037
2017061009 5.739
2017061010 2.571
2017061011 2.042
2017061012 1.974
2017061013 2.782
2017061014 3.319
2017061015 3.908
2017061016 7.755
2017061017 10.158
2017061018 11.719
2017061019 12.712
2017061020 13.558
2017061021 12.939
2017061022 11.129
2017061023 10.225
