2017060100 131.376
2017060101 129.938
2017060102 128.415
2017060103 127.147
2017060104 126.928
2017060105 127.978
2017060106 129.907
2017060107 130.22
2017060108 131.079
2017060109 132.754
2017060110 134.853
2017060111 136.102
2017060112 136.011
2017060113 136.645
2017060114 136.053
2017060115 134.553
2017060116 134.239
2017060117 132.973
2017060118 131.51
2017060119 131.943
2017060120 132.093
2017060121 132.068
2017060122 132.106
2017060123 132.201
2017060200 137.257
2017060201 136.258
2017060202 135.372
2017060203 134.671
2017060204 134.589
2017060205 135.97
2017060206 138.676
2017060207 134.002
2017060208 129.806
2017060209 127.309
2017060210 127.267
2017060211 126.995
2017060212 125.458
2017060213 122.493
2017060214 119.711
2017060215 117.082
2017060216 117.087
2017060217 116.785
2017060218 116.95
2017060219 118.434
2017060220 119.406
2017060221 119.864
2017060222 120.218
2017060223 120.201
2017060300 122.244
2017060301 122.648
2017060302 123.076
2017060303 123.105
2017060304 124.447
2017060305 127.036
2017060306 129.954
2017060307 129.814
2017060308 130.264
2017060309 130.178
2017060310 130.09
2017060311 129.528
2017060312 128.47
2017060313 124.393
2017060314 122.285
2017060315 120.638
2017060316 121.536
2017060317 122.288
2017060318 122.556
2017060319 122.864
2017060320 122.856
2017060321 122.494
2017060322 122.333
2017060323 122.393
2017060400 120.505
2017060401 120.683
2017060402 121.123
2017060403 121.536
2017060404 122.82
2017060405 124.198
2017060406 125.892
2017060407 123.512
2017060408 119.474
2017060409 114.992
2017060410 110.68
2017060411 107.422
2017060412 105.074
2017060413 105.856
2017060414 106.77
2017060415 107.29
2017060416 107.801
2017060417 107.662
2017060418 107.64
2017060419 108.206
2017060420 108.639
2017060421 108.307
2017060422 108.658
2017060423 108.028
2017060500 110.966
2017060501 109.847
2017060502 107.551
2017060503 104.2
2017060504 101.812
2017060505 101.001
2017060506 103.062
2017060507 110.361
2017060508 113.641
2017060509 116.529
2017060510 113.872
2017060511 110.037
2017060512 105.236
2017060513 105.302
2017060514 104.694
2017060515 104.29
2017060516 105.312
2017060517 105.947
2017060518 106.42
2017060519 107.203
2017060520 108.049
2017060521 108.767
2017060522 109.194
2017060523 109.413
2017060600 108.275
2017060601 108.001
2017060602 107.49
2017060603 106.899
2017060604 105.113
2017060605 104.012
2017060606 103.561
2017060607 99.547
2017060608 96.814
2017060609 95.198
2017060610 94.791
2017060611 93.833
2017060612 92.38
2017060613 91.141
2017060614 90.428
2017060615 90.53
2017060616 91.747
2017060617 92.714
2017060618 93.404
2017060619 94.416
2017060620 95.497
2017060621 96.61
2017060622 97.904
2017060623 98.966
2017060700 105.35
2017060701 106.292
2017060702 107.041
2017060703 107.701
2017060704 108.334
2017060705 109.221
2017060706 110.729
2017060707 107.205
2017060708 107.364
2017060709 108.386
2017060710 111.251
2017060711 114.167
2017060712 115.495
2017060713 116.278
2017060714 116.606
2017060715 116.315
2017060716 116.389
2017060717 117.052
2017060718 118.369
2017060719 118.878
2017060720 118.465
2017060721 118.022
2017060722 117.715
2017060723 117.149
