2017060100 13.045
2017060101 13.822
2017060102 14.202
2017060103 14.214
2017060104 13.115
2017060105 10.71
2017060106 9.374
2017060107 4.014
2017060108 3.1
2017060109 2.36
2017060110 1.679
2017060111 1.353
2017060112 1.206
2017060113 1.134
2017060114 1.228
2017060115 1.426
2017060116 4.838
2017060117 7.966
2017060118 10.931
2017060119 12.002
2017060120 12.708
2017060121 12.577
2017060122 13.81
2017060123 14.89
2017060200 14.424
2017060201 14.713
2017060202 14.305
2017060203 13.57
2017060204 11.692
2017060205 8.931
2017060206 7.968
2017060207 8.288
2017060208 8.254
2017060209 7.485
2017060210 2.019
2017060211 1.662
2017060212 1.521
2017060213 1.489
2017060214 1.546
2017060215 1.681
2017060216 5.033
2017060217 5.869
2017060218 6.257
2017060219 5.563
2017060220 7.016
2017060221 10.116
2017060222 12.815
2017060223 15.064
2017060300 18.339
2017060301 19.196
2017060302 19.128
2017060303 18.445
2017060304 15.48
2017060305 11.493
2017060306 10.539
2017060307 10.187
2017060308 8.751
2017060309 6.904
2017060310 1.712
2017060311 1.357
2017060312 1.258
2017060313 1.712
2017060314 1.945
2017060315 2.175
2017060316 3.696
2017060317 4.829
2017060318 6.108
2017060319 7.605
2017060320 8.247
2017060321 7.746
2017060322 8.184
2017060323 8.753
2017060400 13.08
2017060401 10.497
2017060402 8.185
2017060403 6.485
2017060404 5.443
2017060405 4.465
2017060406 4.204
2017060407 3.121
2017060408 2.891
2017060409 2.102
2017060410 2.053
2017060411 2.151
2017060412 2.172
2017060413 1.719
2017060414 1.705
2017060415 1.871
2017060416 4.471
2017060417 7.511
2017060418 10.993
2017060419 14.265
2017060420 15.991
2017060421 17.236
2017060422 18.642
2017060423 19.218
2017060500 11.834
2017060501 12.847
2017060502 13.547
2017060503 13.684
2017060504 12.9
2017060505 11.653
2017060506 10.709
2017060507 5.289
2017060508 4.04
2017060509 2.88
2017060510 1.903
2017060511 1.622
2017060512 1.496
2017060513 2.843
2017060514 4.317
2017060515 5.721
2017060516 7.553
2017060517 10.136
2017060518 13.382
2017060519 15.591
2017060520 15.374
2017060521 13.587
2017060522 12.718
2017060523 12.297
2017060600 12.36
2017060601 10.69
2017060602 9.108
2017060603 7.896
2017060604 6.898
2017060605 6.682
2017060606 6.664
2017060607 6.254
2017060608 5.381
2017060609 4.165
2017060610 2.502
2017060611 1.826
2017060612 1.52
2017060613 1.62
2017060614 1.774
2017060615 2.199
2017060616 3.18
2017060617 3.652
2017060618 4.115
2017060619 3.993
2017060620 4.408
2017060621 4.834
2017060622 4.579
2017060623 4.513
2017060700 4.622
2017060701 4.476
2017060702 4.312
2017060703 4.082
2017060704 3.114
2017060705 2.609
2017060706 2.392
2017060707 1.817
2017060708 1.479
2017060709 1.146
2017060710 1.228
2017060711 1.141
2017060712 1.159
2017060713 0.988
2017060714 1.081
2017060715 1.207
2017060716 1.797
2017060717 2.084
2017060718 2.492
2017060719 4.147
2017060720 4.767
2017060721 5.207
2017060722 5.672
2017060723 5.771
2017060800 6.471
2017060801 6.84
2017060802 6.824
2017060803 6.698
2017060804 5.674
2017060805 5
2017060806 4.721
2017060807 2.883
2017060808 2.055
2017060809 1.453
2017060810 1.042
2017060811 0.966
2017060812 0.974
2017060813 1.063
2017060814 1.141
2017060815 1.278
2017060816 3.958
2017060817 6.322
2017060818 8.529
2017060819 11.568
2017060820 12.825
2017060821 13.028
2017060822 12.974
2017060823 12.373
2017060900 13.599
2017060901 15.167
2017060902 16.016
2017060903 16.055
2017060904 13.219
2017060905 9.623
2017060906 7.918
2017060907 6.125
2017060908 5.25
2017060909 4.333
2017060910 2.634
2017060911 2.056
2017060912 1.808
2017060913 1.673
2017060914 1.727
2017060915 1.897
2017060916 4.081
2017060917 5.832
2017060918 7.222
2017060919 7.921
2017060920 7.486
2017060921 7.288
2017060922 7
2017060923 6.747
2017061000 5.939
2017061001 6.497
2017061002 6.525
2017061003 6.205
2017061004 5.57
2017061005 5.346
2017061006 5.335
2017061007 2.948
2017061008 2.44
2017061009 1.861
2017061010 1.334
2017061011 1.073
2017061012 1.047
2017061013 0.994
2017061014 1.051
2017061015 1.167
2017061016 2.417
2017061017 3.149
2017061018 3.617
2017061019 6.299
2017061020 7.787
2017061021 8.991
2017061022 10.693
2017061023 12.078
