2017060100 130.993
2017060101 129.028
2017060102 128.115
2017060103 129.572
2017060104 130.533
2017060105 133.238
2017060106 136.006
2017060107 131.617
2017060108 133.825
2017060109 135.816
2017060110 133.903
2017060111 133.101
2017060112 131.456
2017060113 129.131
2017060114 126.632
2017060115 128.541
2017060116 138.09
2017060117 146.139
2017060118 152.083
2017060119 157.835
2017060120 160.868
2017060121 161.489
2017060122 159.941
2017060123 156.948
2017060200 149.059
2017060201 147.471
2017060202 147.185
2017060203 144.139
2017060204 141.058
2017060205 141.465
2017060206 146.125
2017060207 148.509
2017060208 150.545
2017060209 150.455
2017060210 153.356
2017060211 151.144
2017060212 147.385
2017060213 140.697
2017060214 139.29
2017060215 137.242
2017060216 143.98
2017060217 148.514
2017060218 150.653
2017060219 152.235
2017060220 151.2
2017060221 148.286
2017060222 144.936
2017060223 141.556
2017060300 138.222
2017060301 132.792
2017060302 130.574
2017060303 128.959
2017060304 124.805
2017060305 124.153
2017060306 127.57
2017060307 122.512
2017060308 120.376
2017060309 118.911
2017060310 118.04
2017060311 118.209
2017060312 116.239
2017060313 111.92
2017060314 108.298
2017060315 106.133
2017060316 108.268
2017060317 109.873
2017060318 111.239
2017060319 116.102
2017060320 119.389
2017060321 119.811
2017060322 118.891
2017060323 118.315
2017060400 112.586
2017060401 111.856
2017060402 109.549
2017060403 106.954
2017060404 104.539
2017060405 103.987
2017060406 100.428
2017060407 99.713
2017060408 102.68
2017060409 105.226
2017060410 101.761
2017060411 99.369
2017060412 98.723
2017060413 101.169
2017060414 105.058
2017060415 111.126
2017060416 117.827
2017060417 119.483
2017060418 121.716
2017060419 126.608
2017060420 129.54
2017060421 130.227
2017060422 129.604
2017060423 128.07
2017060500 124.875
2017060501 126.205
2017060502 128.458
2017060503 131.8
2017060504 135.068
2017060505 138.85
2017060506 143.157
2017060507 140.924
2017060508 143.793
2017060509 148.207
2017060510 153.646
2017060511 159.257
2017060512 164.176
2017060513 162.677
2017060514 165.411
2017060515 169.386
2017060516 176.775
2017060517 182.83
2017060518 186.668
2017060519 189.536
2017060520 187.259
2017060521 180.449
2017060522 166.364
2017060523 154.589
2017060600 163.147
2017060601 154.615
2017060602 147.007
2017060603 142.381
2017060604 136.278
2017060605 135.493
2017060606 132.017
2017060607 125.644
2017060608 124.053
2017060609 121.368
2017060610 117.98
2017060611 112.8
2017060612 110.119
2017060613 106.598
2017060614 106.681
2017060615 104.561
2017060616 105.402
2017060617 105.544
2017060618 105.715
2017060619 107.578
2017060620 107.338
2017060621 106.35
2017060622 104.486
2017060623 103.569
2017060700 99.421
2017060701 99.321
2017060702 99.286
2017060703 100.03
2017060704 100.063
2017060705 101.066
2017060706 102.842
2017060707 101.779
2017060708 102.09
2017060709 102.213
2017060710 102.597
2017060711 102.672
2017060712 102.048
2017060713 100.542
2017060714 100.198
2017060715 100.435
2017060716 104.94
2017060717 107.387
2017060718 106.894
2017060719 110.645
2017060720 113.212
2017060721 115.565
2017060722 117.254
2017060723 118.123
