2017060100 4.925
2017060101 5.419
2017060102 6.649
2017060103 8.343
2017060104 9.064
2017060105 8.52
2017060106 8.311
2017060107 6.256
2017060108 5.315
2017060109 4.125
2017060110 2.508
2017060111 2.126
2017060112 1.938
2017060113 2.298
2017060114 2.485
2017060115 2.837
2017060116 4.812
2017060117 6.401
2017060118 8.171
2017060119 9.649
2017060120 15.523
2017060121 18.761
2017060122 19.481
2017060123 21.316
2017060200 17.902
2017060201 17.829
2017060202 16.292
2017060203 14.349
2017060204 9.28
2017060205 7.633
2017060206 6.293
2017060207 3.24
2017060208 2.776
2017060209 2.022
2017060210 1.23
2017060211 1.155
2017060212 1.151
2017060213 1.561
2017060214 1.895
2017060215 2.582
2017060216 5.161
2017060217 8.153
2017060218 10.968
2017060219 12.496
2017060220 14.992
2017060221 16.73
2017060222 17.902
2017060223 18.443
2017060300 18.579
2017060301 20.212
2017060302 20.718
2017060303 19.171
2017060304 17.469
2017060305 14.21
2017060306 13.385
2017060307 7.896
2017060308 5.51
2017060309 2.979
2017060310 1.441
2017060311 1.17
2017060312 1.08
2017060313 1.199
2017060314 1.285
2017060315 1.452
2017060316 2.624
2017060317 3.684
2017060318 4.841
2017060319 5.789
2017060320 5.78
2017060321 5.787
2017060322 6.206
2017060323 6.472
2017060400 4.892
2017060401 4.759
2017060402 4.747
2017060403 4.939
2017060404 4.42
2017060405 3.834
2017060406 3.258
2017060407 2.195
2017060408 1.805
2017060409 1.547
2017060410 1.778
2017060411 1.752
2017060412 1.896
2017060413 1.272
2017060414 1.387
2017060415 1.694
2017060416 2.504
2017060417 3.54
2017060418 4.6
2017060419 6.162
2017060420 6.893
2017060421 7.403
2017060422 8.017
2017060423 8.944
2017060500 7.961
2017060501 8.017
2017060502 7.955
2017060503 7.747
2017060504 7.379
2017060505 7.723
2017060506 8.099
2017060507 6.052
2017060508 4.868
2017060509 3.303
2017060510 2.289
2017060511 1.698
2017060512 1.427
2017060513 0.989
2017060514 1.012
2017060515 1.156
2017060516 2.627
2017060517 3.416
2017060518 3.972
2017060519 5.153
2017060520 5.643
2017060521 6.171
2017060522 6.053
2017060523 6.408
2017060600 8.247
2017060601 7.982
2017060602 7.43
2017060603 7.101
2017060604 6.222
2017060605 5.293
2017060606 4.514
2017060607 2.755
2017060608 2.147
2017060609 1.674
2017060610 1.585
2017060611 1.5
2017060612 1.489
2017060613 1.344
2017060614 1.333
2017060615 1.398
2017060616 1.935
2017060617 2.391
2017060618 2.958
2017060619 3.95
2017060620 4.336
2017060621 4.179
2017060622 3.64
2017060623 3.163
2017060700 4.128
2017060701 4.548
2017060702 4.656
2017060703 4.803
2017060704 3.549
2017060705 2.988
2017060706 2.919
2017060707 2.609
2017060708 2.202
2017060709 1.766
2017060710 1.16
2017060711 1.005
2017060712 0.971
2017060713 1.065
2017060714 1.223
2017060715 1.522
2017060716 3.616
2017060717 4.404
2017060718 4.077
2017060719 5.802
2017060720 5.354
2017060721 5.026
2017060722 5.26
2017060723 5.686
2017060800 6.687
2017060801 7.264
2017060802 7.224
2017060803 6.817
2017060804 5.319
2017060805 4.719
2017060806 4.469
2017060807 2.3
2017060808 2.57
2017060809 2.679
2017060810 2.261
2017060811 1.814
2017060812 1.532
2017060813 1.56
2017060814 1.625
2017060815 1.817
2017060816 4.108
2017060817 5.871
2017060818 6.801
2017060819 7.338
2017060820 7.324
2017060821 7.54
2017060822 8.24
2017060823 8.974
2017060900 6.781
2017060901 7.24
2017060902 7.674
2017060903 7.756
2017060904 6.335
2017060905 5.152
2017060906 4.631
2017060907 2.628
2017060908 2.071
2017060909 1.578
2017060910 1.226
2017060911 1.147
2017060912 1.115
2017060913 1.127
2017060914 1.169
2017060915 1.28
2017060916 2.778
2017060917 3.594
2017060918 4.165
2017060919 5.217
2017060920 6.263
2017060921 7.697
2017060922 8.44
2017060923 8.766
2017061000 8.048
2017061001 8.173
2017061002 8.336
2017061003 8.152
2017061004 6.211
2017061005 5.546
2017061006 5.256
2017061007 3.706
2017061008 3.175
2017061009 2.632
2017061010 1.797
2017061011 1.545
2017061012 1.449
2017061013 1.393
2017061014 1.376
2017061015 1.499
2017061016 3.025
2017061017 5.683
2017061018 8.039
2017061019 9.167
2017061020 8.287
2017061021 7.248
2017061022 7.843
2017061023 8.431
