2017060100 109.71
2017060101 109.499
2017060102 110.016
2017060103 110.696
2017060104 108.801
2017060105 107.749
2017060106 107.879
2017060107 105.848
2017060108 106.186
2017060109 106.37
2017060110 105.648
2017060111 105.975
2017060112 106.324
2017060113 106.835
2017060114 107.469
2017060115 108.361
2017060116 114.12
2017060117 117.694
2017060118 119.122
2017060119 121.09
2017060120 122.887
2017060121 125.807
2017060122 128.238
2017060123 129.027
2017060200 123.019
2017060201 122.777
2017060202 122.293
2017060203 121.005
2017060204 119.424
2017060205 118.81
2017060206 120.386
2017060207 115.235
2017060208 116.219
2017060209 116.819
2017060210 108.516
2017060211 108.925
2017060212 109.56
2017060213 109.96
2017060214 110.088
2017060215 110.571
2017060216 116.712
2017060217 121.286
2017060218 120.861
2017060219 118.862
2017060220 118.728
2017060221 122.46
2017060222 126.957
2017060223 129.618
2017060300 131.556
2017060301 130.141
2017060302 130.679
2017060303 134.177
2017060304 136.799
2017060305 139.258
2017060306 142.275
2017060307 133.387
2017060308 132.091
2017060309 130.896
2017060310 115.926
2017060311 115.111
2017060312 115.012
2017060313 114.746
2017060314 115.077
2017060315 115.562
2017060316 120.406
2017060317 123.924
2017060318 124.977
2017060319 124.219
2017060320 120.669
2017060321 119.479
2017060322 122.012
2017060323 124.116
2017060400 139.01
2017060401 141.687
2017060402 139.887
2017060403 133.744
2017060404 124.604
2017060405 120.282
2017060406 118.701
2017060407 118.183
2017060408 121.527
2017060409 128.079
2017060410 134.15
2017060411 124.556
2017060412 113.907
2017060413 126.226
2017060414 149.596
2017060415 167.798
2017060416 176.419
2017060417 169.8
2017060418 150.789
2017060419 141.087
2017060420 134.042
2017060421 129.996
2017060422 128.631
2017060423 128.282
2017060500 119.605
2017060501 119.222
2017060502 119.363
2017060503 120.837
2017060504 121.036
2017060505 123.047
2017060506 125.725
2017060507 117.192
2017060508 119.141
2017060509 119.902
2017060510 115.888
2017060511 113.879
2017060512 111.871
2017060513 111.246
2017060514 111.073
2017060515 112.235
2017060516 117.275
2017060517 119.318
2017060518 119.726
2017060519 119.897
2017060520 121.147
2017060521 126.729
2017060522 127.698
2017060523 127.625
2017060600 140.753
2017060601 142.551
2017060602 139.193
2017060603 131.383
2017060604 127.363
2017060605 123.003
2017060606 122.803
2017060607 130.437
2017060608 132.357
2017060609 131.965
2017060610 128.816
2017060611 127.934
2017060612 127.79
2017060613 125.022
2017060614 117.767
2017060615 111.126
2017060616 108.677
2017060617 105.846
2017060618 105.911
2017060619 110.277
2017060620 118.957
2017060621 123.947
2017060622 121.724
2017060623 117.679
2017060700 120.807
2017060701 120.413
2017060702 115.528
2017060703 109.574
2017060704 105.522
2017060705 104.589
2017060706 104.555
2017060707 103.7
2017060708 102.708
2017060709 102.341
2017060710 101.788
2017060711 101.369
2017060712 100.541
2017060713 101.55
2017060714 101.827
2017060715 102.759
2017060716 105.082
2017060717 105.722
2017060718 106.72
2017060719 108.177
2017060720 109.35
2017060721 107.712
2017060722 105.756
2017060723 105.029
