2017060100 210.856
2017060101 187.854
2017060102 178.128
2017060103 175.54
2017060104 161.301
2017060105 164.72
2017060106 171.833
2017060107 160.937
2017060108 165.808
2017060109 173.59
2017060110 158.778
2017060111 157.369
2017060112 157.07
2017060113 160.173
2017060114 159.006
2017060115 156.244
2017060116 201.637
2017060117 220.456
2017060118 219.048
2017060119 223.488
2017060120 227.352
2017060121 229.866
2017060122 230.93
2017060123 237.913
2017060200 320.408
2017060201 295.618
2017060202 282.863
2017060203 282.592
2017060204 294.715
2017060205 322.046
2017060206 366.212
2017060207 243.749
2017060208 238.633
2017060209 230.657
2017060210 182.683
2017060211 173.635
2017060212 169.553
2017060213 169.051
2017060214 167.045
2017060215 165.035
2017060216 210.199
2017060217 235.717
2017060218 263.651
2017060219 296.148
2017060220 315.128
2017060221 326.988
2017060222 332.225
2017060223 328.875
2017060300 417.565
2017060301 415.639
2017060302 395.145
2017060303 345.86
2017060304 313.954
2017060305 326.81
2017060306 359.174
2017060307 285.093
2017060308 271.675
2017060309 255.052
2017060310 193.716
2017060311 191.493
2017060312 190.608
2017060313 195.894
2017060314 192.23
2017060315 186.05
2017060316 215.215
2017060317 228.737
2017060318 232.315
2017060319 236.115
2017060320 231.462
2017060321 228.147
2017060322 208.621
2017060323 186.318
2017060400 226.78
2017060401 222.57
2017060402 217.268
2017060403 213.322
2017060404 173.978
2017060405 162.966
2017060406 163.438
2017060407 142.328
2017060408 139.743
2017060409 139.337
2017060410 135.45
2017060411 133.278
2017060412 132.866
2017060413 154.658
2017060414 166.194
2017060415 186.57
2017060416 167.818
2017060417 151.845
2017060418 157.77
2017060419 172.4
2017060420 177.482
2017060421 178.337
2017060422 190.09
2017060423 194.075
2017060500 167.775
2017060501 173.572
2017060502 176.491
2017060503 178.422
2017060504 187.563
2017060505 198.194
2017060506 208.861
2017060507 165.264
2017060508 167.068
2017060509 171.439
2017060510 177.041
2017060511 183.744
2017060512 193.624
2017060513 204.392
2017060514 211.438
2017060515 215.025
2017060516 267.786
2017060517 261.424
2017060518 217.319
2017060519 202.009
2017060520 209.558
2017060521 210.511
2017060522 212.262
2017060523 195.847
2017060600 244.932
2017060601 257.644
2017060602 268.416
2017060603 282.173
2017060604 293.16
2017060605 321.24
2017060606 360.681
2017060607 192.707
2017060608 148.825
2017060609 139.381
2017060610 140.561
2017060611 138.888
2017060612 133.574
2017060613 134.67
2017060614 131.013
2017060615 130.499
2017060616 141.245
2017060617 139.331
2017060618 135.269
2017060619 134.746
2017060620 131.91
2017060621 128.462
2017060622 125.141
2017060623 127.039
2017060700 143.974
2017060701 150.821
2017060702 152.973
2017060703 155.762
2017060704 144.613
2017060705 145.743
2017060706 146.175
2017060707 137.303
2017060708 134.057
2017060709 133.25
2017060710 128.394
2017060711 127.41
2017060712 128.578
2017060713 131.925
2017060714 132.738
2017060715 132.766
2017060716 180.193
2017060717 202.547
2017060718 208.504
2017060719 206.896
2017060720 193.153
2017060721 166.82
2017060722 157.114
2017060723 162.143
