2017060100 10.18
2017060101 10.203
2017060102 10.913
2017060103 11.981
2017060104 9.91
2017060105 9.22
2017060106 10.069
2017060107 7.242
2017060108 7.055
2017060109 6.043
2017060110 4.602
2017060111 3.685
2017060112 3.353
2017060113 3.195
2017060114 3.473
2017060115 4.167
2017060116 16.961
2017060117 26.935
2017060118 32.706
2017060119 30.254
2017060120 30.239
2017060121 28.164
2017060122 27.359
2017060123 25.354
2017060200 33.642
2017060201 37.721
2017060202 39.897
2017060203 40.476
2017060204 34.033
2017060205 25.598
2017060206 23.695
2017060207 11.433
2017060208 8.415
2017060209 5.693
2017060210 3.263
2017060211 2.893
2017060212 2.922
2017060213 6.859
2017060214 9.746
2017060215 12.246
2017060216 21.708
2017060217 30.184
2017060218 39.044
2017060219 49.551
2017060220 50.746
2017060221 46.165
2017060222 40.493
2017060223 35.535
2017060300 30.81
2017060301 28.826
2017060302 24.915
2017060303 20.463
2017060304 14.747
2017060305 12.938
2017060306 15.346
2017060307 15.041
2017060308 15.572
2017060309 14.065
2017060310 5.06
2017060311 3.233
2017060312 2.725
2017060313 2.725
2017060314 2.832
2017060315 3.219
2017060316 10.7
2017060317 14.811
2017060318 16.884
2017060319 22.273
2017060320 22.48
2017060321 21.581
2017060322 22.771
2017060323 22.038
2017060400 12.389
2017060401 11.262
2017060402 10.055
2017060403 9.237
2017060404 8.138
2017060405 8.8
2017060406 10.837
2017060407 6.551
2017060408 5.418
2017060409 4.593
2017060410 6.012
2017060411 4.87
2017060412 4.182
2017060413 3.152
2017060414 3.511
2017060415 4.214
2017060416 6.422
2017060417 7.568
2017060418 8.246
2017060419 9.639
2017060420 9.548
2017060421 9.841
2017060422 10.333
2017060423 10.511
2017060500 11.897
2017060501 12.167
2017060502 11.66
2017060503 11.017
2017060504 8.724
2017060505 8.905
2017060506 10.236
2017060507 8.967
2017060508 8.46
2017060509 7.133
2017060510 3.885
2017060511 3.247
2017060512 3.003
2017060513 3.481
2017060514 3.827
2017060515 4.5
2017060516 11.165
2017060517 13.218
2017060518 12.459
2017060519 14.669
2017060520 15.138
2017060521 16.319
2017060522 15.537
2017060523 14.225
2017060600 21.923
2017060601 19.394
2017060602 16.102
2017060603 13.128
2017060604 9.217
2017060605 8.763
2017060606 9.232
2017060607 5.341
2017060608 4.496
2017060609 3.712
2017060610 3
2017060611 2.845
2017060612 2.844
2017060613 3.147
2017060614 3.363
2017060615 3.851
2017060616 7.11
2017060617 7.897
2017060618 7.859
2017060619 8.67
2017060620 8.223
2017060621 7.952
2017060622 7.374
2017060623 6.568
2017060700 7.417
2017060701 7.007
2017060702 6.694
2017060703 6.423
2017060704 5.305
2017060705 5.114
2017060706 5.637
2017060707 5.115
2017060708 4.497
2017060709 3.707
2017060710 3.055
2017060711 2.862
2017060712 2.826
2017060713 3.815
2017060714 4.093
2017060715 4.59
2017060716 10.343
2017060717 12.033
2017060718 12.1
2017060719 9.299
2017060720 8.204
2017060721 8.032
2017060722 9.881
2017060723 9.901
2017060800 11.64
2017060801 11.898
2017060802 11.586
2017060803 10.876
2017060804 8.266
2017060805 7.42
2017060806 7.768
2017060807 5.262
2017060808 4.72
2017060809 3.824
2017060810 2.718
2017060811 2.578
2017060812 2.669
2017060813 3.522
2017060814 3.929
2017060815 4.418
2017060816 17.031
2017060817 23.932
2017060818 28.411
2017060819 26.966
2017060820 25.704
2017060821 22.167
2017060822 23.223
2017060823 23.815
2017060900 18.879
2017060901 18.822
2017060902 18.737
2017060903 18.577
2017060904 12.536
2017060905 10.327
2017060906 10.409
2017060907 6.895
2017060908 5.547
2017060909 4.324
2017060910 3.174
2017060911 3.028
2017060912 3.095
2017060913 3.306
2017060914 3.57
2017060915 4.158
2017060916 10.998
2017060917 13.055
2017060918 13.251
2017060919 16.444
2017060920 17.809
2017060921 18.211
2017060922 15.482
2017060923 14.526
2017061000 13.405
2017061001 12.668
2017061002 11.4
2017061003 9.964
2017061004 7.706
2017061005 7.618
2017061006 8.243
2017061007 7.085
2017061008 6.197
2017061009 4.972
2017061010 3.083
2017061011 2.691
2017061012 2.606
2017061013 2.448
2017061014 2.552
2017061015 2.926
2017061016 8.073
2017061017 10.03
2017061018 11.192
2017061019 10.921
2017061020 9.407
2017061021 8.887
2017061022 10.057
2017061023 9.694
