2017060100 9.062
2017060101 9.1
2017060102 9.885
2017060103 11.073
2017060104 9.413
2017060105 8.787
2017060106 9.564
2017060107 7.155
2017060108 7.057
2017060109 6.116
2017060110 4.526
2017060111 3.579
2017060112 3.215
2017060113 3.113
2017060114 3.379
2017060115 4.047
2017060116 16.022
2017060117 25.255
2017060118 30.22
2017060119 27.46
2017060120 28.506
2017060121 28.682
2017060122 28.435
2017060123 26.106
2017060200 34.613
2017060201 38.648
2017060202 40.751
2017060203 41.051
2017060204 34.06
2017060205 25.296
2017060206 22.917
2017060207 10.802
2017060208 7.887
2017060209 5.334
2017060210 3.051
2017060211 2.727
2017060212 2.759
2017060213 6.78
2017060214 9.714
2017060215 12.209
2017060216 20.143
2017060217 27.55
2017060218 35.521
2017060219 44.697
2017060220 46.006
2017060221 42.289
2017060222 36.813
2017060223 31.764
2017060300 28.063
2017060301 26.115
2017060302 22.335
2017060303 18.063
2017060304 13.113
2017060305 11.685
2017060306 14.184
2017060307 14.343
2017060308 14.866
2017060309 13.486
2017060310 4.936
2017060311 3.117
2017060312 2.603
2017060313 2.613
2017060314 2.723
2017060315 3.096
2017060316 10.061
2017060317 13.566
2017060318 15.18
2017060319 19.847
2017060320 19.845
2017060321 19.23
2017060322 20.4
2017060323 19.769
2017060400 11.981
2017060401 10.939
2017060402 9.721
2017060403 8.84
2017060404 7.744
2017060405 8.255
2017060406 10.161
2017060407 6.168
2017060408 5.129
2017060409 4.334
2017060410 5.645
2017060411 4.473
2017060412 3.954
2017060413 2.943
2017060414 3.281
2017060415 3.968
2017060416 6.097
2017060417 7.234
2017060418 7.952
2017060419 9.392
2017060420 9.327
2017060421 9.588
2017060422 9.98
2017060423 10.127
2017060500 11.007
2017060501 11.145
2017060502 10.52
2017060503 9.842
2017060504 7.959
2017060505 8.316
2017060506 9.76
2017060507 9.002
2017060508 8.718
2017060509 7.49
2017060510 4.147
2017060511 3.298
2017060512 2.943
2017060513 3.316
2017060514 3.604
2017060515 4.189
2017060516 10.154
2017060517 12.038
2017060518 11.682
2017060519 14.052
2017060520 14.583
2017060521 15.723
2017060522 15.004
2017060523 13.682
2017060600 20.878
2017060601 18.523
2017060602 15.389
2017060603 12.514
2017060604 8.791
2017060605 8.263
2017060606 8.614
2017060607 4.961
2017060608 4.217
2017060609 3.494
2017060610 2.862
2017060611 2.713
2017060612 2.704
2017060613 2.989
2017060614 3.191
2017060615 3.647
2017060616 6.598
2017060617 7.376
2017060618 7.361
2017060619 8.106
2017060620 7.676
2017060621 7.417
2017060622 6.798
2017060623 6.007
2017060700 6.923
2017060701 6.519
2017060702 6.206
2017060703 5.935
2017060704 4.899
2017060705 4.763
2017060706 5.235
2017060707 4.745
2017060708 4.189
2017060709 3.473
2017060710 2.85
2017060711 2.669
2017060712 2.634
2017060713 3.501
2017060714 3.772
2017060715 4.233
2017060716 9.714
2017060717 11.356
2017060718 11.402
2017060719 8.82
2017060720 7.769
2017060721 7.507
2017060722 9.011
2017060723 8.976
2017060800 10.98
2017060801 11.179
2017060802 10.8
2017060803 10.114
2017060804 7.854
2017060805 7.162
2017060806 7.469
2017060807 5.067
2017060808 4.61
2017060809 3.786
2017060810 2.661
2017060811 2.48
2017060812 2.526
2017060813 3.342
2017060814 3.724
2017060815 4.194
2017060816 15.787
2017060817 21.897
2017060818 25.995
2017060819 24.859
2017060820 23.366
2017060821 20.044
2017060822 21.38
2017060823 22.359
2017060900 17.194
2017060901 17.514
2017060902 17.572
2017060903 17.553
2017060904 12.07
2017060905 9.947
2017060906 10.039
2017060907 6.677
2017060908 5.355
2017060909 4.176
2017060910 3.064
2017060911 2.915
2017060912 2.965
2017060913 3.137
2017060914 3.388
2017060915 3.932
2017060916 10.37
2017060917 12.33
2017060918 12.649
2017060919 15.386
2017060920 16.483
2017060921 16.975
2017060922 14.47
2017060923 13.844
2017061000 12.566
2017061001 11.757
2017061002 10.271
2017061003 9.002
2017061004 7.332
2017061005 7.395
2017061006 7.861
2017061007 6.873
2017061008 6.068
2017061009 4.924
2017061010 3.012
2017061011 2.619
2017061012 2.508
2017061013 2.34
2017061014 2.438
2017061015 2.798
2017061016 7.519
2017061017 9.334
2017061018 10.636
2017061019 10.671
2017061020 9.242
2017061021 8.769
2017061022 9.861
2017061023 9.525
