2017060100 134.831
2017060101 136.938
2017060102 140.514
2017060103 146.391
2017060104 139.753
2017060105 144.198
2017060106 153.982
2017060107 139.62
2017060108 141.772
2017060109 142.06
2017060110 138.634
2017060111 135.299
2017060112 132.772
2017060113 128.278
2017060114 128.415
2017060115 130.744
2017060116 168.877
2017060117 192.125
2017060118 196.074
2017060119 182.827
2017060120 182.986
2017060121 177.15
2017060122 173.35
2017060123 166.832
2017060200 186.704
2017060201 199.88
2017060202 211.342
2017060203 221.429
2017060204 225.001
2017060205 233.678
2017060206 246.355
2017060207 157.036
2017060208 144.748
2017060209 135.55
2017060210 129.092
2017060211 129.927
2017060212 132.69
2017060213 151.896
2017060214 167.735
2017060215 180.275
2017060216 213.846
2017060217 233.492
2017060218 244.945
2017060219 260.21
2017060220 256.999
2017060221 239.174
2017060222 219.339
2017060223 205.95
2017060300 186.898
2017060301 185.402
2017060302 183.434
2017060303 180.342
2017060304 173.742
2017060305 182.404
2017060306 204.542
2017060307 190.728
2017060308 198.507
2017060309 198.8
2017060310 148.595
2017060311 138.772
2017060312 132.066
2017060313 129.428
2017060314 129.197
2017060315 130.574
2017060316 158.988
2017060317 167.842
2017060318 165.208
2017060319 172.023
2017060320 168.905
2017060321 163.543
2017060322 163.37
2017060323 159.23
2017060400 138.566
2017060401 136.396
2017060402 135.572
2017060403 137.984
2017060404 141.647
2017060405 151.621
2017060406 166.188
2017060407 152.399
2017060408 147.137
2017060409 143.068
2017060410 152.238
2017060411 150.431
2017060412 139.028
2017060413 137.533
2017060414 145.06
2017060415 148.332
2017060416 152.074
2017060417 149.044
2017060418 146.691
2017060419 154.092
2017060420 161.161
2017060421 166.722
2017060422 169.839
2017060423 171.512
2017060500 166.179
2017060501 168.845
2017060502 169.098
2017060503 168.676
2017060504 152.774
2017060505 157.235
2017060506 166.522
2017060507 154.909
2017060508 152.641
2017060509 151.767
2017060510 134.699
2017060511 135.333
2017060512 133.414
2017060513 132.689
2017060514 129.196
2017060515 126.88
2017060516 143.012
2017060517 140.925
2017060518 132.164
2017060519 135.686
2017060520 138.088
2017060521 141.853
2017060522 140.036
2017060523 137.148
2017060600 168.005
2017060601 162.896
2017060602 156.768
2017060603 151.181
2017060604 144.851
2017060605 150.235
2017060606 157.823
2017060607 136.458
2017060608 133.094
2017060609 131.674
2017060610 125.714
2017060611 123.479
2017060612 120.775
2017060613 119.693
2017060614 119.259
2017060615 118.962
2017060616 124.136
2017060617 120.044
2017060618 116.926
2017060619 136.839
2017060620 141.628
2017060621 132.039
2017060622 125.231
2017060623 119.389
2017060700 128.203
2017060701 126.898
2017060702 125.709
2017060703 124.655
2017060704 121.569
2017060705 124.176
2017060706 130.499
2017060707 131.085
2017060708 130.162
2017060709 127.401
2017060710 125.387
2017060711 124.451
2017060712 123.021
2017060713 127.632
2017060714 128.15
2017060715 128.401
2017060716 145.894
2017060717 143.24
2017060718 136.579
2017060719 127.124
2017060720 124.211
2017060721 124.039
2017060722 127.766
2017060723 127.725
