2017060100 13.36
2017060101 14.196
2017060102 14.933
2017060103 15.095
2017060104 10.279
2017060105 9.751
2017060106 10.032
2017060107 4.659
2017060108 4.595
2017060109 3.98
2017060110 3.127
2017060111 2.816
2017060112 2.689
2017060113 2.741
2017060114 2.875
2017060115 3.24
2017060116 5.823
2017060117 7.657
2017060118 7.755
2017060119 11.443
2017060120 13.262
2017060121 14.332
2017060122 17.417
2017060123 20.016
2017060200 21.571
2017060201 21.709
2017060202 21.537
2017060203 20.694
2017060204 14.859
2017060205 9.52
2017060206 9.158
2017060207 10.59
2017060208 9.525
2017060209 7.771
2017060210 3.356
2017060211 2.654
2017060212 2.378
2017060213 2.496
2017060214 2.689
2017060215 3.105
2017060216 8.374
2017060217 11.001
2017060218 10.897
2017060219 12.402
2017060220 13.965
2017060221 16.249
2017060222 17.651
2017060223 18.192
2017060300 20.427
2017060301 20.24
2017060302 19.764
2017060303 18.441
2017060304 14.61
2017060305 12.129
2017060306 11.654
2017060307 8.254
2017060308 7.004
2017060309 5.184
2017060310 1.995
2017060311 1.658
2017060312 1.564
2017060313 1.568
2017060314 1.655
2017060315 1.892
2017060316 5.225
2017060317 6.605
2017060318 7.421
2017060319 8.841
2017060320 8.926
2017060321 9.057
2017060322 9.134
2017060323 9.118
2017060400 11.423
2017060401 10.998
2017060402 11.159
2017060403 12.033
2017060404 9.446
2017060405 9.126
2017060406 10.532
2017060407 9.977
2017060408 8.369
2017060409 6.652
2017060410 7.506
2017060411 7.189
2017060412 4.044
2017060413 2.507
2017060414 2.49
2017060415 2.955
2017060416 6.958
2017060417 10.746
2017060418 11.672
2017060419 13.905
2017060420 12.911
2017060421 13.682
2017060422 14.199
2017060423 12.642
2017060500 17.664
2017060501 20.221
2017060502 20.8
2017060503 18.697
2017060504 11.979
2017060505 10.485
2017060506 10.804
2017060507 6.944
2017060508 6.149
2017060509 4.634
2017060510 3.232
2017060511 2.559
2017060512 2.371
2017060513 2.379
2017060514 2.541
2017060515 2.933
2017060516 8.571
2017060517 10.633
2017060518 10.951
2017060519 10.979
2017060520 12.052
2017060521 12.597
2017060522 12.436
2017060523 11.594
2017060600 16.854
2017060601 16.887
2017060602 17.672
2017060603 17.67
2017060604 13.212
2017060605 10.383
2017060606 9.864
2017060607 8.973
2017060608 8.345
2017060609 7.12
2017060610 4.686
2017060611 3.357
2017060612 2.814
2017060613 4.187
2017060614 4.414
2017060615 4.964
2017060616 5.429
2017060617 6.034
2017060618 6.159
2017060619 5.838
2017060620 5.609
2017060621 6.012
2017060622 5.992
2017060623 5.38
2017060700 5.589
2017060701 5.378
2017060702 5.063
2017060703 4.83
2017060704 3.638
2017060705 3.193
2017060706 3.143
2017060707 2.43
2017060708 2.13
2017060709 1.753
2017060710 1.544
2017060711 1.428
2017060712 1.41
2017060713 1.397
2017060714 1.5
2017060715 1.801
2017060716 2.923
2017060717 3.461
2017060718 3.567
2017060719 5.485
2017060720 5.567
2017060721 5.694
2017060722 6.234
2017060723 6.278
2017060800 6.558
2017060801 6.749
2017060802 6.976
2017060803 7.165
2017060804 6.311
2017060805 5.815
2017060806 5.979
2017060807 3.7
2017060808 2.995
2017060809 2.315
2017060810 1.604
2017060811 1.396
2017060812 1.36
2017060813 1.504
2017060814 1.624
2017060815 1.887
2017060816 7.297
2017060817 9.862
2017060818 10.522
2017060819 11.867
2017060820 13.205
2017060821 13.998
2017060822 15.047
2017060823 15.897
2017060900 15.226
2017060901 14.804
2017060902 15.388
2017060903 15.938
2017060904 13.119
2017060905 10.682
2017060906 10.645
2017060907 7.353
2017060908 5.186
2017060909 3.486
2017060910 2.416
2017060911 2.183
2017060912 2.12
2017060913 1.977
2017060914 2.16
2017060915 2.627
2017060916 7.096
2017060917 8.879
2017060918 9.654
2017060919 9.432
2017060920 10.006
2017060921 10.729
2017060922 10.496
2017060923 8.921
2017061000 6.232
2017061001 7.288
2017061002 7.709
2017061003 8.392
2017061004 7.865
2017061005 7.472
2017061006 7.626
2017061007 4.057
2017061008 3.356
2017061009 2.497
2017061010 2.124
2017061011 1.828
2017061012 1.637
2017061013 1.638
2017061014 1.813
2017061015 2.245
2017061016 3.616
2017061017 4.756
2017061018 5.579
2017061019 9.947
2017061020 11.916
2017061021 12.352
2017061022 14.796
2017061023 15.504
