2017060100 134.672
2017060101 132.769
2017060102 130.837
2017060103 127.244
2017060104 123.009
2017060105 125.741
2017060106 130.381
2017060107 127.367
2017060108 129.08
2017060109 132.012
2017060110 141.501
2017060111 145.962
2017060112 150.698
2017060113 156.9
2017060114 164.695
2017060115 165.96
2017060116 171.637
2017060117 170.461
2017060118 170.312
2017060119 171.055
2017060120 170.208
2017060121 168.336
2017060122 164.894
2017060123 159.827
2017060200 156.64
2017060201 152.056
2017060202 148.73
2017060203 145.232
2017060204 142.2
2017060205 142.801
2017060206 149.406
2017060207 142.704
2017060208 143.518
2017060209 144.06
2017060210 150.583
2017060211 151.886
2017060212 154.865
2017060213 157.88
2017060214 162.201
2017060215 168.117
2017060216 181.562
2017060217 192.242
2017060218 195.587
2017060219 193.745
2017060220 185.617
2017060221 172.392
2017060222 158.198
2017060223 145.618
2017060300 164.425
2017060301 152.791
2017060302 144.951
2017060303 139.786
2017060304 136.496
2017060305 135.297
2017060306 137.657
2017060307 128.643
2017060308 129.845
2017060309 131.412
2017060310 120.933
2017060311 115.418
2017060312 111.399
2017060313 109.502
2017060314 107.389
2017060315 110.239
2017060316 119.809
2017060317 119.742
2017060318 114.76
2017060319 112.965
2017060320 113.225
2017060321 114.81
2017060322 113.452
2017060323 113.052
2017060400 130.939
2017060401 123.555
2017060402 121.243
2017060403 120.922
2017060404 122.782
2017060405 119.947
2017060406 121.591
2017060407 125.044
2017060408 129.586
2017060409 133.653
2017060410 138.013
2017060411 140.0
2017060412 129.049
2017060413 111.788
2017060414 110.967
2017060415 114.166
2017060416 124.821
2017060417 133.837
2017060418 140.795
2017060419 148.51
2017060420 154.833
2017060421 159.831
2017060422 164.141
2017060423 167.788
2017060500 160.983
2017060501 164.956
2017060502 167.989
2017060503 171.252
2017060504 176.643
2017060505 179.86
2017060506 182.874
2017060507 172.574
2017060508 177.795
2017060509 183.34
2017060510 191.522
2017060511 198.312
2017060512 203.591
2017060513 211.604
2017060514 215.127
2017060515 218.465
2017060516 227.815
2017060517 234.648
2017060518 233.231
2017060519 224.218
2017060520 212.25
2017060521 199.622
2017060522 189.875
2017060523 182.858
2017060600 143.622
2017060601 138.845
2017060602 134.753
2017060603 132.132
2017060604 131.59
2017060605 133.482
2017060606 138.123
2017060607 136.884
2017060608 134.363
2017060609 126.68
2017060610 120.153
2017060611 117.708
2017060612 118.267
2017060613 113.687
2017060614 110.299
2017060615 108.884
2017060616 110.341
2017060617 110.703
2017060618 110.394
2017060619 111.774
2017060620 110.895
2017060621 109.63
2017060622 109.514
2017060623 108.486
2017060700 108.971
2017060701 107.454
2017060702 106.206
2017060703 105.592
2017060704 102.193
2017060705 102.317
2017060706 105.096
2017060707 106.358
2017060708 106.636
2017060709 107.004
2017060710 105.036
2017060711 105.151
2017060712 105.437
2017060713 106.615
2017060714 106.735
2017060715 106.678
2017060716 109.504
2017060717 110.097
2017060718 109.95
2017060719 117.978
2017060720 123.286
2017060721 126.15
2017060722 126.899
2017060723 125.922
