2017060100 11.177
2017060101 11.053
2017060102 11.042
2017060103 10.861
2017060104 8.079
2017060105 5.845
2017060106 4.638
2017060107 2.909
2017060108 2.561
2017060109 2.026
2017060110 1.177
2017060111 1.053
2017060112 1.041
2017060113 1.135
2017060114 1.235
2017060115 1.385
2017060116 3.547
2017060117 5.452
2017060118 7.077
2017060119 9.468
2017060120 11.081
2017060121 12.425
2017060122 13.565
2017060123 14.442
2017060200 12.494
2017060201 12.866
2017060202 12.719
2017060203 11.949
2017060204 9.828
2017060205 7.885
2017060206 7.475
2017060207 4.974
2017060208 4.52
2017060209 3.757
2017060210 1.499
2017060211 1.431
2017060212 1.423
2017060213 1.464
2017060214 1.503
2017060215 1.639
2017060216 4.211
2017060217 6.42
2017060218 8.02
2017060219 8.773
2017060220 8.908
2017060221 10.033
2017060222 11.58
2017060223 12.476
2017060300 13.299
2017060301 12.976
2017060302 12.857
2017060303 13.027
2017060304 11.012
2017060305 8.094
2017060306 6.953
2017060307 5.972
2017060308 4.614
2017060309 3.025
2017060310 1.352
2017060311 1.228
2017060312 1.207
2017060313 1.286
2017060314 1.361
2017060315 1.496
2017060316 3.567
2017060317 5.365
2017060318 6.678
2017060319 6.875
2017060320 6.453
2017060321 6.782
2017060322 7.814
2017060323 8.74
2017060400 8.454
2017060401 10.153
2017060402 10.964
2017060403 10.686
2017060404 8.758
2017060405 6.763
2017060406 5.589
2017060407 4.416
2017060408 3.972
2017060409 3.569
2017060410 2.764
2017060411 1.622
2017060412 1.27
2017060413 1.455
2017060414 1.82
2017060415 2.428
2017060416 3.483
2017060417 4.43
2017060418 5.135
2017060419 7.544
2017060420 9.207
2017060421 10.551
2017060422 12.226
2017060423 13.836
2017060500 12.654
2017060501 13.185
2017060502 13.111
2017060503 12.572
2017060504 9.428
2017060505 8.122
2017060506 7.311
2017060507 4.286
2017060508 3.414
2017060509 2.339
2017060510 1.588
2017060511 1.354
2017060512 1.283
2017060513 1.408
2017060514 1.525
2017060515 1.757
2017060516 3.428
2017060517 4.693
2017060518 5.854
2017060519 6.802
2017060520 7.278
2017060521 7.869
2017060522 8.32
2017060523 8.517
2017060600 12.684
2017060601 14.096
2017060602 14.281
2017060603 12.607
2017060604 9.231
2017060605 6.241
2017060606 5.203
2017060607 5.057
2017060608 4.22
2017060609 2.999
2017060610 2.074
2017060611 1.783
2017060612 1.746
2017060613 2.25
2017060614 2.392
2017060615 2.503
2017060616 3.553
2017060617 4.628
2017060618 5.258
2017060619 4.595
2017060620 6.556
2017060621 7.441
2017060622 6.683
2017060623 6.363
2017060700 6.418
2017060701 6.301
2017060702 6.11
2017060703 5.63
2017060704 3.903
2017060705 3.013
2017060706 2.706
2017060707 2.309
2017060708 1.882
2017060709 1.483
2017060710 1.065
2017060711 0.956
2017060712 0.93
2017060713 1.454
2017060714 1.605
2017060715 1.771
2017060716 2.645
2017060717 3.403
2017060718 4.458
2017060719 5.818
2017060720 6.43
2017060721 6.682
2017060722 6.995
2017060723 7.003
2017060800 7.757
2017060801 8.139
2017060802 8.277
2017060803 8.408
2017060804 6.277
2017060805 5.214
2017060806 4.812
2017060807 2.936
2017060808 2.315
2017060809 1.885
2017060810 1.533
2017060811 1.293
2017060812 1.18
2017060813 1.241
2017060814 1.287
2017060815 1.396
2017060816 3.708
2017060817 5.615
2017060818 7.572
2017060819 8.715
2017060820 8.47
2017060821 7.608
2017060822 6.956
2017060823 6.657
2017060900 14.668
2017060901 13.174
2017060902 10.819
2017060903 8.604
2017060904 6.968
2017060905 5.891
2017060906 5.139
2017060907 2.77
2017060908 1.994
2017060909 1.621
2017060910 1.45
2017060911 1.474
2017060912 1.445
2017060913 1.604
2017060914 1.7
2017060915 1.89
2017060916 3.887
2017060917 5.129
2017060918 5.941
2017060919 6.194
2017060920 7.582
2017060921 10.434
2017060922 11.327
2017060923 13.711
2017061000 10.262
2017061001 6.277
2017061002 6.766
2017061003 8.101
2017061004 8.313
2017061005 6.913
2017061006 5.63
2017061007 3.751
2017061008 2.498
2017061009 1.852
2017061010 1.239
2017061011 1.192
2017061012 1.116
2017061013 1.166
2017061014 1.255
2017061015 1.425
2017061016 2.694
2017061017 3.656
2017061018 4.574
2017061019 6.591
2017061020 7.889
2017061021 9.237
2017061022 10.666
2017061023 11.652
