2017060100 5.805
2017060101 6.721
2017060102 7.031
2017060103 8.128
2017060104 8.735
2017060105 7.052
2017060106 5.786
2017060107 3.409
2017060108 2.131
2017060109 1.447
2017060110 1.134
2017060111 1.026
2017060112 0.972
2017060113 1.002
2017060114 1.017
2017060115 1.125
2017060116 1.496
2017060117 2.078
2017060118 3.196
2017060119 5.775
2017060120 7.485
2017060121 8.253
2017060122 9.047
2017060123 9.62
2017060200 7.498
2017060201 7.578
2017060202 7.95
2017060203 8.675
2017060204 8.204
2017060205 6.446
2017060206 5.655
2017060207 3.99
2017060208 2.987
2017060209 2.197
2017060210 1.297
2017060211 1.033
2017060212 0.945
2017060213 0.951
2017060214 1.001
2017060215 1.113
2017060216 1.468
2017060217 1.934
2017060218 3.306
2017060219 5.872
2017060220 6.144
2017060221 7.853
2017060222 9.319
2017060223 9.514
2017060300 8.356
2017060301 8.031
2017060302 6.973
2017060303 6.61
2017060304 6.552
2017060305 4.487
2017060306 4.694
2017060307 2.522
2017060308 1.639
2017060309 1.207
2017060310 0.955
2017060311 0.921
2017060312 0.925
2017060313 0.916
2017060314 1.006
2017060315 1.117
2017060316 1.46
2017060317 2.018
2017060318 2.494
2017060319 3.201
2017060320 3.956
2017060321 5.051
2017060322 5.72
2017060323 6.114
2017060400 6.194
2017060401 6.366
2017060402 6.324
2017060403 6.467
2017060404 7.366
2017060405 5.943
2017060406 4.767
2017060407 3.481
2017060408 2.47
2017060409 1.656
2017060410 1.235
2017060411 1.112
2017060412 1.043
2017060413 1.123
2017060414 1.322
2017060415 1.867
2017060416 2.241
2017060417 2.619
2017060418 3.085
2017060419 4.313
2017060420 5.508
2017060421 6.684
2017060422 8.161
2017060423 9.092
2017060500 7.552
2017060501 7.137
2017060502 6.439
2017060503 6.271
2017060504 6.036
2017060505 4.362
2017060506 4.229
2017060507 2.476
2017060508 1.558
2017060509 1.116
2017060510 0.943
2017060511 0.898
2017060512 0.901
2017060513 1.005
2017060514 1.076
2017060515 1.294
2017060516 1.678
2017060517 2.921
2017060518 3.644
2017060519 4.684
2017060520 5.189
2017060521 5.529
2017060522 6.511
2017060523 7.011
2017060600 5.739
2017060601 6.043
2017060602 6.612
2017060603 7.17
2017060604 7.06
2017060605 6.252
2017060606 5.188
2017060607 3.575
2017060608 2.199
2017060609 1.517
2017060610 1.174
2017060611 1.072
2017060612 1.087
2017060613 1.184
2017060614 1.376
2017060615 1.553
2017060616 1.978
2017060617 2.114
2017060618 2.186
2017060619 2.256
2017060620 2.224
2017060621 2.529
2017060622 2.642
2017060623 2.804
2017060700 2.738
2017060701 3.004
2017060702 3.347
2017060703 3.768
2017060704 3.428
2017060705 2.341
2017060706 1.844
2017060707 1.713
2017060708 1.356
2017060709 0.851
2017060710 0.69
2017060711 0.645
2017060712 0.633
2017060713 0.721
2017060714 0.734
2017060715 0.815
2017060716 0.961
2017060717 1.139
2017060718 1.69
2017060719 2.646
2017060720 3.107
2017060721 3.8
2017060722 3.993
2017060723 4.045
2017060800 4.866
2017060801 4.817
2017060802 5.15
2017060803 5.37
2017060804 5.108
2017060805 3.313
2017060806 3.06
2017060807 2.699
2017060808 1.885
2017060809 1.072
2017060810 0.867
2017060811 0.765
2017060812 0.743
2017060813 0.747
2017060814 0.779
2017060815 0.887
2017060816 1.141
2017060817 1.668
2017060818 3.126
2017060819 5.197
2017060820 7.109
2017060821 8.232
2017060822 7.814
2017060823 7.054
2017060900 7.535
2017060901 6.607
2017060902 6.508
2017060903 6.673
2017060904 7.052
2017060905 5.374
2017060906 4.478
2017060907 2.884
2017060908 2.45
2017060909 1.838
2017060910 1.405
2017060911 1.104
2017060912 1.062
2017060913 1.142
2017060914 1.187
2017060915 1.328
2017060916 1.719
2017060917 2.308
2017060918 3.105
2017060919 4.477
2017060920 4.663
2017060921 4.773
2017060922 4.75
2017060923 5.146
2017061000 5.3
2017061001 5.034
2017061002 5.475
2017061003 5.459
2017061004 4.654
2017061005 3.547
2017061006 3.511
2017061007 3.705
2017061008 3.778
2017061009 3.113
2017061010 1.832
2017061011 1.325
2017061012 1.139
2017061013 1.09
2017061014 1.102
2017061015 1.275
2017061016 2.093
2017061017 2.458
2017061018 3.302
2017061019 5.387
2017061020 5.843
2017061021 6.281
2017061022 7.361
2017061023 7.582
