2017060100 13.073
2017060101 13.399
2017060102 12.905
2017060103 12.106
2017060104 10.408
2017060105 8.636
2017060106 10.373
2017060107 11.746
2017060108 11.85
2017060109 8.085
2017060110 6.23
2017060111 5.308
2017060112 5.021
2017060113 5.094
2017060114 5.273
2017060115 6.459
2017060116 9.352
2017060117 12.663
2017060118 17.809
2017060119 21.409
2017060120 23.087
2017060121 24.537
2017060122 25.246
2017060123 26.428
2017060200 30.663
2017060201 30.789
2017060202 32.161
2017060203 31.191
2017060204 25.155
2017060205 19.807
2017060206 20.505
2017060207 17.775
2017060208 14.752
2017060209 10.795
2017060210 7.307
2017060211 5.64
2017060212 5.039
2017060213 5.216
2017060214 5.288
2017060215 6.399
2017060216 9.251
2017060217 12.425
2017060218 15.726
2017060219 19.316
2017060220 22.617
2017060221 23.826
2017060222 24.733
2017060223 23.595
2017060300 20.433
2017060301 21.465
2017060302 20.424
2017060303 19.764
2017060304 18.475
2017060305 14.761
2017060306 14.425
2017060307 12.641
2017060308 12.28
2017060309 10.359
2017060310 7.982
2017060311 6.106
2017060312 5.122
2017060313 4.688
2017060314 4.738
2017060315 4.321
2017060316 5.038
2017060317 5.663
2017060318 6.645
2017060319 10.352
2017060320 12.51
2017060321 14.211
2017060322 14.511
2017060323 13.28
2017060400 13.221
2017060401 13.711
2017060402 12.508
2017060403 11.854
2017060404 11.337
2017060405 9.263
2017060406 8.501
2017060407 6.948
2017060408 5.8
2017060409 5.289
2017060410 4.803
2017060411 4.289
2017060412 3.776
2017060413 3.586
2017060414 3.522
2017060415 4.321
2017060416 5.901
2017060417 6.762
2017060418 8.161
2017060419 10.161
2017060420 10.503
2017060421 10.981
2017060422 11.852
2017060423 11.592
2017060500 11.918
2017060501 12.652
2017060502 13.395
2017060503 14.139
2017060504 13.469
2017060505 11.075
2017060506 13.357
2017060507 12.596
2017060508 11.298
2017060509 9.809
2017060510 9.063
2017060511 7.479
2017060512 6.288
2017060513 5.14
2017060514 4.914
2017060515 5.786
2017060516 7.499
2017060517 8.656
2017060518 9.52
2017060519 12.922
2017060520 13.956
2017060521 15.535
2017060522 16.409
2017060523 14.934
2017060600 12.918
2017060601 12.7
2017060602 12.179
2017060603 13.879
2017060604 11.885
2017060605 10.877
2017060606 10.939
2017060607 9.532
2017060608 6.912
2017060609 4.607
2017060610 3.806
2017060611 3.661
2017060612 3.658
2017060613 3.681
2017060614 3.912
2017060615 4.783
2017060616 5.463
2017060617 6.017
2017060618 5.618
2017060619 5.82
2017060620 5.351
2017060621 5.157
2017060622 4.689
2017060623 4.497
2017060700 4.456
2017060701 4.659
2017060702 4.414
2017060703 4.651
2017060704 5.228
2017060705 5.137
2017060706 6.037
2017060707 6.341
2017060708 4.937
2017060709 4.228
2017060710 3.667
2017060711 3.435
2017060712 3.241
2017060713 3.534
2017060714 3.677
2017060715 4.647
2017060716 7.034
2017060717 7.037
2017060718 6.986
2017060719 7.675
2017060720 8.278
2017060721 8.795
2017060722 9.493
2017060723 9.404
2017060800 7.966
2017060801 7.757
2017060802 7.654
2017060803 7.695
2017060804 6.521
2017060805 6.23
2017060806 6.82
2017060807 6.528
2017060808 5.964
2017060809 4.441
2017060810 4.098
2017060811 4.13
2017060812 4.22
2017060813 4.672
2017060814 5.057
2017060815 5.874
2017060816 9.426
2017060817 14.167
2017060818 21.149
2017060819 26.999
2017060820 27.669
2017060821 26.875
2017060822 21.243
2017060823 18.578
2017060900 19.599
2017060901 18.406
2017060902 18.173
2017060903 19.01
2017060904 15.6
2017060905 11.385
2017060906 12.299
2017060907 10.148
2017060908 7.052
2017060909 4.376
2017060910 3.513
2017060911 3.145
2017060912 3.212
2017060913 3.447
2017060914 3.707
2017060915 4.372
2017060916 6.359
2017060917 6.666
2017060918 8.601
2017060919 11.109
2017060920 12.207
2017060921 13.187
2017060922 12.854
2017060923 12.613
2017061000 10.42
2017061001 9.347
2017061002 8.766
2017061003 8.516
2017061004 8.442
2017061005 7.419
2017061006 6.896
2017061007 5.981
2017061008 5.792
2017061009 5.096
2017061010 3.993
2017061011 3.542
2017061012 3.315
2017061013 3.091
2017061014 2.958
2017061015 3.39
2017061016 5.067
2017061017 5.79
2017061018 7.895
2017061019 13.774
2017061020 15.358
2017061021 16.226
2017061022 18.136
2017061023 18.076
