2017060100 131.374
2017060101 135.511
2017060102 138.634
2017060103 141.819
2017060104 145.76
2017060105 143.356
2017060106 142.68
2017060107 137.002
2017060108 131.32
2017060109 122.869
2017060110 120.457
2017060111 118.543
2017060112 117.204
2017060113 117.179
2017060114 117.714
2017060115 120.231
2017060116 123.697
2017060117 125.333
2017060118 123.408
2017060119 128.968
2017060120 129.955
2017060121 132.535
2017060122 136.488
2017060123 137.738
2017060200 135.291
2017060201 133.961
2017060202 133.249
2017060203 132.173
2017060204 137.364
2017060205 149.164
2017060206 155.376
2017060207 149.224
2017060208 137.152
2017060209 136.749
2017060210 130.709
2017060211 130.265
2017060212 128.334
2017060213 128.589
2017060214 129.83
2017060215 131.614
2017060216 135.107
2017060217 135.612
2017060218 138.943
2017060219 148.435
2017060220 149.617
2017060221 145.595
2017060222 138.82
2017060223 134.632
2017060300 138.974
2017060301 139.902
2017060302 138.521
2017060303 138.169
2017060304 142.259
2017060305 146.259
2017060306 144.269
2017060307 132.732
2017060308 127.564
2017060309 121.537
2017060310 117.259
2017060311 115.626
2017060312 116.154
2017060313 118.239
2017060314 118.74
2017060315 117.594
2017060316 122.997
2017060317 123.548
2017060318 127.683
2017060319 126.992
2017060320 128.096
2017060321 131.382
2017060322 138.356
2017060323 142.063
2017060400 132.984
2017060401 133.935
2017060402 138.124
2017060403 143.193
2017060404 149.188
2017060405 155.512
2017060406 155.437
2017060407 153.008
2017060408 154.274
2017060409 156.464
2017060410 152.317
2017060411 160.118
2017060412 165.732
2017060413 177.384
2017060414 137.633
2017060415 128.334
2017060416 125.053
2017060417 124.623
2017060418 125.492
2017060419 135.933
2017060420 141.31
2017060421 145.141
2017060422 152.396
2017060423 150.875
2017060500 131.404
2017060501 131.08
2017060502 133.858
2017060503 135.613
2017060504 142.072
2017060505 147.575
2017060506 150.588
2017060507 144.977
2017060508 138.113
2017060509 129.533
2017060510 125.982
2017060511 124.081
2017060512 123.129
2017060513 122.931
2017060514 123.149
2017060515 124.686
2017060516 126.041
2017060517 135.218
2017060518 134.678
2017060519 135.705
2017060520 135.822
2017060521 133.079
2017060522 131.276
2017060523 130.608
2017060600 122.935
2017060601 125.921
2017060602 129.375
2017060603 137.034
2017060604 140.064
2017060605 148.199
2017060606 149.572
2017060607 147.505
2017060608 140.432
2017060609 132.072
2017060610 128.137
2017060611 126.949
2017060612 126.645
2017060613 126.077
2017060614 125.5
2017060615 127.553
2017060616 130.83
2017060617 136.55
2017060618 133.648
2017060619 126.847
2017060620 119.857
2017060621 117.421
2017060622 119.342
2017060623 116.274
2017060700 111.783
2017060701 108.859
2017060702 106.886
2017060703 107.003
2017060704 108.679
2017060705 112.207
2017060706 112.36
2017060707 113.999
2017060708 109.3
2017060709 107.092
2017060710 107.1
2017060711 106.573
2017060712 106.704
2017060713 106.987
2017060714 107.92
2017060715 110.32
2017060716 112.695
2017060717 112.167
2017060718 107.494
2017060719 110.229
2017060720 111.43
2017060721 117.824
2017060722 120.495
2017060723 118.514
2017060800 118.889
2017060801 117.682
2017060802 118.462
2017060803 118.375
2017060804 123.346
2017060805 126.663
2017060806 128.612
2017060807 125.904
2017060808 123.812
2017060809 116.443
2017060810 113.947
2017060811 113.63
2017060812 114.177
2017060813 113.99
2017060814 114.001
2017060815 114.907
2017060816 120.159
2017060817 121.621
2017060818 127.268
2017060819 132.388
2017060820 128.855
2017060821 131.487
2017060822 131.807
2017060823 127.999
2017060900 118.607
2017060901 116.301
2017060902 115.619
2017060903 116.811
2017060904 122.271
2017060905 136.313
2017060906 139.413
2017060907 135.152
2017060908 129.709
2017060909 120.986
2017060910 116.439
2017060911 114.624
2017060912 117.506
2017060913 116.845
2017060914 117.931
2017060915 118.677
2017060916 125.28
2017060917 124.398
2017060918 131.496
2017060919 130.63
2017060920 130.008
2017060921 134.117
2017060922 129.851
2017060923 124.433
2017061000 121.957
2017061001 122.381
2017061002 122.567
2017061003 128.955
2017061004 133.585
2017061005 138.036
2017061006 148.412
2017061007 148.737
2017061008 150.372
2017061009 140.797
2017061010 134.756
2017061011 128.026
2017061012 124.637
2017061013 125.851
2017061014 128.374
2017061015 127.805
2017061016 130.448
2017061017 131.97
2017061018 132.263
2017061019 135.185
2017061020 137.014
2017061021 141.77
2017061022 147.092
2017061023 150.51
