2017060100 187.302
2017060101 179.02
2017060102 172.152
2017060103 166.472
2017060104 162.787
2017060105 154.268
2017060106 157.299
2017060107 160.712
2017060108 162.684
2017060109 143.344
2017060110 140.01
2017060111 136.018
2017060112 133.14
2017060113 132.403
2017060114 132.447
2017060115 134.039
2017060116 146.567
2017060117 154.242
2017060118 165.869
2017060119 171.633
2017060120 178.047
2017060121 187.683
2017060122 186.247
2017060123 188.643
2017060200 209.593
2017060201 215.526
2017060202 224.392
2017060203 228.259
2017060204 220.137
2017060205 202.437
2017060206 210.114
2017060207 188.551
2017060208 176.272
2017060209 155.956
2017060210 148.303
2017060211 143.815
2017060212 143.958
2017060213 145.417
2017060214 145.757
2017060215 148.126
2017060216 158.361
2017060217 172.468
2017060218 181.914
2017060219 194.471
2017060220 189.778
2017060221 190.206
2017060222 194.16
2017060223 190.729
2017060300 185.256
2017060301 187.777
2017060302 195.621
2017060303 202.729
2017060304 198.489
2017060305 196.891
2017060306 199.53
2017060307 189.979
2017060308 189.265
2017060309 177.147
2017060310 165.212
2017060311 155.76
2017060312 148.492
2017060313 145.913
2017060314 146.586
2017060315 147.531
2017060316 154.207
2017060317 151.544
2017060318 150.302
2017060319 164.146
2017060320 174.215
2017060321 185.192
2017060322 185.724
2017060323 181.397
2017060400 179.791
2017060401 182.539
2017060402 185.231
2017060403 187.174
2017060404 186.28
2017060405 169.324
2017060406 172.09
2017060407 164.411
2017060408 160.735
2017060409 151.279
2017060410 152.96
2017060411 154.452
2017060412 157.417
2017060413 157.388
2017060414 149.518
2017060415 156.411
2017060416 163.455
2017060417 162.528
2017060418 169.723
2017060419 178.543
2017060420 187.301
2017060421 191.874
2017060422 185.706
2017060423 187.992
2017060500 168.619
2017060501 167.204
2017060502 168.628
2017060503 170.901
2017060504 156.781
2017060505 159.665
2017060506 176.989
2017060507 160.512
2017060508 164.775
2017060509 152.918
2017060510 153.077
2017060511 145.783
2017060512 143.846
2017060513 143.051
2017060514 138.939
2017060515 137.043
2017060516 135.896
2017060517 135.509
2017060518 138.442
2017060519 150.577
2017060520 154.828
2017060521 158.367
2017060522 156.049
2017060523 160.63
2017060600 154.447
2017060601 161.444
2017060602 160.524
2017060603 156.974
2017060604 155.833
2017060605 159.91
2017060606 166.526
2017060607 152.364
2017060608 137.68
2017060609 129.249
2017060610 125.572
2017060611 124.417
2017060612 122.549
2017060613 124.458
2017060614 121.825
2017060615 121.57
2017060616 123.581
2017060617 121.736
2017060618 125.131
2017060619 132.852
2017060620 128.53
2017060621 125.073
2017060622 123.737
2017060623 123.346
2017060700 121.596
2017060701 122.674
2017060702 124.253
2017060703 124.309
2017060704 124.485
2017060705 125.144
2017060706 130.537
2017060707 126.705
2017060708 125.726
2017060709 123.256
2017060710 121.374
2017060711 120.992
2017060712 120.291
2017060713 120.474
2017060714 120.873
2017060715 122.849
2017060716 125.269
2017060717 127.145
2017060718 125.58
2017060719 126.185
2017060720 125.359
2017060721 125.16
2017060722 126.958
2017060723 126.451
2017060800 129.073
2017060801 131.33
2017060802 134.371
2017060803 136.269
2017060804 136.53
2017060805 134.958
2017060806 138.04
2017060807 140.514
2017060808 139.137
2017060809 133.165
2017060810 131.346
2017060811 132.73
2017060812 133.671
2017060813 134.655
2017060814 133.848
2017060815 136.18
2017060816 146.189
2017060817 158.335
2017060818 172.01
2017060819 185.064
2017060820 186.353
2017060821 192.766
2017060822 185.193
2017060823 172.467
2017060900 171.951
2017060901 166.317
2017060902 166.211
2017060903 170.958
2017060904 169.792
2017060905 166.767
2017060906 163.046
2017060907 153.985
2017060908 143.863
2017060909 134.455
2017060910 131.123
2017060911 124.897
2017060912 121.728
2017060913 121.332
2017060914 121.812
2017060915 123.291
2017060916 125.185
2017060917 128.097
2017060918 131.706
2017060919 142.035
2017060920 149.28
2017060921 152.449
2017060922 150.866
2017060923 147.636
2017061000 148.017
2017061001 144.454
2017061002 145.689
2017061003 139.706
2017061004 137.657
2017061005 134.202
2017061006 134.805
2017061007 131.186
2017061008 135.302
2017061009 136.061
2017061010 132.718
2017061011 126.938
2017061012 124.52
2017061013 123.357
2017061014 122.971
2017061015 126.357
2017061016 135.647
2017061017 139.769
2017061018 141.713
2017061019 149.65
2017061020 158.44
2017061021 165.537
2017061022 169.296
2017061023 168.7
