2017060100 3.963
2017060101 3.782
2017060102 3.579
2017060103 3.491
2017060104 3.291
2017060105 2.809
2017060106 2.553
2017060107 2.19
2017060108 1.523
2017060109 0.987
2017060110 0.674
2017060111 0.561
2017060112 0.561
2017060113 0.614
2017060114 0.649
2017060115 0.759
2017060116 0.969
2017060117 1.314
2017060118 1.784
2017060119 2.639
2017060120 3.532
2017060121 4.312
2017060122 4.7
2017060123 4.503
2017060200 4.213
2017060201 4.053
2017060202 3.731
2017060203 3.521
2017060204 3.208
2017060205 3.114
2017060206 2.5
2017060207 1.974
2017060208 1.232
2017060209 0.876
2017060210 0.666
2017060211 0.593
2017060212 0.573
2017060213 0.61
2017060214 0.621
2017060215 0.7
2017060216 0.921
2017060217 1.214
2017060218 1.779
2017060219 3.076
2017060220 3.524
2017060221 4.043
2017060222 4.518
2017060223 3.968
2017060300 5.328
2017060301 4.916
2017060302 4.594
2017060303 4.099
2017060304 4.135
2017060305 2.88
2017060306 2.222
2017060307 1.305
2017060308 0.902
2017060309 0.711
2017060310 0.598
2017060311 0.569
2017060312 0.578
2017060313 0.555
2017060314 0.595
2017060315 0.613
2017060316 0.747
2017060317 0.979
2017060318 1.242
2017060319 1.939
2017060320 2.938
2017060321 3.012
2017060322 2.636
2017060323 2.369
2017060400 2.312
2017060401 2.249
2017060402 2.289
2017060403 2.443
2017060404 2.163
2017060405 1.474
2017060406 1.076
2017060407 0.922
2017060408 0.726
2017060409 0.578
2017060410 0.495
2017060411 0.52
2017060412 0.579
2017060413 0.708
2017060414 0.842
2017060415 0.957
2017060416 1.324
2017060417 1.971
2017060418 2.845
2017060419 3.989
2017060420 4.336
2017060421 4.517
2017060422 4.64
2017060423 4.305
2017060500 3.057
2017060501 3.018
2017060502 2.902
2017060503 2.815
2017060504 2.871
2017060505 2.23
2017060506 2.476
2017060507 3.231
2017060508 2.749
2017060509 2.293
2017060510 1.523
2017060511 1.03
2017060512 0.671
2017060513 0.62
2017060514 0.588
2017060515 0.644
2017060516 0.886
2017060517 1.073
2017060518 1.574
2017060519 2.419
2017060520 2.375
2017060521 2.484
2017060522 2.46
2017060523 2.138
2017060600 1.906
2017060601 1.714
2017060602 1.537
2017060603 1.419
2017060604 1.34
2017060605 1.648
2017060606 1.739
2017060607 1.247
2017060608 1.034
2017060609 0.806
2017060610 0.615
2017060611 0.63
2017060612 0.78
2017060613 0.786
2017060614 0.882
2017060615 1.087
2017060616 1.479
2017060617 1.991
2017060618 2.426
2017060619 2.904
2017060620 2.872
2017060621 2.58
2017060622 2.377
2017060623 2.273
2017060700 1.844
2017060701 1.772
2017060702 1.718
2017060703 1.75
2017060704 1.853
2017060705 1.374
2017060706 1.473
2017060707 1.13
2017060708 0.905
2017060709 0.683
2017060710 0.56
2017060711 0.515
2017060712 0.489
2017060713 0.525
2017060714 0.587
2017060715 0.739
2017060716 1.126
2017060717 1.48
2017060718 1.956
2017060719 2.868
2017060720 3.138
2017060721 3.224
2017060722 3.55
2017060723 3.418
2017060800 3.708
2017060801 3.466
2017060802 3.13
2017060803 2.852
2017060804 2.457
2017060805 1.712
2017060806 1.712
2017060807 1.493
2017060808 0.928
2017060809 0.711
2017060810 0.565
2017060811 0.514
2017060812 0.472
2017060813 0.459
2017060814 0.451
2017060815 0.541
2017060816 0.665
2017060817 1.004
2017060818 1.359
2017060819 2.097
2017060820 2.805
2017060821 2.898
2017060822 2.971
2017060823 3.028
2017060900 3.693
2017060901 3.357
2017060902 2.969
2017060903 2.737
2017060904 2.658
2017060905 1.849
2017060906 2.267
2017060907 1.626
2017060908 1.1
2017060909 0.748
2017060910 0.575
2017060911 0.509
2017060912 0.513
2017060913 0.543
2017060914 0.576
2017060915 0.672
2017060916 0.898
2017060917 1.206
2017060918 1.514
2017060919 2.65
2017060920 3.199
2017060921 3.62
2017060922 3.55
2017060923 3.283
2017061000 4.878
2017061001 4.582
2017061002 4.084
2017061003 3.714
2017061004 3.969
2017061005 3.439
2017061006 2.531
2017061007 1.449
2017061008 0.859
2017061009 0.662
2017061010 0.556
2017061011 0.5
2017061012 0.478
2017061013 0.471
2017061014 0.496
2017061015 0.577
2017061016 0.802
2017061017 1.151
2017061018 1.618
2017061019 2.112
2017061020 2.983
2017061021 3.283
2017061022 3.008
2017061023 2.985
