2017060100 224.88
2017060101 239.632
2017060102 235.971
2017060103 231.283
2017060104 224.522
2017060105 221.281
2017060106 243.37
2017060107 259.18
2017060108 219.631
2017060109 227.587
2017060110 208.813
2017060111 177.874
2017060112 168.572
2017060113 166.354
2017060114 166.965
2017060115 168.186
2017060116 182.243
2017060117 195.296
2017060118 224.422
2017060119 233.174
2017060120 231.876
2017060121 228.732
2017060122 230.519
2017060123 222.173
2017060200 243.219
2017060201 232.575
2017060202 226.398
2017060203 218.297
2017060204 217.209
2017060205 217.825
2017060206 242.156
2017060207 231.171
2017060208 208.967
2017060209 192.419
2017060210 182.392
2017060211 173.511
2017060212 170.432
2017060213 168.624
2017060214 169.381
2017060215 175.81
2017060216 186.966
2017060217 197.139
2017060218 194.074
2017060219 205.873
2017060220 218.646
2017060221 234.034
2017060222 238.591
2017060223 240.083
2017060300 269.688
2017060301 257.913
2017060302 242.404
2017060303 226.764
2017060304 218.371
2017060305 214.195
2017060306 221.895
2017060307 195.959
2017060308 185.032
2017060309 172.834
2017060310 161.667
2017060311 157.788
2017060312 155.47
2017060313 152.553
2017060314 149.141
2017060315 147.231
2017060316 146.254
2017060317 142.928
2017060318 147.78
2017060319 152.787
2017060320 156.509
2017060321 163.071
2017060322 169.799
2017060323 167.273
2017060400 177.076
2017060401 173.366
2017060402 161.028
2017060403 152.904
2017060404 148.524
2017060405 144.82
2017060406 141.472
2017060407 132.94
2017060408 126.041
2017060409 124.053
2017060410 123.584
2017060411 124.158
2017060412 123.805
2017060413 122.404
2017060414 122.686
2017060415 125.62
2017060416 134.59
2017060417 142.217
2017060418 150.832
2017060419 166.842
2017060420 180.323
2017060421 179.968
2017060422 192.402
2017060423 197.981
2017060500 138.102
2017060501 138.261
2017060502 138.452
2017060503 142.435
2017060504 152.108
2017060505 173.683
2017060506 193.64
2017060507 204.024
2017060508 194.097
2017060509 187.4
2017060510 185.571
2017060511 184.652
2017060512 182.927
2017060513 182.887
2017060514 182.841
2017060515 184.99
2017060516 190.456
2017060517 192.646
2017060518 192.016
2017060519 205
2017060520 209.244
2017060521 217.385
2017060522 224.481
2017060523 229.952
2017060600 232.615
2017060601 214.96
2017060602 202.038
2017060603 200.769
2017060604 196.202
2017060605 190.686
2017060606 194.484
2017060607 171.898
2017060608 150.615
2017060609 131.526
2017060610 121.706
2017060611 119.351
2017060612 121.052
2017060613 118.955
2017060614 117.107
2017060615 116.502
2017060616 119.727
2017060617 120.724
2017060618 119.471
2017060619 118.033
2017060620 121.692
2017060621 125.582
2017060622 125.401
2017060623 120.382
2017060700 117.227
2017060701 115.706
2017060702 114.492
2017060703 112.835
2017060704 113.517
2017060705 112.127
2017060706 116.107
2017060707 118.511
2017060708 118.191
2017060709 114.488
2017060710 112.545
2017060711 111.164
2017060712 110.641
2017060713 110.549
2017060714 110.468
2017060715 112.342
2017060716 117.826
2017060717 121.846
2017060718 121.053
2017060719 121.119
2017060720 139.912
2017060721 142.952
2017060722 139.31
2017060723 142.401
2017060800 152.329
2017060801 150.076
2017060802 149.63
2017060803 150.536
2017060804 150.14
2017060805 163.251
2017060806 177.311
2017060807 160.922
2017060808 159.11
2017060809 141.772
2017060810 134.481
2017060811 135.833
2017060812 136.481
2017060813 138.571
2017060814 143.308
2017060815 149.483
2017060816 156.956
2017060817 164.669
2017060818 183.452
2017060819 212.499
2017060820 210.422
2017060821 205.875
2017060822 197.435
2017060823 196.225
2017060900 179.347
2017060901 169.465
2017060902 167.528
2017060903 171.11
2017060904 179.14
2017060905 173.698
2017060906 176.841
2017060907 177.803
2017060908 171.54
2017060909 163.597
2017060910 156.695
2017060911 146.014
2017060912 142.593
2017060913 143.085
2017060914 138.797
2017060915 138.171
2017060916 144.623
2017060917 151.101
2017060918 158.594
2017060919 169.652
2017060920 175.901
2017060921 178.089
2017060922 174.808
2017060923 172.569
2017061000 137.484
2017061001 140.156
2017061002 147.54
2017061003 157.095
2017061004 169.555
2017061005 173.511
2017061006 191.059
2017061007 174.772
2017061008 158.048
2017061009 156.648
2017061010 147.565
2017061011 145.602
2017061012 144.264
2017061013 142.051
2017061014 142.324
2017061015 141.984
2017061016 142.652
2017061017 144.679
2017061018 166.349
2017061019 180.427
2017061020 187.353
2017061021 178.995
2017061022 188.325
2017061023 196.005
