2017060100 229.644
2017060101 241.796
2017060102 240.405
2017060103 237.924
2017060104 231.392
2017060105 227.973
2017060106 243.061
2017060107 245.538
2017060108 214.093
2017060109 209.303
2017060110 197.455
2017060111 176.268
2017060112 165.965
2017060113 161.302
2017060114 160.1
2017060115 160.125
2017060116 176.538
2017060117 191.228
2017060118 214.873
2017060119 227.931
2017060120 236.479
2017060121 231.401
2017060122 230.047
2017060123 229.222
2017060200 259.171
2017060201 241.354
2017060202 226.593
2017060203 216.476
2017060204 213.722
2017060205 209.251
2017060206 226.78
2017060207 216.831
2017060208 202.7
2017060209 192.297
2017060210 185.134
2017060211 176.425
2017060212 173.04
2017060213 170.854
2017060214 171.744
2017060215 176.135
2017060216 195.972
2017060217 208.747
2017060218 211.581
2017060219 224.744
2017060220 233.274
2017060221 239.127
2017060222 239.648
2017060223 239.096
2017060300 250.64
2017060301 244.846
2017060302 228.394
2017060303 215.316
2017060304 206.859
2017060305 201.401
2017060306 206.848
2017060307 185.146
2017060308 181.711
2017060309 175.459
2017060310 162.12
2017060311 161.224
2017060312 158.714
2017060313 155.773
2017060314 150.253
2017060315 147.859
2017060316 146.693
2017060317 141.978
2017060318 150.855
2017060319 152.302
2017060320 158.922
2017060321 169.308
2017060322 174.934
2017060323 169.628
2017060400 176.892
2017060401 175.409
2017060402 163.804
2017060403 153.942
2017060404 149.351
2017060405 147.196
2017060406 141.996
2017060407 135.711
2017060408 129.363
2017060409 127.017
2017060410 126.766
2017060411 125.643
2017060412 124.582
2017060413 124.281
2017060414 124.799
2017060415 126.987
2017060416 132.899
2017060417 142.168
2017060418 155.688
2017060419 173.294
2017060420 182.919
2017060421 177.681
2017060422 181.034
2017060423 182.08
2017060500 133.284
2017060501 134.2
2017060502 137.641
2017060503 142.847
2017060504 150.786
2017060505 168.329
2017060506 182.704
2017060507 191.126
2017060508 184.877
2017060509 178.628
2017060510 176.57
2017060511 176.702
2017060512 177.306
2017060513 178.783
2017060514 182.387
2017060515 184.532
2017060516 191.219
2017060517 199.351
2017060518 203.262
2017060519 207.289
2017060520 209.293
2017060521 211.58
2017060522 210.704
2017060523 210.637
2017060600 226.799
2017060601 209.546
2017060602 193.796
2017060603 184.911
2017060604 177.092
2017060605 172.943
2017060606 176.147
2017060607 163.291
2017060608 146.043
2017060609 131.82
2017060610 123.362
2017060611 119.788
2017060612 120.228
2017060613 118.555
2017060614 116.231
2017060615 115.68
2017060616 118.697
2017060617 118.141
2017060618 117.076
2017060619 115.991
2017060620 122.483
2017060621 124.183
2017060622 129.356
2017060623 121.973
2017060700 118.004
2017060701 116.412
2017060702 115.313
2017060703 114.079
2017060704 114.242
2017060705 113.374
2017060706 116.057
2017060707 121.356
2017060708 119
2017060709 113.96
2017060710 111.151
2017060711 108.968
2017060712 108.68
2017060713 110.7
2017060714 111.016
2017060715 112.959
2017060716 118.468
2017060717 120.171
2017060718 118.082
2017060719 121.552
2017060720 142.854
2017060721 146.098
2017060722 144.829
2017060723 147.543
2017060800 154.531
2017060801 146.885
2017060802 143.057
2017060803 141.658
2017060804 144.525
2017060805 155.76
2017060806 168.064
2017060807 155.484
2017060808 152.086
2017060809 138.342
2017060810 132.604
2017060811 134.194
2017060812 135.592
2017060813 139.382
2017060814 141.51
2017060815 147.523
2017060816 157.066
2017060817 167.94
2017060818 193.12
2017060819 208.167
2017060820 203.957
2017060821 189.629
2017060822 177.286
2017060823 172.429
2017060900 167.604
2017060901 160.523
2017060902 157.04
2017060903 160.073
2017060904 164.524
2017060905 166.044
2017060906 171.438
2017060907 172.714
2017060908 177.732
2017060909 168.863
2017060910 161.765
2017060911 154.757
2017060912 147.054
2017060913 145.113
2017060914 137.933
2017060915 138.132
2017060916 147.105
2017060917 154.364
2017060918 162.501
2017060919 173.086
2017060920 177.888
2017060921 178.553
2017060922 174.127
2017060923 174.494
2017061000 142.306
2017061001 146.255
2017061002 155.278
2017061003 164.471
2017061004 172.896
2017061005 165.032
2017061006 176.45
2017061007 164.722
2017061008 156.603
2017061009 153.407
2017061010 139.826
2017061011 139.267
2017061012 139.172
2017061013 137.793
2017061014 137.888
2017061015 138.709
2017061016 141.909
2017061017 145.391
2017061018 163.773
2017061019 175.913
2017061020 172.306
2017061021 166.731
2017061022 168.33
2017061023 174.337
