2017060100 15.203
2017060101 15.909
2017060102 15.349
2017060103 14.74
2017060104 16.094
2017060105 15.264
2017060106 16.918
2017060107 17.255
2017060108 14.163
2017060109 13.236
2017060110 7.855
2017060111 4.528
2017060112 3.773
2017060113 3.686
2017060114 3.378
2017060115 3.649
2017060116 6.075
2017060117 9.148
2017060118 12.939
2017060119 15.746
2017060120 14.569
2017060121 15.889
2017060122 13.995
2017060123 14.525
2017060200 20.202
2017060201 19.096
2017060202 16.633
2017060203 14.767
2017060204 13.168
2017060205 12.238
2017060206 14.123
2017060207 13.422
2017060208 9.734
2017060209 6.064
2017060210 3.817
2017060211 3.236
2017060212 2.884
2017060213 3.258
2017060214 3.227
2017060215 3.72
2017060216 7.141
2017060217 9.131
2017060218 10.726
2017060219 13.559
2017060220 15.258
2017060221 16.671
2017060222 20.468
2017060223 20.611
2017060300 23.002
2017060301 20.814
2017060302 17.802
2017060303 16.917
2017060304 15.837
2017060305 10.22
2017060306 10.98
2017060307 10.01
2017060308 7.41
2017060309 5.197
2017060310 3.471
2017060311 2.65
2017060312 2.344
2017060313 2.55
2017060314 2.681
2017060315 3.162
2017060316 4.222
2017060317 4.968
2017060318 6.437
2017060319 8.539
2017060320 10.046
2017060321 11.51
2017060322 13.308
2017060323 13.686
2017060400 11.795
2017060401 10.002
2017060402 8.475
2017060403 6.792
2017060404 6.389
2017060405 6.953
2017060406 6.369
2017060407 5.511
2017060408 4.741
2017060409 4.13
2017060410 3.128
2017060411 2.294
2017060412 1.855
2017060413 2.097
2017060414 2.121
2017060415 2.529
2017060416 4.079
2017060417 6.488
2017060418 9.256
2017060419 12.466
2017060420 14.989
2017060421 16.865
2017060422 19.824
2017060423 18.66
2017060500 7.609
2017060501 7.525
2017060502 7.575
2017060503 8.286
2017060504 9.242
2017060505 10.818
2017060506 12.431
2017060507 13.812
2017060508 11.017
2017060509 8.854
2017060510 7.678
2017060511 6.71
2017060512 5.93
2017060513 5.425
2017060514 5.403
2017060515 6.106
2017060516 7.741
2017060517 10.169
2017060518 12.213
2017060519 15.47
2017060520 16.989
2017060521 17.431
2017060522 19.061
2017060523 19.967
2017060600 20.316
2017060601 14.602
2017060602 12.698
2017060603 11.838
2017060604 10.707
2017060605 8.53
2017060606 10.488
2017060607 9.273
2017060608 6.352
2017060609 2.721
2017060610 2.094
2017060611 2.012
2017060612 1.771
2017060613 1.783
2017060614 1.631
2017060615 1.783
2017060616 2.268
2017060617 2.937
2017060618 3.657
2017060619 5.352
2017060620 6.09
2017060621 7.055
2017060622 6.47
2017060623 6.108
2017060700 4.502
2017060701 3.968
2017060702 3.543
2017060703 3.377
2017060704 3.66
2017060705 3.213
2017060706 3.335
2017060707 3.123
2017060708 2.858
2017060709 2.099
2017060710 1.597
2017060711 1.434
2017060712 1.484
2017060713 1.603
2017060714 1.556
2017060715 2.067
2017060716 2.651
2017060717 3.991
2017060718 5.432
2017060719 7.63
2017060720 9.395
2017060721 9.781
2017060722 10.722
2017060723 11.148
2017060800 13.627
2017060801 13.279
2017060802 12.976
2017060803 11.88
2017060804 11.343
2017060805 7.772
2017060806 9.919
2017060807 9.352
2017060808 7.446
2017060809 5.659
2017060810 4.226
2017060811 3.47
2017060812 2.797
2017060813 2.673
2017060814 3.165
2017060815 4.013
2017060816 5.825
2017060817 8.397
2017060818 10.291
2017060819 15.938
2017060820 17.139
2017060821 15.674
2017060822 18.251
2017060823 17.662
2017060900 11.877
2017060901 11.803
2017060902 11.886
2017060903 12.27
2017060904 12.932
2017060905 12.259
2017060906 13.624
2017060907 12.257
2017060908 8.612
2017060909 5.723
2017060910 4.337
2017060911 3.521
2017060912 3.106
2017060913 3.404
2017060914 2.806
2017060915 2.846
2017060916 4.91
2017060917 6.674
2017060918 8.149
2017060919 11.258
2017060920 12.749
2017060921 14.144
2017060922 16.227
2017060923 15.985
2017061000 11.288
2017061001 11.564
2017061002 12.105
2017061003 12.997
2017061004 13.109
2017061005 13.567
2017061006 15.39
2017061007 12.204
2017061008 7.921
2017061009 6.081
2017061010 4.222
2017061011 3.023
2017061012 2.371
2017061013 2.187
2017061014 2.31
2017061015 2.657
2017061016 3.689
2017061017 4.718
2017061018 9.132
2017061019 13.531
2017061020 15.555
2017061021 14.631
2017061022 17.285
2017061023 15.688
