2017060100 15.538
2017060101 15.154
2017060102 13.914
2017060103 12.784
2017060104 13.074
2017060105 13.41
2017060106 16.12
2017060107 15.328
2017060108 12.139
2017060109 10.083
2017060110 5.835
2017060111 3.468
2017060112 3.038
2017060113 3.174
2017060114 3.225
2017060115 3.547
2017060116 5.306
2017060117 8.094
2017060118 11.51
2017060119 15.64
2017060120 17.638
2017060121 17.057
2017060122 16.799
2017060123 15.649
2017060200 18.515
2017060201 17.304
2017060202 15.072
2017060203 13.364
2017060204 11.956
2017060205 10.712
2017060206 11.81
2017060207 11.266
2017060208 8.885
2017060209 6.383
2017060210 4.295
2017060211 3.265
2017060212 2.867
2017060213 3.13
2017060214 3.375
2017060215 4.053
2017060216 6.89
2017060217 9.296
2017060218 11.605
2017060219 13.7
2017060220 15.203
2017060221 15.978
2017060222 18.89
2017060223 18.948
2017060300 18.899
2017060301 17.04
2017060302 14.416
2017060303 13.218
2017060304 12.987
2017060305 7.95
2017060306 9.05
2017060307 8.67
2017060308 6.337
2017060309 4.784
2017060310 3.33
2017060311 2.567
2017060312 2.277
2017060313 2.398
2017060314 2.64
2017060315 3.057
2017060316 4.014
2017060317 5.691
2017060318 6.666
2017060319 8.166
2017060320 10.192
2017060321 11.982
2017060322 13.813
2017060323 13.712
2017060400 12.315
2017060401 10.881
2017060402 8.935
2017060403 7.373
2017060404 7.052
2017060405 7.369
2017060406 6.609
2017060407 5.553
2017060408 5.103
2017060409 4.523
2017060410 3.579
2017060411 2.57
2017060412 2.027
2017060413 2.344
2017060414 2.264
2017060415 2.623
2017060416 4.281
2017060417 6.388
2017060418 9.483
2017060419 13.159
2017060420 15.208
2017060421 14.826
2017060422 17.2
2017060423 15.739
2017060500 6.412
2017060501 6.46
2017060502 7.25
2017060503 7.738
2017060504 8.213
2017060505 9.09
2017060506 10.612
2017060507 11.396
2017060508 9.199
2017060509 7.303
2017060510 6.091
2017060511 5.131
2017060512 4.595
2017060513 4.335
2017060514 4.43
2017060515 5.243
2017060516 6.657
2017060517 9.06
2017060518 11.568
2017060519 14.437
2017060520 16.034
2017060521 15.829
2017060522 16.342
2017060523 18.113
2017060600 16.861
2017060601 13.885
2017060602 11.64
2017060603 10.45
2017060604 8.955
2017060605 7.464
2017060606 9.099
2017060607 8.225
2017060608 5.884
2017060609 2.767
2017060610 2.286
2017060611 2.195
2017060612 1.973
2017060613 2.016
2017060614 1.803
2017060615 1.902
2017060616 2.477
2017060617 3.009
2017060618 3.624
2017060619 5.09
2017060620 6.054
2017060621 7.462
2017060622 6.765
2017060623 6.24
2017060700 4.986
2017060701 4.342
2017060702 3.886
2017060703 3.73
2017060704 3.894
2017060705 3.294
2017060706 3.793
2017060707 3.729
2017060708 3.263
2017060709 2.403
2017060710 1.981
2017060711 1.63
2017060712 1.678
2017060713 1.674
2017060714 1.754
2017060715 2.196
2017060716 2.899
2017060717 4.189
2017060718 5.476
2017060719 7.073
2017060720 9.875
2017060721 10.304
2017060722 11.36
2017060723 11.384
2017060800 12.578
2017060801 11.494
2017060802 10.672
2017060803 9.697
2017060804 9.265
2017060805 7.138
2017060806 8.253
2017060807 8.098
2017060808 6.171
2017060809 4.599
2017060810 3.516
2017060811 3.046
2017060812 2.681
2017060813 2.761
2017060814 3.041
2017060815 3.717
2017060816 5.425
2017060817 8.342
2017060818 11.01
2017060819 15.53
2017060820 16.22
2017060821 13.637
2017060822 14.284
2017060823 13.95
2017060900 11.826
2017060901 11.403
2017060902 11.24
2017060903 10.586
2017060904 10.255
2017060905 10.516
2017060906 11.985
2017060907 11.529
2017060908 8.537
2017060909 6.1
2017060910 4.408
2017060911 3.442
2017060912 3.099
2017060913 3.299
2017060914 3.175
2017060915 3.236
2017060916 4.924
2017060917 6.987
2017060918 8.477
2017060919 11.609
2017060920 13.141
2017060921 13.537
2017060922 15.135
2017060923 16.481
2017061000 12.069
2017061001 12.076
2017061002 12.689
2017061003 13.502
2017061004 14.24
2017061005 12.436
2017061006 12.111
2017061007 9.998
2017061008 6.513
2017061009 5.087
2017061010 3.954
2017061011 2.973
2017061012 2.41
2017061013 2.225
2017061014 2.367
2017061015 2.634
2017061016 3.674
2017061017 4.863
2017061018 9.063
2017061019 12.38
2017061020 12.525
2017061021 11.024
2017061022 13.179
2017061023 12.31
