2017060100 10.104
2017060101 11.766
2017060102 11.61
2017060103 10.623
2017060104 10.525
2017060105 7.987
2017060106 7.844
2017060107 6.713
2017060108 5.071
2017060109 3.914
2017060110 2.691
2017060111 1.94
2017060112 2.043
2017060113 2.059
2017060114 2.425
2017060115 2.738
2017060116 3.992
2017060117 6.399
2017060118 9.505
2017060119 14.291
2017060120 16.407
2017060121 15.705
2017060122 15.863
2017060123 14.613
2017060200 23.238
2017060201 22.694
2017060202 23.534
2017060203 24.625
2017060204 21.829
2017060205 15.425
2017060206 14.699
2017060207 8.87
2017060208 5.043
2017060209 2.703
2017060210 1.534
2017060211 1.294
2017060212 1.209
2017060213 1.337
2017060214 1.486
2017060215 1.875
2017060216 2.924
2017060217 3.93
2017060218 6.533
2017060219 9.736
2017060220 11.068
2017060221 12.885
2017060222 14.436
2017060223 14.854
2017060300 17.388
2017060301 17.79
2017060302 17.348
2017060303 16.784
2017060304 16.441
2017060305 13.043
2017060306 11.897
2017060307 10.108
2017060308 8.921
2017060309 5.306
2017060310 2.963
2017060311 1.712
2017060312 1.395
2017060313 1.294
2017060314 1.259
2017060315 1.387
2017060316 1.565
2017060317 1.877
2017060318 2.762
2017060319 4.861
2017060320 5.037
2017060321 5.004
2017060322 4.649
2017060323 4.707
2017060400 5.596
2017060401 5.404
2017060402 5.224
2017060403 5.471
2017060404 4.84
2017060405 3.878
2017060406 3.276
2017060407 2.624
2017060408 2.201
2017060409 1.866
2017060410 1.922
2017060411 2.133
2017060412 1.996
2017060413 2.383
2017060414 2.372
2017060415 2.574
2017060416 3.048
2017060417 3.552
2017060418 3.905
2017060419 5.9
2017060420 6.776
2017060421 7.894
2017060422 9.484
2017060423 10.768
2017060500 12.061
2017060501 12.192
2017060502 12.237
2017060503 13.318
2017060504 12.209
2017060505 9.244
2017060506 8.506
2017060507 5.37
2017060508 3.725
2017060509 3.02
2017060510 2.315
2017060511 1.694
2017060512 1.4
2017060513 1.311
2017060514 1.338
2017060515 1.521
2017060516 1.886
2017060517 2.22
2017060518 3.058
2017060519 3.836
2017060520 5.378
2017060521 5.95
2017060522 6.183
2017060523 6.244
2017060600 6.354
2017060601 7.029
2017060602 6.685
2017060603 6.432
2017060604 5.685
2017060605 4.697
2017060606 3.881
2017060607 3.113
2017060608 2.267
2017060609 1.557
2017060610 1.236
2017060611 1.186
2017060612 1.222
2017060613 1.306
2017060614 1.335
2017060615 1.418
2017060616 1.832
2017060617 2.531
2017060618 2.884
2017060619 3.63
2017060620 3.658
2017060621 3.231
2017060622 3.039
2017060623 3.03
2017060700 2.838
2017060701 3.429
2017060702 4.076
2017060703 4.324
2017060704 3.943
2017060705 3.466
2017060706 3.576
2017060707 3.925
2017060708 3.063
2017060709 2.273
2017060710 1.706
2017060711 1.602
2017060712 1.684
2017060713 1.701
2017060714 1.884
2017060715 2.192
2017060716 3.451
2017060717 3.56
2017060718 3.526
2017060719 3.474
2017060720 3.819
2017060721 4.605
2017060722 4.862
2017060723 5.759
2017060800 5.357
2017060801 5.469
2017060802 5.785
2017060803 5.88
2017060804 5.007
2017060805 3.986
2017060806 3.78
2017060807 3.58
2017060808 3.204
2017060809 2.356
2017060810 1.886
2017060811 1.642
2017060812 1.438
2017060813 1.501
2017060814 1.539
2017060815 1.823
2017060816 2.513
2017060817 3.422
2017060818 5.59
2017060819 7.095
2017060820 7.74
2017060821 7.646
2017060822 7.336
2017060823 6.967
2017060900 6.45
2017060901 6.034
2017060902 6.142
2017060903 6.489
2017060904 6.372
2017060905 4.082
2017060906 3.737
2017060907 2.868
2017060908 2.077
2017060909 1.394
2017060910 1.167
2017060911 1.064
2017060912 1.055
2017060913 1.095
2017060914 1.164
2017060915 1.331
2017060916 1.722
2017060917 2.155
2017060918 2.701
2017060919 3.88
2017060920 4.642
2017060921 4.762
2017060922 4.876
2017060923 6.165
2017061000 7.854
2017061001 8.534
2017061002 8.67
2017061003 8.256
2017061004 7.255
2017061005 5.588
2017061006 4.715
2017061007 3.424
2017061008 3.088
2017061009 2.9
2017061010 2.188
2017061011 1.651
2017061012 1.492
2017061013 1.628
2017061014 1.808
2017061015 2.027
2017061016 2.476
2017061017 4.032
2017061018 6.176
2017061019 9.729
2017061020 10.688
2017061021 11.658
2017061022 12.94
2017061023 13.551
