2017060100 161.598
2017060101 161.897
2017060102 164.291
2017060103 167.308
2017060104 170.311
2017060105 158.788
2017060106 160.354
2017060107 161.602
2017060108 151.841
2017060109 149.99
2017060110 144.221
2017060111 141.673
2017060112 141.464
2017060113 142.676
2017060114 144.373
2017060115 148.087
2017060116 153.301
2017060117 158.033
2017060118 158.363
2017060119 165.394
2017060120 162.835
2017060121 160.73
2017060122 165.608
2017060123 167.253
2017060200 165.805
2017060201 162.941
2017060202 162.182
2017060203 162.185
2017060204 160.649
2017060205 151.111
2017060206 151.26
2017060207 156.36
2017060208 154.277
2017060209 141.75
2017060210 137.453
2017060211 132.738
2017060212 130.762
2017060213 130.164
2017060214 130.22
2017060215 131.193
2017060216 135.936
2017060217 138.481
2017060218 145.678
2017060219 142.785
2017060220 143.888
2017060221 151.316
2017060222 153.124
2017060223 156.788
2017060300 154.447
2017060301 153.842
2017060302 155.311
2017060303 156.252
2017060304 158.618
2017060305 149.25
2017060306 149.59
2017060307 148.63
2017060308 145.803
2017060309 135.949
2017060310 132.838
2017060311 131.535
2017060312 126.924
2017060313 122.891
2017060314 123.356
2017060315 124.175
2017060316 127.08
2017060317 130.978
2017060318 135.81
2017060319 139.652
2017060320 140.569
2017060321 144.586
2017060322 137.989
2017060323 132.806
2017060400 128.174
2017060401 130.435
2017060402 131.438
2017060403 130.689
2017060404 128.429
2017060405 128.352
2017060406 120.924
2017060407 111.115
2017060408 106.355
2017060409 107.245
2017060410 111.768
2017060411 110.209
2017060412 110.331
2017060413 109.35
2017060414 108.706
2017060415 108.721
2017060416 109.988
2017060417 114.349
2017060418 121.709
2017060419 125.312
2017060420 128.1
2017060421 124.228
2017060422 122.947
2017060423 123.408
2017060500 124.354
2017060501 125.383
2017060502 129.109
2017060503 132.654
2017060504 135.467
2017060505 133.201
2017060506 141.345
2017060507 146.17
2017060508 138.739
2017060509 142.74
2017060510 136.104
2017060511 130.043
2017060512 129.914
2017060513 130.666
2017060514 130.151
2017060515 131.336
2017060516 132.41
2017060517 133.508
2017060518 136.172
2017060519 138.07
2017060520 142.857
2017060521 147.511
2017060522 148.904
2017060523 152.491
2017060600 150.53
2017060601 148.584
2017060602 147.412
2017060603 145.183
2017060604 141.214
2017060605 133.049
2017060606 126.895
2017060607 121.878
2017060608 129.9
2017060609 114.247
2017060610 110.928
2017060611 111.069
2017060612 109.241
2017060613 104.201
2017060614 101.583
2017060615 99.755
2017060616 99.327
2017060617 100.884
2017060618 101.866
2017060619 102.291
2017060620 103.608
2017060621 102.995
2017060622 103.971
2017060623 104.535
2017060700 106.519
2017060701 105.033
2017060702 103.458
2017060703 103.549
2017060704 105.258
2017060705 103.282
2017060706 101.229
2017060707 101.755
2017060708 103.026
2017060709 101.947
2017060710 98.949
2017060711 97.278
2017060712 96.513
2017060713 96.403
2017060714 97.285
2017060715 97.968
2017060716 99.152
2017060717 101.924
2017060718 106.339
2017060719 111.708
2017060720 114.539
2017060721 114.815
2017060722 116.385
2017060723 117.469
2017060800 122.291
2017060801 121.092
2017060802 119.927
2017060803 121.258
2017060804 122.341
2017060805 123.515
2017060806 128.152
2017060807 131.221
2017060808 133.641
2017060809 122.86
2017060810 119.202
2017060811 121.498
2017060812 119.619
2017060813 115.184
2017060814 116.205
2017060815 120.091
2017060816 125.981
2017060817 129.65
2017060818 129.68
2017060819 137.715
2017060820 141.705
2017060821 141.309
2017060822 136.62
2017060823 135.86
2017060900 136.476
2017060901 134.439
2017060902 133.777
2017060903 133.302
2017060904 134.83
2017060905 142.68
2017060906 147.975
2017060907 149.127
2017060908 139.534
2017060909 131.952
2017060910 129.298
2017060911 126.607
2017060912 121.518
2017060913 121.373
2017060914 122.334
2017060915 116.87
2017060916 117.682
2017060917 119.707
2017060918 123.753
2017060919 128.301
2017060920 130.452
2017060921 132.703
2017060922 133.611
2017060923 133.643
2017061000 123.983
2017061001 124.886
2017061002 126.313
2017061003 129.27
2017061004 129.441
2017061005 129.005
2017061006 134.829
2017061007 134.347
2017061008 140.92
2017061009 124.23
2017061010 120.935
2017061011 113.979
2017061012 111.21
2017061013 108.423
2017061014 107.842
2017061015 108.915
2017061016 111.233
2017061017 114.885
2017061018 118.473
2017061019 121.774
2017061020 130.425
2017061021 143.764
2017061022 139.994
2017061023 135.489
