2017060100 12.918
2017060101 11.911
2017060102 11.704
2017060103 11.715
2017060104 10.265
2017060105 8.984
2017060106 10.245
2017060107 8.817
2017060108 4.664
2017060109 3.83
2017060110 3.234
2017060111 2.836
2017060112 2.478
2017060113 2.918
2017060114 3.188
2017060115 3.745
2017060116 8.859
2017060117 11.36
2017060118 15.737
2017060119 19.626
2017060120 18.858
2017060121 24.365
2017060122 29.704
2017060123 26.515
2017060200 22.589
2017060201 21.356
2017060202 19.387
2017060203 17.875
2017060204 15.769
2017060205 17.135
2017060206 16.775
2017060207 10.922
2017060208 8.653
2017060209 6.18
2017060210 4.421
2017060211 3.831
2017060212 3.737
2017060213 3.43
2017060214 3.718
2017060215 4.465
2017060216 13.057
2017060217 16.879
2017060218 22.318
2017060219 33.452
2017060220 36.691
2017060221 40.749
2017060222 44.804
2017060223 41.467
2017060300 34.714
2017060301 33.642
2017060302 30.993
2017060303 30.633
2017060304 35.097
2017060305 31.238
2017060306 27.848
2017060307 21.866
2017060308 18.635
2017060309 14.425
2017060310 9.151
2017060311 6.263
2017060312 4.07
2017060313 3.934
2017060314 4.525
2017060315 5.472
2017060316 6.767
2017060317 8.216
2017060318 10.462
2017060319 14.187
2017060320 16.555
2017060321 18.797
2017060322 17.819
2017060323 15.764
2017060400 18.874
2017060401 16.927
2017060402 14.444
2017060403 12.804
2017060404 11.492
2017060405 9.643
2017060406 8.043
2017060407 5.093
2017060408 3.329
2017060409 2.521
2017060410 2.606
2017060411 2.819
2017060412 2.634
2017060413 3.093
2017060414 3.726
2017060415 4.666
2017060416 5.627
2017060417 6.893
2017060418 7.77
2017060419 8.631
2017060420 9.191
2017060421 9.671
2017060422 10.793
2017060423 11.088
2017060500 10.976
2017060501 11.367
2017060502 13.042
2017060503 14.96
2017060504 14.159
2017060505 9.29
2017060506 10.174
2017060507 10.229
2017060508 7.336
2017060509 7.304
2017060510 6.113
2017060511 6.084
2017060512 5.711
2017060513 5.714
2017060514 5.873
2017060515 7.577
2017060516 11.933
2017060517 14.276
2017060518 17.039
2017060519 16.331
2017060520 14.763
2017060521 13.974
2017060522 14.344
2017060523 15.15
2017060600 14.348
2017060601 14.877
2017060602 14.586
2017060603 13.597
2017060604 10.483
2017060605 9.978
2017060606 9.161
2017060607 6.589
2017060608 3.674
2017060609 3.352
2017060610 3.033
2017060611 2.82
2017060612 2.659
2017060613 2.974
2017060614 3.222
2017060615 4.259
2017060616 6.234
2017060617 6.813
2017060618 7.233
2017060619 8.256
2017060620 8.056
2017060621 8.538
2017060622 8.69
2017060623 8.348
2017060700 7.744
2017060701 8.121
2017060702 8.286
2017060703 9.522
2017060704 9.449
2017060705 8.583
2017060706 8.431
2017060707 6.127
2017060708 3.054
2017060709 2.756
2017060710 2.214
2017060711 2.2
2017060712 1.976
2017060713 2.178
2017060714 2.351
2017060715 2.955
2017060716 6.966
2017060717 9.425
2017060718 11.841
2017060719 12.167
2017060720 10.908
2017060721 9.894
2017060722 9.456
2017060723 10.052
2017060800 10.969
2017060801 11.17
2017060802 12.12
2017060803 12.511
2017060804 13.68
2017060805 11.816
2017060806 12.053
2017060807 10.295
2017060808 6.136
2017060809 5.429
2017060810 4.783
2017060811 4.589
2017060812 4.048
2017060813 4.269
2017060814 4.289
2017060815 5.037
2017060816 12.364
2017060817 15.886
2017060818 20.265
2017060819 24.993
2017060820 24.769
2017060821 24.767
2017060822 23.228
2017060823 19.581
2017060900 24.151
2017060901 21.55
2017060902 18.967
2017060903 17.509
2017060904 16.989
2017060905 17.213
2017060906 16.932
2017060907 14.088
2017060908 7.727
2017060909 5.015
2017060910 3.501
2017060911 3.034
2017060912 2.974
2017060913 3.699
2017060914 3.703
2017060915 4.414
2017060916 9.472
2017060917 11.957
2017060918 16.549
2017060919 17.284
2017060920 17.577
2017060921 16.264
2017060922 13.415
2017060923 12.138
2017061000 15.681
2017061001 13.498
2017061002 14.671
2017061003 13.659
2017061004 13.234
2017061005 12.327
2017061006 14.794
2017061007 12.989
2017061008 10.254
2017061009 8.185
2017061010 5.203
2017061011 3.972
2017061012 3.53
2017061013 4.002
2017061014 4.208
2017061015 4.124
2017061016 5.176
2017061017 6.779
2017061018 8.896
2017061019 11.697
2017061020 13.5
2017061021 13.781
2017061022 13.944
2017061023 14.805
