2017060100 14.011
2017060101 15.826
2017060102 15.788
2017060103 16.499
2017060104 15.306
2017060105 11.578
2017060106 11.291
2017060107 10.28
2017060108 7.159
2017060109 5.46
2017060110 4.153
2017060111 3.692
2017060112 3.586
2017060113 3.736
2017060114 3.962
2017060115 4.717
2017060116 6.006
2017060117 7.29
2017060118 8.551
2017060119 11.766
2017060120 11.942
2017060121 11.544
2017060122 12.662
2017060123 12.685
2017060200 13.331
2017060201 12.793
2017060202 13.534
2017060203 14.003
2017060204 14.778
2017060205 11.988
2017060206 12.762
2017060207 11.509
2017060208 8.69
2017060209 7.061
2017060210 4.723
2017060211 3.944
2017060212 3.419
2017060213 3.663
2017060214 3.963
2017060215 4.351
2017060216 6.269
2017060217 7.372
2017060218 8.415
2017060219 14.284
2017060220 15.84
2017060221 15.76
2017060222 13.477
2017060223 12.874
2017060300 12.954
2017060301 13.318
2017060302 14.155
2017060303 14.348
2017060304 12.508
2017060305 11.236
2017060306 9.81
2017060307 5.701
2017060308 4.094
2017060309 3.495
2017060310 3.077
2017060311 2.594
2017060312 2.368
2017060313 2.41
2017060314 2.333
2017060315 2.351
2017060316 3.277
2017060317 4.192
2017060318 5.652
2017060319 7.267
2017060320 8.526
2017060321 8.167
2017060322 8.482
2017060323 8.459
2017060400 9.335
2017060401 9.046
2017060402 8.944
2017060403 8.834
2017060404 9.054
2017060405 9.631
2017060406 8.716
2017060407 7.747
2017060408 5.264
2017060409 3.656
2017060410 3.052
2017060411 2.97
2017060412 3.402
2017060413 3.801
2017060414 3.389
2017060415 3.696
2017060416 4.132
2017060417 5.147
2017060418 6.563
2017060419 9.951
2017060420 13.462
2017060421 15.218
2017060422 15.84
2017060423 16.646
2017060500 12.659
2017060501 11.29
2017060502 11.105
2017060503 11.51
2017060504 11.747
2017060505 11.305
2017060506 11.486
2017060507 10.948
2017060508 6.696
2017060509 4.847
2017060510 3.482
2017060511 3.113
2017060512 3.169
2017060513 3.472
2017060514 3.476
2017060515 3.997
2017060516 5.212
2017060517 6.188
2017060518 7.115
2017060519 11.96
2017060520 10.367
2017060521 8.781
2017060522 10.045
2017060523 9.36
2017060600 6.477
2017060601 6.308
2017060602 7.234
2017060603 9.709
2017060604 10.959
2017060605 10.689
2017060606 10.635
2017060607 10.078
2017060608 8.294
2017060609 5.203
2017060610 3.464
2017060611 2.994
2017060612 2.781
2017060613 3.001
2017060614 3.294
2017060615 4.315
2017060616 4.986
2017060617 5.016
2017060618 4.801
2017060619 4.898
2017060620 4.811
2017060621 4.776
2017060622 4.44
2017060623 4.469
2017060700 4.542
2017060701 4.203
2017060702 4.034
2017060703 3.908
2017060704 3.843
2017060705 3.612
2017060706 3.34
2017060707 2.762
2017060708 2.188
2017060709 1.822
2017060710 1.65
2017060711 1.625
2017060712 1.627
2017060713 1.85
2017060714 2.119
2017060715 2.663
2017060716 2.871
2017060717 3.1
2017060718 3.397
2017060719 4.528
2017060720 4.964
2017060721 5.047
2017060722 5.381
2017060723 5.259
2017060800 6.584
2017060801 6.816
2017060802 7.005
2017060803 7.144
2017060804 7.261
2017060805 6.074
2017060806 5.827
2017060807 4.58
2017060808 3.503
2017060809 2.777
2017060810 2.291
2017060811 2.393
2017060812 2.361
2017060813 2.548
2017060814 2.605
2017060815 3.217
2017060816 4.875
2017060817 5.283
2017060818 7.28
2017060819 11.361
2017060820 11.833
2017060821 12.727
2017060822 13.135
2017060823 12.707
2017060900 9.89
2017060901 9.302
2017060902 9.373
2017060903 9.592
2017060904 9.214
2017060905 8.773
2017060906 8.053
2017060907 6.499
2017060908 4.138
2017060909 3.047
2017060910 2.409
2017060911 2.402
2017060912 2.329
2017060913 2.743
2017060914 3.032
2017060915 3.401
2017060916 4.955
2017060917 6.15
2017060918 7.32
2017060919 8.762
2017060920 8.015
2017060921 7.566
2017060922 6.742
2017060923 6.707
2017061000 7.468
2017061001 7.204
2017061002 7.207
2017061003 7.776
2017061004 8.459
2017061005 8.4
2017061006 8.311
2017061007 6.54
2017061008 5.148
2017061009 4.386
2017061010 3.484
2017061011 3.053
2017061012 2.77
2017061013 3.05
2017061014 2.833
2017061015 3.045
2017061016 4.235
2017061017 5.12
2017061018 5.469
2017061019 9.338
2017061020 12.771
2017061021 15.667
2017061022 14.979
2017061023 17.02
