2017060100 189.58
2017060101 181.918
2017060102 178.681
2017060103 172.684
2017060104 166.508
2017060105 156.042
2017060106 162.03
2017060107 167.157
2017060108 170.46
2017060109 146.05
2017060110 142.594
2017060111 138.983
2017060112 136.495
2017060113 135.987
2017060114 137.05
2017060115 141.03
2017060116 151.39
2017060117 158.586
2017060118 170.359
2017060119 177.853
2017060120 178.828
2017060121 181.316
2017060122 179.749
2017060123 181.068
2017060200 211.032
2017060201 220.558
2017060202 228.11
2017060203 223.82
2017060204 223.404
2017060205 210.079
2017060206 212.06
2017060207 202.113
2017060208 192.675
2017060209 166.195
2017060210 154.189
2017060211 149.159
2017060212 149.902
2017060213 152.575
2017060214 151.365
2017060215 151.828
2017060216 164.45
2017060217 178.216
2017060218 186.978
2017060219 209.683
2017060220 207.392
2017060221 211.359
2017060222 216.145
2017060223 211.032
2017060300 199.179
2017060301 203.94
2017060302 209.188
2017060303 217.096
2017060304 214.45
2017060305 210.488
2017060306 209.288
2017060307 201.108
2017060308 198.061
2017060309 184.701
2017060310 172.359
2017060311 161.863
2017060312 154.811
2017060313 150.908
2017060314 149.784
2017060315 150.457
2017060316 156.617
2017060317 154.336
2017060318 155.424
2017060319 165.894
2017060320 174.289
2017060321 188.758
2017060322 192.436
2017060323 191.035
2017060400 193.105
2017060401 195.478
2017060402 197.59
2017060403 197.505
2017060404 198.403
2017060405 174.419
2017060406 176.465
2017060407 169.276
2017060408 161.281
2017060409 154.689
2017060410 158.249
2017060411 159.698
2017060412 162.605
2017060413 163.377
2017060414 154.576
2017060415 160.221
2017060416 170.909
2017060417 171.113
2017060418 172.324
2017060419 183.616
2017060420 194.522
2017060421 200.541
2017060422 198.578
2017060423 196.888
2017060500 173.304
2017060501 174.695
2017060502 177.876
2017060503 181.172
2017060504 163.611
2017060505 166.34
2017060506 183.09
2017060507 164.518
2017060508 167.812
2017060509 162.577
2017060510 166.648
2017060511 150.886
2017060512 149.706
2017060513 147.939
2017060514 142.945
2017060515 140.497
2017060516 141.206
2017060517 142.669
2017060518 144.75
2017060519 159.874
2017060520 159.523
2017060521 161.808
2017060522 161.394
2017060523 164.42
2017060600 160.202
2017060601 167.558
2017060602 169.492
2017060603 165.854
2017060604 171.278
2017060605 164.974
2017060606 172.346
2017060607 161.918
2017060608 143.521
2017060609 133.106
2017060610 128.512
2017060611 127.376
2017060612 125.853
2017060613 127.069
2017060614 125.244
2017060615 124.555
2017060616 128.181
2017060617 128.085
2017060618 128.364
2017060619 137.804
2017060620 131.977
2017060621 129.271
2017060622 128.041
2017060623 127.553
2017060700 126.48
2017060701 127.015
2017060702 129.012
2017060703 128.714
2017060704 129.356
2017060705 129.23
2017060706 136.969
2017060707 131.185
2017060708 130.54
2017060709 127.571
2017060710 125.414
2017060711 125.077
2017060712 124.188
2017060713 124.008
2017060714 124.092
2017060715 126.673
2017060716 129.696
2017060717 133.967
2017060718 132.13
2017060719 130.263
2017060720 129.528
2017060721 129.894
2017060722 131.469
2017060723 131.154
2017060800 133.848
2017060801 136.211
2017060802 139.608
2017060803 141.662
2017060804 139.312
2017060805 138.544
2017060806 143.575
2017060807 146.832
2017060808 144.114
2017060809 134.164
2017060810 132.478
2017060811 134.481
2017060812 136.995
2017060813 139.331
2017060814 141.516
2017060815 146.432
2017060816 159.962
2017060817 174.229
2017060818 186.91
2017060819 197.444
2017060820 194.818
2017060821 196.202
2017060822 195.639
2017060823 190.435
2017060900 193.293
2017060901 184.59
2017060902 190.53
2017060903 193.98
2017060904 197.839
2017060905 184.297
2017060906 168.15
2017060907 162.878
2017060908 151.347
2017060909 137.568
2017060910 132.087
2017060911 125.801
2017060912 125.039
2017060913 124.779
2017060914 125.551
2017060915 129.037
2017060916 130.446
2017060917 131.803
2017060918 135.28
2017060919 151.796
2017060920 154.323
2017060921 153.404
2017060922 155.093
2017060923 155.094
2017061000 152.91
2017061001 148.071
2017061002 149.244
2017061003 144.088
2017061004 143.423
2017061005 140.341
2017061006 148.033
2017061007 141.72
2017061008 141.865
2017061009 137.62
2017061010 135.151
2017061011 129.222
2017061012 128.096
2017061013 127.635
2017061014 129.159
2017061015 130.074
2017061016 140.714
2017061017 142.749
2017061018 143.268
2017061019 151.119
2017061020 157.882
2017061021 164.432
2017061022 167.505
2017061023 169.429
