2017060100 14.76
2017060101 14.356
2017060102 13.923
2017060103 12.839
2017060104 10.839
2017060105 9.173
2017060106 11.166
2017060107 12.822
2017060108 13.792
2017060109 8.834
2017060110 7.169
2017060111 5.918
2017060112 5.783
2017060113 6.15
2017060114 6.43
2017060115 7.384
2017060116 11.371
2017060117 13.086
2017060118 18.464
2017060119 22.91
2017060120 22.537
2017060121 21.094
2017060122 21.669
2017060123 23.14
2017060200 28.589
2017060201 30.983
2017060202 31.755
2017060203 30.179
2017060204 23.512
2017060205 19.225
2017060206 20.258
2017060207 18.259
2017060208 16.624
2017060209 13.843
2017060210 9.413
2017060211 7.31
2017060212 6.675
2017060213 6.62
2017060214 6.935
2017060215 8.183
2017060216 11.041
2017060217 14.508
2017060218 17.917
2017060219 21.032
2017060220 26.608
2017060221 29.67
2017060222 29.015
2017060223 27.639
2017060300 25.731
2017060301 26.203
2017060302 23.814
2017060303 23.706
2017060304 23.911
2017060305 16.892
2017060306 16.293
2017060307 14.029
2017060308 13.55
2017060309 11.56
2017060310 9.285
2017060311 7.255
2017060312 6.101
2017060313 5.57
2017060314 5.587
2017060315 4.74
2017060316 5.974
2017060317 6.58
2017060318 7.633
2017060319 9.759
2017060320 12.756
2017060321 15.098
2017060322 15.309
2017060323 14.125
2017060400 14.161
2017060401 17.579
2017060402 15.508
2017060403 14.366
2017060404 13.643
2017060405 10.076
2017060406 9.611
2017060407 7.7
2017060408 6.714
2017060409 6.336
2017060410 5.575
2017060411 5.103
2017060412 4.208
2017060413 3.682
2017060414 3.834
2017060415 4.573
2017060416 6.558
2017060417 7.668
2017060418 9.129
2017060419 11.232
2017060420 11.355
2017060421 11.866
2017060422 12.8
2017060423 12.423
2017060500 13.484
2017060501 14.063
2017060502 14.979
2017060503 16.036
2017060504 14.645
2017060505 12.019
2017060506 13.99
2017060507 13.779
2017060508 12.231
2017060509 10.235
2017060510 9.559
2017060511 8.232
2017060512 7.408
2017060513 6.541
2017060514 6.241
2017060515 7.038
2017060516 9.186
2017060517 10.827
2017060518 11.642
2017060519 15.99
2017060520 14.302
2017060521 15.573
2017060522 17.264
2017060523 16.936
2017060600 15.19
2017060601 14.432
2017060602 15.643
2017060603 17.441
2017060604 13.707
2017060605 12.51
2017060606 12.359
2017060607 10.877
2017060608 8.32
2017060609 5.515
2017060610 4.679
2017060611 3.894
2017060612 4.695
2017060613 4.298
2017060614 4.225
2017060615 5.307
2017060616 6.453
2017060617 7.283
2017060618 6.843
2017060619 7.03
2017060620 6.097
2017060621 5.979
2017060622 5.618
2017060623 5.158
2017060700 5.184
2017060701 5.232
2017060702 4.99
2017060703 5.233
2017060704 5.793
2017060705 5.46
2017060706 6.322
2017060707 7.264
2017060708 6.181
2017060709 5.311
2017060710 4.634
2017060711 4.073
2017060712 3.494
2017060713 3.733
2017060714 3.917
2017060715 4.852
2017060716 8.644
2017060717 8.671
2017060718 9.151
2017060719 9.542
2017060720 9.567
2017060721 10.173
2017060722 10.958
2017060723 10.882
2017060800 8.794
2017060801 8.456
2017060802 8.361
2017060803 8.47
2017060804 7.33
2017060805 6.726
2017060806 8.226
2017060807 8.234
2017060808 7.595
2017060809 5.546
2017060810 5.255
2017060811 5.024
2017060812 5.269
2017060813 5.823
2017060814 6.25
2017060815 7.162
2017060816 13.172
2017060817 19.39
2017060818 25.212
2017060819 30.225
2017060820 29.911
2017060821 29.455
2017060822 23.956
2017060823 20.617
2017060900 23.029
2017060901 21.703
2017060902 21.403
2017060903 22.078
2017060904 20.758
2017060905 13.114
2017060906 13.981
2017060907 11.68
2017060908 8.559
2017060909 5.212
2017060910 4.257
2017060911 3.544
2017060912 3.693
2017060913 4.024
2017060914 4.28
2017060915 4.928
2017060916 8.062
2017060917 7.607
2017060918 9.317
2017060919 11.782
2017060920 12.231
2017060921 13.882
2017060922 14.308
2017060923 14.271
2017061000 11.387
2017061001 10.446
2017061002 10.041
2017061003 9.672
2017061004 9.665
2017061005 8.182
2017061006 8.186
2017061007 7.076
2017061008 7.354
2017061009 6.074
2017061010 5.077
2017061011 4.253
2017061012 3.64
2017061013 3.389
2017061014 3.424
2017061015 3.939
2017061016 5.659
2017061017 6.907
2017061018 8.29
2017061019 13.857
2017061020 15.032
2017061021 14.89
2017061022 17.558
2017061023 17.903
