2017060100 9.827
2017060101 9.676
2017060102 9.561
2017060103 9.618
2017060104 7.198
2017060105 5.519
2017060106 4.601
2017060107 3.43
2017060108 2.343
2017060109 1.524
2017060110 1.205
2017060111 1.07
2017060112 1.029
2017060113 1.135
2017060114 1.245
2017060115 1.425
2017060116 2.162
2017060117 3.515
2017060118 5.208
2017060119 8.02
2017060120 8.654
2017060121 8.094
2017060122 8.384
2017060123 8.532
2017060200 9.96
2017060201 9.511
2017060202 8.909
2017060203 9.228
2017060204 10.211
2017060205 7.362
2017060206 7.774
2017060207 7.284
2017060208 6.918
2017060209 4.73
2017060210 2.692
2017060211 1.909
2017060212 1.552
2017060213 1.429
2017060214 1.6
2017060215 1.972
2017060216 3.372
2017060217 3.647
2017060218 5.847
2017060219 7.494
2017060220 8.813
2017060221 8.109
2017060222 7.593
2017060223 7.658
2017060300 7.586
2017060301 7.267
2017060302 8.439
2017060303 8.842
2017060304 8.162
2017060305 6.181
2017060306 6.053
2017060307 4.789
2017060308 3.611
2017060309 2.854
2017060310 1.835
2017060311 1.365
2017060312 1.203
2017060313 1.264
2017060314 1.382
2017060315 1.464
2017060316 2.26
2017060317 3.265
2017060318 4.087
2017060319 4.738
2017060320 4.643
2017060321 4.861
2017060322 5.647
2017060323 6.196
2017060400 6.293
2017060401 6.331
2017060402 6.173
2017060403 6.013
2017060404 6.322
2017060405 5.346
2017060406 4.209
2017060407 4.155
2017060408 3.96
2017060409 3.295
2017060410 2.206
2017060411 1.87
2017060412 1.603
2017060413 1.599
2017060414 1.852
2017060415 2.176
2017060416 2.306
2017060417 2.81
2017060418 3.658
2017060419 5.335
2017060420 6.733
2017060421 8.134
2017060422 7.32
2017060423 6.833
2017060500 6.923
2017060501 7.587
2017060502 8.232
2017060503 9.182
2017060504 8.809
2017060505 6.997
2017060506 7.371
2017060507 5.69
2017060508 4.266
2017060509 2.923
2017060510 2.161
2017060511 1.616
2017060512 1.311
2017060513 1.291
2017060514 1.395
2017060515 1.575
2017060516 2.431
2017060517 3.22
2017060518 4.6
2017060519 5.079
2017060520 5.586
2017060521 6.137
2017060522 4.744
2017060523 4.971
2017060600 4.143
2017060601 4.498
2017060602 5.251
2017060603 5.764
2017060604 6.115
2017060605 6.62
2017060606 6.407
2017060607 5.803
2017060608 4.619
2017060609 3.294
2017060610 2.542
2017060611 2.285
2017060612 2.092
2017060613 2.172
2017060614 2.245
2017060615 2.634
2017060616 3.171
2017060617 3.764
2017060618 4.208
2017060619 5.348
2017060620 4.84
2017060621 4.052
2017060622 4.028
2017060623 4.916
2017060700 4.494
2017060701 4.733
2017060702 4.76
2017060703 4.79
2017060704 4.295
2017060705 3.324
2017060706 2.995
2017060707 2.42
2017060708 2.109
2017060709 1.529
2017060710 1.148
2017060711 1.016
2017060712 0.985
2017060713 1.181
2017060714 1.292
2017060715 1.496
2017060716 1.892
2017060717 2.327
2017060718 3.284
2017060719 4.629
2017060720 5.281
2017060721 5.404
2017060722 6.006
2017060723 6.199
2017060800 6.159
2017060801 6.163
2017060802 6.255
2017060803 6.754
2017060804 7.146
2017060805 6.409
2017060806 5.554
2017060807 4.596
2017060808 3.489
2017060809 2.541
2017060810 1.838
2017060811 1.514
2017060812 1.47
2017060813 1.481
2017060814 1.569
2017060815 1.8
2017060816 2.726
2017060817 4.373
2017060818 6.922
2017060819 9.143
2017060820 9.975
2017060821 9.717
2017060822 9.997
2017060823 9.3
2017060900 8.538
2017060901 8.346
2017060902 8.167
2017060903 7.909
2017060904 6.055
2017060905 4.978
2017060906 4.855
2017060907 3.455
2017060908 2.458
2017060909 1.602
2017060910 1.335
2017060911 1.295
2017060912 1.313
2017060913 1.388
2017060914 1.583
2017060915 1.875
2017060916 2.944
2017060917 4.201
2017060918 5.63
2017060919 7.17
2017060920 7.281
2017060921 6.358
2017060922 6.339
2017060923 7.601
2017061000 8.03
2017061001 8.567
2017061002 7.888
2017061003 8.102
2017061004 8.065
2017061005 6.539
2017061006 5.364
2017061007 3.857
2017061008 3.218
2017061009 2.482
2017061010 1.898
2017061011 1.333
2017061012 1.187
2017061013 1.22
2017061014 1.232
2017061015 1.318
2017061016 1.607
2017061017 2.079
2017061018 3.729
2017061019 6.265
2017061020 7.299
2017061021 6.875
2017061022 6.526
2017061023 6.862
