2017060100 190.623
2017060101 183.031
2017060102 169.97
2017060103 166.482
2017060104 155.816
2017060105 147.75
2017060106 140.307
2017060107 138.898
2017060108 139.059
2017060109 129.439
2017060110 128.192
2017060111 126.064
2017060112 123.834
2017060113 122.286
2017060114 121.314
2017060115 121.03
2017060116 121.734
2017060117 132.436
2017060118 144.45
2017060119 145.543
2017060120 149.796
2017060121 156.813
2017060122 147.838
2017060123 146.777
2017060200 187.774
2017060201 191.837
2017060202 192.607
2017060203 196.502
2017060204 191.039
2017060205 176.418
2017060206 171.665
2017060207 148.647
2017060208 132.808
2017060209 127.804
2017060210 126.352
2017060211 126.64
2017060212 125.828
2017060213 124.736
2017060214 124.47
2017060215 126.075
2017060216 129.182
2017060217 134.181
2017060218 151.624
2017060219 155.405
2017060220 157.483
2017060221 164.328
2017060222 167.305
2017060223 164.846
2017060300 175.925
2017060301 190.394
2017060302 201.595
2017060303 201.016
2017060304 188.416
2017060305 177.303
2017060306 179.592
2017060307 182.684
2017060308 176.231
2017060309 159.815
2017060310 147.053
2017060311 140.588
2017060312 139.075
2017060313 138.566
2017060314 138.569
2017060315 143.187
2017060316 140.946
2017060317 140.736
2017060318 143.078
2017060319 149.744
2017060320 153.244
2017060321 151.619
2017060322 149.583
2017060323 152.239
2017060400 157.886
2017060401 159.727
2017060402 161.04
2017060403 162.246
2017060404 159.6
2017060405 155.361
2017060406 154.996
2017060407 148.28
2017060408 141.142
2017060409 142.574
2017060410 140.393
2017060411 140.005
2017060412 140.734
2017060413 148.655
2017060414 142.854
2017060415 145.788
2017060416 149.662
2017060417 149.762
2017060418 158.732
2017060419 166.964
2017060420 177.085
2017060421 182.262
2017060422 172.466
2017060423 170.828
2017060500 164.657
2017060501 161.607
2017060502 162.206
2017060503 165.766
2017060504 155.367
2017060505 146.686
2017060506 148.417
2017060507 136.159
2017060508 129.779
2017060509 131.07
2017060510 131.725
2017060511 130.867
2017060512 126.578
2017060513 120.553
2017060514 118.924
2017060515 118.618
2017060516 121.436
2017060517 122.14
2017060518 122.473
2017060519 125.099
2017060520 127.18
2017060521 126.694
2017060522 126.051
2017060523 126.004
2017060600 135.747
2017060601 139.127
2017060602 142.848
2017060603 144.022
2017060604 139.251
2017060605 135.842
2017060606 132.852
2017060607 131.777
2017060608 128.945
2017060609 118.57
2017060610 109.44
2017060611 108.006
2017060612 105.525
2017060613 109.222
2017060614 107.292
2017060615 109.125
2017060616 110.933
2017060617 110.916
2017060618 109.072
2017060619 121.724
2017060620 124.431
2017060621 115.292
2017060622 110.96
2017060623 111.603
2017060700 113.775
2017060701 115.321
2017060702 116.22
2017060703 116.16
2017060704 115.763
2017060705 115.422
2017060706 116.942
2017060707 114.441
2017060708 113.513
2017060709 110.921
2017060710 111.183
2017060711 110.201
2017060712 110.064
2017060713 110.904
2017060714 110.824
2017060715 110.618
2017060716 112.503
2017060717 112.974
2017060718 112.371
2017060719 109.947
2017060720 109.488
2017060721 110.656
2017060722 117.971
2017060723 118.467
2017060800 116.95
2017060801 117.851
2017060802 117.368
2017060803 118.929
2017060804 124.87
2017060805 120.944
2017060806 117.582
2017060807 121.766
2017060808 126.475
2017060809 117.828
2017060810 116.572
2017060811 117.25
2017060812 119.26
2017060813 121.771
2017060814 122.222
2017060815 121.368
2017060816 122.869
2017060817 124.382
2017060818 129.371
2017060819 132.63
2017060820 135.503
2017060821 135.388
2017060822 132.226
2017060823 129.514
2017060900 123
2017060901 121.587
2017060902 123.901
2017060903 126.48
2017060904 124.162
2017060905 126.775
2017060906 136.267
2017060907 134.155
2017060908 129.598
2017060909 116.942
2017060910 117.109
2017060911 116.314
2017060912 115.048
2017060913 114.074
2017060914 113.868
2017060915 114.604
2017060916 115.813
2017060917 119.226
2017060918 121.861
2017060919 122.619
2017060920 124.848
2017060921 127.412
2017060922 127.393
2017060923 130.783
2017061000 136.054
2017061001 142.875
2017061002 143.203
2017061003 141.249
2017061004 133.694
2017061005 133.752
2017061006 125.422
2017061007 117.351
2017061008 117.948
2017061009 125.081
2017061010 129.939
2017061011 121.35
2017061012 117.059
2017061013 115.398
2017061014 113.951
2017061015 112.878
2017061016 120.036
2017061017 129.367
2017061018 136.665
2017061019 145.052
2017061020 152.052
2017061021 159.585
2017061022 163.203
2017061023 173.741
