2017060100 6.956
2017060101 7.575
2017060102 7.684
2017060103 7.712
2017060104 8.087
2017060105 7.978
2017060106 8.212
2017060107 6.177
2017060108 4.673
2017060109 3.135
2017060110 2.046
2017060111 1.69
2017060112 1.615
2017060113 1.688
2017060114 1.826
2017060115 2.126
2017060116 2.924
2017060117 3.673
2017060118 5.804
2017060119 9.018
2017060120 8.875
2017060121 9.353
2017060122 9.406
2017060123 9.042
2017060200 8.662
2017060201 7.907
2017060202 7.746
2017060203 7.977
2017060204 8.494
2017060205 8.337
2017060206 7.958
2017060207 6.867
2017060208 5.918
2017060209 4.174
2017060210 2.51
2017060211 1.959
2017060212 1.909
2017060213 1.945
2017060214 2.034
2017060215 2.276
2017060216 3.131
2017060217 4.421
2017060218 8.785
2017060219 16.311
2017060220 17.112
2017060221 12.787
2017060222 9.648
2017060223 8.755
2017060300 7.893
2017060301 7.779
2017060302 8.259
2017060303 8.661
2017060304 9.224
2017060305 8.261
2017060306 8.451
2017060307 6.177
2017060308 4.555
2017060309 2.615
2017060310 1.872
2017060311 1.513
2017060312 1.505
2017060313 1.472
2017060314 1.564
2017060315 1.711
2017060316 2.432
2017060317 3.15
2017060318 6.298
2017060319 7.011
2017060320 7.983
2017060321 8.447
2017060322 7.301
2017060323 7.226
2017060400 10.853
2017060401 10.817
2017060402 10.438
2017060403 9.669
2017060404 8.249
2017060405 5.656
2017060406 5.026
2017060407 4.184
2017060408 3.27
2017060409 2.777
2017060410 2.284
2017060411 1.805
2017060412 1.558
2017060413 1.583
2017060414 1.375
2017060415 1.483
2017060416 2.049
2017060417 2.813
2017060418 4.099
2017060419 6.789
2017060420 8.013
2017060421 8.542
2017060422 8.223
2017060423 7.856
2017060500 8.339
2017060501 8.504
2017060502 8.316
2017060503 8.148
2017060504 8.031
2017060505 7.011
2017060506 6.979
2017060507 4.766
2017060508 3.187
2017060509 2.23
2017060510 1.825
2017060511 1.69
2017060512 1.738
2017060513 2.067
2017060514 2.212
2017060515 2.423
2017060516 3.304
2017060517 4.349
2017060518 5.672
2017060519 7.624
2017060520 6.932
2017060521 6.825
2017060522 6.737
2017060523 6.275
2017060600 7.318
2017060601 7.22
2017060602 7.646
2017060603 8.156
2017060604 8.45
2017060605 6.452
2017060606 6.924
2017060607 5.982
2017060608 4.413
2017060609 2.952
2017060610 1.95
2017060611 1.654
2017060612 1.628
2017060613 1.678
2017060614 1.763
2017060615 1.988
2017060616 2.52
2017060617 2.809
2017060618 3.259
2017060619 3.632
2017060620 4.009
2017060621 3.985
2017060622 4.409
2017060623 4.134
2017060700 3.153
2017060701 3.263
2017060702 3.005
2017060703 3.122
2017060704 3.057
2017060705 2.634
2017060706 2.42
2017060707 2.107
2017060708 1.663
2017060709 1.136
2017060710 0.983
2017060711 0.982
2017060712 1.069
2017060713 1.186
2017060714 1.213
2017060715 1.311
2017060716 1.598
2017060717 1.913
2017060718 2.367
2017060719 3.272
2017060720 3.667
2017060721 3.894
2017060722 4.348
2017060723 4.603
2017060800 5.233
2017060801 5.306
2017060802 5.396
2017060803 5.592
2017060804 5.813
2017060805 5.039
2017060806 4.653
2017060807 3.555
2017060808 2.57
2017060809 1.889
2017060810 1.424
2017060811 1.434
2017060812 1.263
2017060813 1.338
2017060814 1.403
2017060815 1.682
2017060816 2.33
2017060817 3.077
2017060818 5.637
2017060819 7.329
2017060820 7.659
2017060821 7.358
2017060822 7.372
2017060823 7.042
2017060900 8.085
2017060901 8.603
2017060902 8.606
2017060903 8.923
2017060904 7.942
2017060905 6.386
2017060906 6.202
2017060907 5.221
2017060908 3.915
2017060909 2.507
2017060910 2.054
2017060911 1.74
2017060912 1.605
2017060913 1.472
2017060914 1.781
2017060915 1.946
2017060916 2.762
2017060917 3.578
2017060918 4.606
2017060919 6.108
2017060920 5.901
2017060921 6.366
2017060922 6.288
2017060923 6.352
2017061000 6.14
2017061001 5.98
2017061002 5.736
2017061003 5.961
2017061004 5.86
2017061005 4.86
2017061006 4.769
2017061007 3.186
2017061008 2.331
2017061009 1.753
2017061010 1.361
2017061011 1.253
2017061012 1.174
2017061013 1.154
2017061014 1.171
2017061015 1.227
2017061016 1.609
2017061017 2.106
2017061018 2.963
2017061019 4.495
2017061020 5.39
2017061021 5.942
2017061022 6.849
2017061023 7.784
