2017060100 8.446
2017060101 7.507
2017060102 7.224
2017060103 7.151
2017060104 6.981
2017060105 6.057
2017060106 6.108
2017060107 7.537
2017060108 5.251
2017060109 4.671
2017060110 3.646
2017060111 3.117
2017060112 2.639
2017060113 2.289
2017060114 2.331
2017060115 2.641
2017060116 3.528
2017060117 5
2017060118 6.447
2017060119 7.819
2017060120 7.202
2017060121 7.898
2017060122 9.163
2017060123 9.679
2017060200 7.651
2017060201 6.955
2017060202 6.213
2017060203 5.557
2017060204 4.904
2017060205 4.242
2017060206 4.282
2017060207 4.71
2017060208 4.439
2017060209 3.268
2017060210 2.395
2017060211 1.959
2017060212 1.765
2017060213 1.831
2017060214 1.799
2017060215 2.129
2017060216 3.186
2017060217 5.001
2017060218 7.748
2017060219 8.982
2017060220 10.046
2017060221 9.827
2017060222 8.754
2017060223 8.11
2017060300 8.831
2017060301 7.633
2017060302 7.126
2017060303 6.204
2017060304 5.388
2017060305 4.263
2017060306 4.134
2017060307 3.53
2017060308 2.697
2017060309 2.073
2017060310 1.573
2017060311 1.366
2017060312 1.259
2017060313 1.376
2017060314 1.709
2017060315 2.211
2017060316 3.58
2017060317 4.495
2017060318 4.422
2017060319 5.466
2017060320 6.367
2017060321 7.334
2017060322 7.564
2017060323 7.787
2017060400 8.879
2017060401 7.675
2017060402 7.899
2017060403 7.097
2017060404 5.934
2017060405 4.331
2017060406 3.76
2017060407 3.782
2017060408 3.639
2017060409 3.207
2017060410 2.682
2017060411 2.304
2017060412 1.829
2017060413 1.577
2017060414 1.326
2017060415 1.229
2017060416 1.628
2017060417 2.638
2017060418 3.766
2017060419 5.551
2017060420 6.055
2017060421 6.513
2017060422 7.008
2017060423 7.014
2017060500 6.92
2017060501 7.55
2017060502 8.084
2017060503 8.948
2017060504 9.61
2017060505 8.615
2017060506 8.405
2017060507 9.979
2017060508 9.485
2017060509 6.908
2017060510 5.037
2017060511 3.905
2017060512 3.011
2017060513 2.826
2017060514 2.952
2017060515 2.751
2017060516 3.513
2017060517 4.551
2017060518 5.751
2017060519 7.514
2017060520 7.384
2017060521 7.126
2017060522 7.216
2017060523 6.931
2017060600 6.887
2017060601 6.246
2017060602 5.695
2017060603 5.301
2017060604 4.951
2017060605 4.144
2017060606 4.248
2017060607 4.749
2017060608 5.256
2017060609 3.359
2017060610 1.903
2017060611 2.096
2017060612 1.332
2017060613 1.442
2017060614 1.318
2017060615 1.332
2017060616 1.646
2017060617 1.836
2017060618 1.935
2017060619 2.403
2017060620 3.007
2017060621 3.372
2017060622 3.537
2017060623 3.611
2017060700 3.163
2017060701 2.803
2017060702 2.804
2017060703 2.797
2017060704 2.973
2017060705 2.286
2017060706 2.271
2017060707 2.742
2017060708 2.772
2017060709 1.887
2017060710 1.352
2017060711 1.041
2017060712 0.971
2017060713 1.024
2017060714 1.101
2017060715 1.291
2017060716 1.598
2017060717 2.201
2017060718 2.756
2017060719 3.354
2017060720 5.135
2017060721 3.941
2017060722 4.216
2017060723 4.348
2017060800 4.47
2017060801 4.517
2017060802 4.233
2017060803 3.785
2017060804 3.929
2017060805 3.081
2017060806 3.615
2017060807 4.38
2017060808 5.002
2017060809 4.189
2017060810 2.749
2017060811 2.009
2017060812 1.527
2017060813 1.451
2017060814 1.514
2017060815 1.704
2017060816 2.648
2017060817 3.756
2017060818 5.545
2017060819 6.06
2017060820 5.674
2017060821 6.351
2017060822 6.818
2017060823 6.6
2017060900 5.634
2017060901 4.639
2017060902 4.317
2017060903 4.23
2017060904 4.343
2017060905 4.148
2017060906 4.065
2017060907 4.485
2017060908 3.808
2017060909 2.932
2017060910 2.252
2017060911 1.828
2017060912 1.56
2017060913 1.793
2017060914 2.056
2017060915 2.368
2017060916 3.368
2017060917 4.694
2017060918 5.538
2017060919 5.463
2017060920 6.46
2017060921 7.376
2017060922 7.905
2017060923 8.359
2017061000 8.886
2017061001 9.064
2017061002 8.783
2017061003 8.194
2017061004 8.489
2017061005 6.979
2017061006 5.676
2017061007 4.934
2017061008 3.747
2017061009 3.03
2017061010 2.188
2017061011 1.792
2017061012 1.482
2017061013 1.333
2017061014 1.337
2017061015 1.449
2017061016 2.128
2017061017 2.944
2017061018 4.601
2017061019 6.117
2017061020 7.113
2017061021 7.361
2017061022 6.749
2017061023 7.06
