2017060100 188.591
2017060101 186.28
2017060102 182.325
2017060103 183.877
2017060104 194.527
2017060105 164.676
2017060106 181.919
2017060107 193.89
2017060108 150.782
2017060109 150.713
2017060110 149.549
2017060111 145.938
2017060112 144.483
2017060113 145.028
2017060114 144.562
2017060115 144.275
2017060116 174.628
2017060117 191.756
2017060118 206.039
2017060119 234.326
2017060120 279.813
2017060121 307.493
2017060122 308.88
2017060123 325.999
2017060200 346.895
2017060201 307.852
2017060202 279.956
2017060203 280.241
2017060204 303.427
2017060205 277.171
2017060206 255.245
2017060207 198.499
2017060208 195.053
2017060209 186.219
2017060210 179.697
2017060211 173.671
2017060212 170.241
2017060213 169.426
2017060214 172.931
2017060215 179.9
2017060216 229.237
2017060217 259.097
2017060218 262.262
2017060219 294.539
2017060220 331.765
2017060221 350.86
2017060222 367.425
2017060223 386.739
2017060300 363.406
2017060301 374.692
2017060302 363.598
2017060303 345.182
2017060304 369.022
2017060305 319.35
2017060306 343.808
2017060307 264.841
2017060308 259.484
2017060309 226.871
2017060310 184.049
2017060311 176.665
2017060312 170.452
2017060313 171.411
2017060314 166.785
2017060315 164.495
2017060316 170.298
2017060317 178.015
2017060318 187.612
2017060319 201.834
2017060320 203.658
2017060321 210.098
2017060322 216.419
2017060323 217.416
2017060400 245.934
2017060401 255.444
2017060402 243.163
2017060403 217.383
2017060404 198.318
2017060405 190.566
2017060406 195.573
2017060407 149.658
2017060408 148.373
2017060409 149.852
2017060410 149.319
2017060411 150.078
2017060412 149.749
2017060413 142.579
2017060414 156.348
2017060415 167.89
2017060416 168.675
2017060417 165.451
2017060418 161.425
2017060419 179.059
2017060420 195.241
2017060421 184.848
2017060422 184.161
2017060423 189.615
2017060500 201.658
2017060501 214.483
2017060502 230.154
2017060503 251.056
2017060504 246.314
2017060505 174.814
2017060506 191.819
2017060507 183.549
2017060508 167.878
2017060509 166.697
2017060510 156.679
2017060511 155.189
2017060512 157.309
2017060513 158.414
2017060514 160.733
2017060515 175.462
2017060516 212.939
2017060517 225.503
2017060518 215.004
2017060519 197.954
2017060520 190.468
2017060521 187.249
2017060522 192.381
2017060523 207.209
2017060600 230.01
2017060601 242.638
2017060602 242.933
2017060603 244.087
2017060604 234.245
2017060605 201.05
2017060606 195.572
2017060607 172.405
2017060608 143.281
2017060609 143.481
2017060610 141.327
2017060611 140.193
2017060612 138.808
2017060613 138.02
2017060614 136.95
2017060615 148.87
2017060616 154.048
2017060617 146.543
2017060618 154.053
2017060619 153.638
2017060620 158.476
2017060621 155.476
2017060622 139.445
2017060623 146.156
2017060700 157.226
2017060701 166.412
2017060702 174.498
2017060703 175.817
2017060704 185.155
2017060705 142.292
2017060706 152.211
2017060707 134.394
2017060708 134.316
2017060709 135.154
2017060710 132.231
2017060711 130.289
2017060712 129.881
2017060713 131.226
2017060714 131.465
2017060715 130.927
2017060716 162.185
2017060717 184.324
2017060718 193.956
2017060719 163.747
2017060720 188.676
2017060721 165.174
2017060722 163.276
2017060723 171.15
2017060800 192.527
2017060801 197.675
2017060802 204.683
2017060803 211.426
2017060804 218.797
2017060805 195.477
2017060806 209.605
2017060807 198.417
2017060808 162.077
2017060809 166.599
2017060810 162.366
2017060811 160.613
2017060812 158.682
2017060813 160.342
2017060814 162.207
2017060815 164.336
2017060816 204.892
2017060817 230.907
2017060818 236.58
2017060819 249.588
2017060820 269.408
2017060821 281.53
2017060822 271.295
2017060823 270.959
2017060900 285.872
2017060901 258.573
2017060902 251.286
2017060903 255.246
2017060904 271.28
2017060905 243.289
2017060906 232.668
2017060907 232.784
2017060908 171.892
2017060909 157.855
2017060910 151.314
2017060911 150.334
2017060912 150.074
2017060913 150.838
2017060914 150.894
2017060915 150.956
2017060916 198.039
2017060917 206.904
2017060918 196.291
2017060919 181.362
2017060920 187.726
2017060921 189.038
2017060922 186.446
2017060923 177.25
2017061000 192.315
2017061001 181.734
2017061002 180.882
2017061003 188.953
2017061004 183.358
2017061005 183.937
2017061006 194.597
2017061007 189.731
2017061008 185.734
2017061009 180.57
2017061010 158.274
2017061011 149.746
2017061012 149.715
2017061013 161.724
2017061014 153.896
2017061015 146.575
2017061016 150.557
2017061017 161.044
2017061018 171.989
2017061019 181.896
2017061020 187.8
2017061021 190.86
2017061022 197.297
2017061023 202.424
