2017060100 182.33
2017060101 173.616
2017060102 168.79
2017060103 165.759
2017060104 165.834
2017060105 160.746
2017060106 165.493
2017060107 171.018
2017060108 174.731
2017060109 172.115
2017060110 164.151
2017060111 158.911
2017060112 157.491
2017060113 158.455
2017060114 158.408
2017060115 156.607
2017060116 159.218
2017060117 168.652
2017060118 173.414
2017060119 176.351
2017060120 176.015
2017060121 175.253
2017060122 174.542
2017060123 168.489
2017060200 195.481
2017060201 187.365
2017060202 167.224
2017060203 157.902
2017060204 152.476
2017060205 149.332
2017060206 146.246
2017060207 147.756
2017060208 157.907
2017060209 152.997
2017060210 146.885
2017060211 147.534
2017060212 147.523
2017060213 152.773
2017060214 157.424
2017060215 161.429
2017060216 171.216
2017060217 183.573
2017060218 191.018
2017060219 195.286
2017060220 197.117
2017060221 194.84
2017060222 187.245
2017060223 177.542
2017060300 172.366
2017060301 169.656
2017060302 164.983
2017060303 159.669
2017060304 155.184
2017060305 152.044
2017060306 149.431
2017060307 152.874
2017060308 145.04
2017060309 148.665
2017060310 151.641
2017060311 154.071
2017060312 154.113
2017060313 154.941
2017060314 152.996
2017060315 155.914
2017060316 159.705
2017060317 158.248
2017060318 153.755
2017060319 147.674
2017060320 154.243
2017060321 159.684
2017060322 162.725
2017060323 160.876
2017060400 163.151
2017060401 158.019
2017060402 150.067
2017060403 143.193
2017060404 138.603
2017060405 138.629
2017060406 133.916
2017060407 134.024
2017060408 132.535
2017060409 127.798
2017060410 123.25
2017060411 122.079
2017060412 119.306
2017060413 117.012
2017060414 115.147
2017060415 114.222
2017060416 118.073
2017060417 124.444
2017060418 130.53
2017060419 137.27
2017060420 142.219
2017060421 136.955
2017060422 133.571
2017060423 135.904
2017060500 133.753
2017060501 140.312
2017060502 144.29
2017060503 150.311
2017060504 157.029
2017060505 149.245
2017060506 169.06
2017060507 176.357
2017060508 169.817
2017060509 159.947
2017060510 158.091
2017060511 158.426
2017060512 162.268
2017060513 163.195
2017060514 156.051
2017060515 146.768
2017060516 152.481
2017060517 159.137
2017060518 155.945
2017060519 157.274
2017060520 157.431
2017060521 156.317
2017060522 153.523
2017060523 149.126
2017060600 162.65
2017060601 155.242
2017060602 151.313
2017060603 147.927
2017060604 147.596
2017060605 135.961
2017060606 138.435
2017060607 140.36
2017060608 135.044
2017060609 134.75
2017060610 126.807
2017060611 118.633
2017060612 115.96
2017060613 115.143
2017060614 112.327
2017060615 108.853
2017060616 110.555
2017060617 108.866
2017060618 106.702
2017060619 104.927
2017060620 110.566
2017060621 111.787
2017060622 111.157
2017060623 110.17
2017060700 108.319
2017060701 105.263
2017060702 105.322
2017060703 107.169
2017060704 110.006
2017060705 109.744
2017060706 110.677
2017060707 115.045
2017060708 116.462
2017060709 105.975
2017060710 104.529
2017060711 102.735
2017060712 101.947
2017060713 104.774
2017060714 103.686
2017060715 103.612
2017060716 106.45
2017060717 108.704
2017060718 108.427
2017060719 110.452
2017060720 122.156
2017060721 120.241
2017060722 117.787
2017060723 114.867
2017060800 117.681
2017060801 112.059
2017060802 111.986
2017060803 112.597
2017060804 115.963
2017060805 113.592
2017060806 124.3
2017060807 128.34
2017060808 130.673
2017060809 132.346
2017060810 131.472
2017060811 131.117
2017060812 131.058
2017060813 131.63
2017060814 132.247
2017060815 132.349
2017060816 137.993
2017060817 143.986
2017060818 146.949
2017060819 138.526
2017060820 135.31
2017060821 138.214
2017060822 138.264
2017060823 135.75
2017060900 135.06
2017060901 132.152
2017060902 129.654
2017060903 126.782
2017060904 124.27
2017060905 126.824
2017060906 136.711
2017060907 133.929
2017060908 140.226
2017060909 144.821
2017060910 144.771
2017060911 151.484
2017060912 149.868
2017060913 146.434
2017060914 147.667
2017060915 149.502
2017060916 152.82
2017060917 158.672
2017060918 159.598
2017060919 142.536
2017060920 132.841
2017060921 137.327
2017060922 141.327
2017060923 145.052
2017061000 143.899
2017061001 141.272
2017061002 141.737
2017061003 143.514
2017061004 147.84
2017061005 149.218
2017061006 153.496
2017061007 151.409
2017061008 149.791
2017061009 144.43
2017061010 131.155
2017061011 123.735
2017061012 121.495
2017061013 122.507
2017061014 121.655
2017061015 122.352
2017061016 128.28
2017061017 137.025
2017061018 148.367
2017061019 151.076
2017061020 148.802
2017061021 161.447
2017061022 165.741
2017061023 159.776
