2017060100 6.96
2017060101 6.723
2017060102 6.707
2017060103 6.487
2017060104 6.286
2017060105 5.378
2017060106 4.993
2017060107 4.523
2017060108 3.21
2017060109 2.301
2017060110 1.412
2017060111 1.1
2017060112 1.002
2017060113 1.071
2017060114 1.176
2017060115 1.472
2017060116 2.087
2017060117 2.682
2017060118 3.392
2017060119 4.75
2017060120 5.602
2017060121 6.622
2017060122 6.963
2017060123 7.002
2017060200 6.715
2017060201 6.447
2017060202 6.035
2017060203 5.68
2017060204 5.599
2017060205 4.604
2017060206 3.564
2017060207 3.849
2017060208 3.822
2017060209 1.845
2017060210 1.283
2017060211 1.013
2017060212 0.96
2017060213 0.984
2017060214 1.07
2017060215 1.238
2017060216 2.12
2017060217 2.95
2017060218 3.514
2017060219 3.806
2017060220 4.953
2017060221 5.748
2017060222 6.893
2017060223 7.043
2017060300 6.261
2017060301 5.635
2017060302 5.116
2017060303 5.29
2017060304 5.711
2017060305 4.617
2017060306 4.193
2017060307 3.984
2017060308 3.296
2017060309 2.002
2017060310 1.259
2017060311 0.99
2017060312 0.882
2017060313 0.854
2017060314 0.932
2017060315 1.099
2017060316 1.974
2017060317 2.601
2017060318 3.647
2017060319 4.934
2017060320 5.728
2017060321 5.87
2017060322 5.448
2017060323 6.027
2017060400 4.871
2017060401 4.079
2017060402 4.085
2017060403 3.833
2017060404 4.397
2017060405 4.371
2017060406 3.231
2017060407 2.326
2017060408 1.735
2017060409 1.294
2017060410 1.172
2017060411 0.973
2017060412 0.858
2017060413 0.854
2017060414 0.796
2017060415 0.859
2017060416 1.01
2017060417 1.437
2017060418 2.002
2017060419 3.232
2017060420 4.662
2017060421 4.608
2017060422 5.091
2017060423 5.402
2017060500 5.238
2017060501 5.567
2017060502 5.933
2017060503 6.069
2017060504 5.957
2017060505 5.466
2017060506 4.733
2017060507 4.545
2017060508 3.2
2017060509 2.637
2017060510 1.906
2017060511 1.493
2017060512 1.232
2017060513 1.331
2017060514 1.181
2017060515 1.306
2017060516 1.452
2017060517 1.822
2017060518 3.178
2017060519 3.904
2017060520 4.807
2017060521 5.541
2017060522 6
2017060523 5.917
2017060600 5.842
2017060601 5.46
2017060602 5.27
2017060603 4.919
2017060604 4.796
2017060605 4.356
2017060606 3.211
2017060607 2.58
2017060608 2.276
2017060609 1.298
2017060610 1.06
2017060611 0.868
2017060612 0.655
2017060613 0.548
2017060614 0.539
2017060615 0.603
2017060616 0.654
2017060617 0.853
2017060618 1.395
2017060619 1.69
2017060620 2.313
2017060621 2.367
2017060622 2.625
2017060623 2.621
2017060700 2.628
2017060701 2.657
2017060702 2.586
2017060703 2.581
2017060704 2.58
2017060705 2.108
2017060706 1.631
2017060707 1.328
2017060708 1.377
2017060709 1.002
2017060710 0.746
2017060711 0.658
2017060712 0.628
2017060713 0.639
2017060714 0.641
2017060715 0.752
2017060716 0.941
2017060717 1.226
2017060718 1.697
2017060719 3.572
2017060720 4.674
2017060721 4.054
2017060722 4.58
2017060723 4.357
2017060800 4.576
2017060801 5.101
2017060802 5.211
2017060803 5.225
2017060804 5.886
2017060805 4.582
2017060806 3.764
2017060807 4.631
2017060808 3.905
2017060809 3.052
2017060810 2.096
2017060811 1.407
2017060812 1.071
2017060813 0.959
2017060814 0.941
2017060815 1.049
2017060816 1.539
2017060817 2.226
2017060818 3.142
2017060819 4.3
2017060820 5.702
2017060821 5.962
2017060822 5.295
2017060823 5.209
2017060900 6.042
2017060901 5.884
2017060902 5.407
2017060903 5.287
2017060904 5.112
2017060905 4.222
2017060906 3.691
2017060907 3.165
2017060908 2.676
2017060909 2.155
2017060910 1.661
2017060911 1.328
2017060912 1.01
2017060913 0.891
2017060914 0.931
2017060915 1.09
2017060916 1.411
2017060917 2.036
2017060918 2.98
2017060919 4.165
2017060920 4.43
2017060921 5.639
2017060922 6.33
2017060923 6.147
2017061000 5.462
2017061001 5.701
2017061002 6.248
2017061003 6.653
2017061004 6.471
2017061005 5.096
2017061006 4.583
2017061007 4.639
2017061008 4.171
2017061009 2.633
2017061010 1.495
2017061011 0.933
2017061012 0.705
2017061013 0.657
2017061014 0.684
2017061015 0.765
2017061016 0.931
2017061017 1.256
2017061018 1.714
2017061019 2.56
2017061020 4.317
2017061021 6.335
2017061022 5.659
2017061023 5.931
