2017060100 15.318
2017060101 14.252
2017060102 12.821
2017060103 11.885
2017060104 8.766
2017060105 8.883
2017060106 10.436
2017060107 7.008
2017060108 6.895
2017060109 5.781
2017060110 3.236
2017060111 2.676
2017060112 2.555
2017060113 2.93
2017060114 3.198
2017060115 3.729
2017060116 16.642
2017060117 25.087
2017060118 26.083
2017060119 23.15
2017060120 22.232
2017060121 21.295
2017060122 24.988
2017060123 29.805
2017060200 40.207
2017060201 37.782
2017060202 35.067
2017060203 31.994
2017060204 22.284
2017060205 19.225
2017060206 20.249
2017060207 12.158
2017060208 12.758
2017060209 11.477
2017060210 6.791
2017060211 4.471
2017060212 3.655
2017060213 3.691
2017060214 4.102
2017060215 4.922
2017060216 17.652
2017060217 26.4
2017060218 30.538
2017060219 35.256
2017060220 33.746
2017060221 31.031
2017060222 30.903
2017060223 31.031
2017060300 29.996
2017060301 27.094
2017060302 23.86
2017060303 21.152
2017060304 17.05
2017060305 14.802
2017060306 15.259
2017060307 13.521
2017060308 13.688
2017060309 12.073
2017060310 4.71
2017060311 3.181
2017060312 2.735
2017060313 3.956
2017060314 4.363
2017060315 4.861
2017060316 9.296
2017060317 10.916
2017060318 11.338
2017060319 14.17
2017060320 14.239
2017060321 15.098
2017060322 15.309
2017060323 14.021
2017060400 13.98
2017060401 12.417
2017060402 10.93
2017060403 9.873
2017060404 8.547
2017060405 8.623
2017060406 9.993
2017060407 7.863
2017060408 6.839
2017060409 5.652
2017060410 5.533
2017060411 4.139
2017060412 3.807
2017060413 3.243
2017060414 3.676
2017060415 4.573
2017060416 6.731
2017060417 8.015
2017060418 8.93
2017060419 11.501
2017060420 11.394
2017060421 11.465
2017060422 12.5
2017060423 12.416
2017060500 16.762
2017060501 18.009
2017060502 17.494
2017060503 16.407
2017060504 11.154
2017060505 11.435
2017060506 13.854
2017060507 10.705
2017060508 10.858
2017060509 9.763
2017060510 9.474
2017060511 8.155
2017060512 6.991
2017060513 4.042
2017060514 3.917
2017060515 4.506
2017060516 13.511
2017060517 18.213
2017060518 18.107
2017060519 20.597
2017060520 20.082
2017060521 20.372
2017060522 21.677
2017060523 22.153
2017060600 16.249
2017060601 20.177
2017060602 21.512
2017060603 19.89
2017060604 14.445
2017060605 13.201
2017060606 12.908
2017060607 6.276
2017060608 4.56
2017060609 3.596
2017060610 2.823
2017060611 2.784
2017060612 2.932
2017060613 3.973
2017060614 4.22
2017060615 4.827
2017060616 6.925
2017060617 6.983
2017060618 7.425
2017060619 7.971
2017060620 7.757
2017060621 7.821
2017060622 7.821
2017060623 7.631
2017060700 6.737
2017060701 6.881
2017060702 7.137
2017060703 7.086
2017060704 5.935
2017060705 5.366
2017060706 5.705
2017060707 4.874
2017060708 4.474
2017060709 3.757
2017060710 3.032
2017060711 2.812
2017060712 2.757
2017060713 3.226
2017060714 3.522
2017060715 4.135
2017060716 9.803
2017060717 11.992
2017060718 12.4
2017060719 11.944
2017060720 10.768
2017060721 10.581
2017060722 11.351
2017060723 11.383
2017060800 9.919
2017060801 9.934
2017060802 9.438
2017060803 8.832
2017060804 6.464
2017060805 6.349
2017060806 7.168
2017060807 4.437
2017060808 4.081
2017060809 3.425
2017060810 2.759
2017060811 2.635
2017060812 2.728
2017060813 3.2
2017060814 3.554
2017060815 4.131
2017060816 17.295
2017060817 22.297
2017060818 27.07
2017060819 29.529
2017060820 29.58
2017060821 28.291
2017060822 23.653
2017060823 20.617
2017060900 23.029
2017060901 21.719
2017060902 21.414
2017060903 21.755
2017060904 13.516
2017060905 12.681
2017060906 14.273
2017060907 7.315
2017060908 5.673
2017060909 4.26
2017060910 3.146
2017060911 3.029
2017060912 3.117
2017060913 3.373
2017060914 3.561
2017060915 4.083
2017060916 10.324
2017060917 12.355
2017060918 13.027
2017060919 16.969
2017060920 16.716
2017060921 17.146
2017060922 12.76
2017060923 13.567
2017061000 11.154
2017061001 10.873
2017061002 10.567
2017061003 10.053
2017061004 8.914
2017061005 8.262
2017061006 8.527
2017061007 6.795
2017061008 5.641
2017061009 4.071
2017061010 2.406
2017061011 2.221
2017061012 2.237
2017061013 2.186
2017061014 2.399
2017061015 2.819
2017061016 7.803
2017061017 9.629
2017061018 9.841
2017061019 14.303
2017061020 15.09
2017061021 16.44
2017061022 18.244
2017061023 17.562
