2017060100 9.9
2017060101 12.118
2017060102 11.61
2017060103 10.549
2017060104 8.098
2017060105 7.652
2017060106 7.842
2017060107 4.656
2017060108 4.508
2017060109 3.89
2017060110 2.399
2017060111 1.895
2017060112 1.632
2017060113 1.543
2017060114 1.55
2017060115 1.7
2017060116 4.704
2017060117 9.427
2017060118 14.779
2017060119 16.906
2017060120 18.169
2017060121 17.889
2017060122 16.972
2017060123 17.014
2017060200 33.619
2017060201 31.29
2017060202 28.446
2017060203 26.226
2017060204 22.746
2017060205 18.08
2017060206 15.098
2017060207 8.508
2017060208 5.329
2017060209 2.667
2017060210 1.296
2017060211 0.997
2017060212 0.947
2017060213 1.101
2017060214 1.241
2017060215 1.492
2017060216 3.504
2017060217 5.615
2017060218 8.094
2017060219 11.065
2017060220 11.425
2017060221 11.542
2017060222 12.874
2017060223 15.734
2017060300 23.726
2017060301 27.789
2017060302 29.177
2017060303 26.919
2017060304 20.766
2017060305 15.62
2017060306 13.467
2017060307 10.982
2017060308 9.482
2017060309 6.766
2017060310 2.966
2017060311 1.685
2017060312 1.217
2017060313 1.177
2017060314 1.237
2017060315 1.394
2017060316 2.47
2017060317 3.191
2017060318 3.858
2017060319 4.861
2017060320 5.037
2017060321 5.019
2017060322 4.646
2017060323 4.649
2017060400 5.602
2017060401 5.336
2017060402 5.236
2017060403 5.494
2017060404 5.345
2017060405 4.734
2017060406 3.991
2017060407 2.508
2017060408 2.175
2017060409 1.843
2017060410 1.922
2017060411 2.133
2017060412 1.893
2017060413 1.386
2017060414 1.451
2017060415 1.666
2017060416 2.266
2017060417 3.051
2017060418 3.899
2017060419 5.58
2017060420 6.175
2017060421 6.412
2017060422 7.358
2017060423 7.816
2017060500 12.983
2017060501 14.212
2017060502 14.685
2017060503 14.503
2017060504 10.673
2017060505 9.244
2017060506 8.506
2017060507 4.427
2017060508 3.725
2017060509 3.02
2017060510 2.315
2017060511 1.694
2017060512 1.364
2017060513 1.252
2017060514 1.287
2017060515 1.412
2017060516 2.93
2017060517 3.886
2017060518 4.814
2017060519 6.412
2017060520 6.849
2017060521 6.743
2017060522 7.159
2017060523 7.673
2017060600 8.154
2017060601 8.906
2017060602 9.22
2017060603 9.093
2017060604 6.722
2017060605 4.809
2017060606 3.855
2017060607 2.143
2017060608 1.803
2017060609 1.438
2017060610 1.171
2017060611 1.15
2017060612 1.223
2017060613 1.489
2017060614 1.528
2017060615 1.576
2017060616 1.876
2017060617 2.774
2017060618 2.884
2017060619 3.254
2017060620 3.52
2017060621 3.861
2017060622 3.991
2017060623 4.06
2017060700 3.631
2017060701 4.219
2017060702 4.678
2017060703 4.997
2017060704 3.737
2017060705 3.066
2017060706 2.877
2017060707 2.444
2017060708 2.21
2017060709 2.012
2017060710 1.596
2017060711 1.418
2017060712 1.365
2017060713 1.643
2017060714 1.849
2017060715 2.078
2017060716 3.57
2017060717 4.502
2017060718 4.269
2017060719 5.24
2017060720 4.756
2017060721 4.621
2017060722 4.855
2017060723 5.772
2017060800 6.328
2017060801 6.906
2017060802 6.685
2017060803 6.04
2017060804 3.947
2017060805 3.523
2017060806 3.753
2017060807 2.413
2017060808 2.455
2017060809 2.076
2017060810 1.652
2017060811 1.447
2017060812 1.36
2017060813 1.477
2017060814 1.535
2017060815 1.649
2017060816 4.099
2017060817 6.03
2017060818 7.348
2017060819 7.846
2017060820 7.851
2017060821 7.894
2017060822 7.471
2017060823 6.967
2017060900 7.736
2017060901 8.03
2017060902 8.642
2017060903 8.816
2017060904 6.654
2017060905 5.016
2017060906 4.332
2017060907 2.325
2017060908 1.857
2017060909 1.465
2017060910 1.28
2017060911 1.169
2017060912 1.113
2017060913 1.138
2017060914 1.198
2017060915 1.347
2017060916 2.777
2017060917 3.662
2017060918 4.498
2017060919 5.486
2017060920 5.92
2017060921 6.391
2017060922 7.326
2017060923 8.203
2017061000 7.969
2017061001 8.534
2017061002 8.67
2017061003 8.547
2017061004 7.437
2017061005 5.827
2017061006 4.702
2017061007 3.286
2017061008 2.999
2017061009 2.503
2017061010 1.5
2017061011 1.27
2017061012 1.246
2017061013 1.21
2017061014 1.345
2017061015 1.657
2017061016 3.795
2017061017 5.922
2017061018 6.204
2017061019 7.975
2017061020 9.613
2017061021 11.05
2017061022 12.025
2017061023 13.416
