2017060100 6.557
2017060101 6.738
2017060102 6.652
2017060103 6.426
2017060104 5.97
2017060105 4.654
2017060106 3.547
2017060107 3.651
2017060108 3.018
2017060109 2.18
2017060110 1.324
2017060111 1.1
2017060112 1.014
2017060113 1.212
2017060114 1.31
2017060115 1.535
2017060116 2.076
2017060117 2.748
2017060118 3.392
2017060119 4.512
2017060120 5.564
2017060121 6.622
2017060122 6.963
2017060123 6.999
2017060200 7.257
2017060201 7.032
2017060202 6.404
2017060203 5.68
2017060204 5.071
2017060205 4.309
2017060206 3.89
2017060207 3.56
2017060208 2.81
2017060209 1.807
2017060210 1.288
2017060211 1.079
2017060212 1.003
2017060213 0.983
2017060214 1.07
2017060215 1.238
2017060216 2.19
2017060217 3.18
2017060218 4.4
2017060219 5.919
2017060220 6.892
2017060221 7.393
2017060222 7.528
2017060223 7.314
2017060300 7.45
2017060301 7.087
2017060302 6.625
2017060303 6.211
2017060304 5.465
2017060305 4.618
2017060306 4.194
2017060307 3.552
2017060308 2.832
2017060309 1.977
2017060310 1.526
2017060311 1.178
2017060312 1.002
2017060313 0.9
2017060314 0.944
2017060315 1.099
2017060316 1.8
2017060317 2.611
2017060318 3.669
2017060319 4.971
2017060320 5.771
2017060321 5.947
2017060322 6.292
2017060323 6.35
2017060400 4.888
2017060401 4.036
2017060402 3.387
2017060403 3.11
2017060404 3.314
2017060405 3.317
2017060406 2.931
2017060407 2.329
2017060408 1.921
2017060409 1.518
2017060410 1.215
2017060411 0.979
2017060412 0.862
2017060413 0.802
2017060414 0.788
2017060415 0.87
2017060416 1.326
2017060417 1.91
2017060418 2.81
2017060419 4.196
2017060420 5.053
2017060421 5.495
2017060422 5.811
2017060423 6.086
2017060500 6.207
2017060501 6.185
2017060502 6.068
2017060503 6.027
2017060504 5.869
2017060505 5.055
2017060506 4.269
2017060507 3.543
2017060508 3.203
2017060509 2.586
2017060510 1.876
2017060511 1.37
2017060512 1.175
2017060513 1.1
2017060514 1.184
2017060515 1.369
2017060516 2.077
2017060517 2.944
2017060518 3.926
2017060519 5.578
2017060520 6.606
2017060521 7.006
2017060522 7.209
2017060523 7.413
2017060600 8.208
2017060601 7.362
2017060602 6.89
2017060603 6.487
2017060604 5.208
2017060605 4.072
2017060606 3.1
2017060607 2.122
2017060608 1.629
2017060609 1.197
2017060610 0.815
2017060611 0.712
2017060612 0.638
2017060613 0.547
2017060614 0.525
2017060615 0.579
2017060616 0.904
2017060617 1.194
2017060618 1.547
2017060619 2.213
2017060620 2.477
2017060621 2.405
2017060622 2.361
2017060623 2.408
2017060700 2.543
2017060701 2.582
2017060702 2.898
2017060703 3.161
2017060704 2.901
2017060705 2.361
2017060706 1.921
2017060707 1.324
2017060708 1.085
2017060709 0.916
2017060710 0.691
2017060711 0.591
2017060712 0.538
2017060713 0.513
2017060714 0.519
2017060715 0.576
2017060716 1.151
2017060717 1.628
2017060718 2.168
2017060719 3.692
2017060720 4.767
2017060721 4.992
2017060722 5.004
2017060723 5.148
2017060800 5.756
2017060801 5.959
2017060802 6.199
2017060803 6.268
2017060804 6.181
2017060805 4.878
2017060806 3.736
2017060807 3.538
2017060808 3.486
2017060809 3.065
2017060810 2.119
2017060811 1.479
2017060812 1.221
2017060813 1.349
2017060814 1.391
2017060815 1.491
2017060816 2.172
2017060817 2.891
2017060818 3.873
2017060819 5.289
2017060820 6.05
2017060821 6.249
2017060822 6.32
2017060823 6.442
2017060900 7.139
2017060901 7.09
2017060902 6.857
2017060903 6.405
2017060904 5.35
2017060905 4.222
2017060906 3.691
2017060907 3.317
2017060908 2.944
2017060909 2.515
2017060910 1.927
2017060911 1.354
2017060912 1.017
2017060913 0.911
2017060914 0.929
2017060915 1.051
2017060916 1.778
2017060917 2.585
2017060918 3.56
2017060919 5.223
2017060920 6.456
2017060921 6.868
2017060922 7.131
2017060923 7.554
2017061000 6.757
2017061001 6.662
2017061002 6.504
2017061003 6.277
2017061004 6.052
2017061005 5.092
2017061006 4.292
2017061007 4.075
2017061008 3.634
2017061009 2.647
2017061010 1.64
2017061011 1.21
2017061012 1.056
2017061013 1.088
2017061014 1.128
2017061015 1.223
2017061016 2.015
2017061017 2.763
2017061018 3.678
2017061019 4.646
2017061020 6.459
2017061021 7.612
2017061022 7.966
2017061023 7.92
