2017060100 5.266
2017060101 6.653
2017060102 8.383
2017060103 9.749
2017060104 9.742
2017060105 7.946
2017060106 6.443
2017060107 2.219
2017060108 1.646
2017060109 1.261
2017060110 1.052
2017060111 0.994
2017060112 0.978
2017060113 1.014
2017060114 1.052
2017060115 1.138
2017060116 2.611
2017060117 3.914
2017060118 5.544
2017060119 7.784
2017060120 10.169
2017060121 12.595
2017060122 14.901
2017060123 16.055
2017060200 16.457
2017060201 15.721
2017060202 14.34
2017060203 12.073
2017060204 9.106
2017060205 6.551
2017060206 5.547
2017060207 3.844
2017060208 3.335
2017060209 2.782
2017060210 1.376
2017060211 1.093
2017060212 0.983
2017060213 1.011
2017060214 1.042
2017060215 1.118
2017060216 2.958
2017060217 4.99
2017060218 7.535
2017060219 10.532
2017060220 12.414
2017060221 13.485
2017060222 14.264
2017060223 14.783
2017060300 12.229
2017060301 10.305
2017060302 8.86
2017060303 7.798
2017060304 6.741
2017060305 5.517
2017060306 4.829
2017060307 2.061
2017060308 1.679
2017060309 1.363
2017060310 1.176
2017060311 1.095
2017060312 1.057
2017060313 1.138
2017060314 1.19
2017060315 1.283
2017060316 2.532
2017060317 3.712
2017060318 5.134
2017060319 6.624
2017060320 7.249
2017060321 7.414
2017060322 7.741
2017060323 8.51
2017060400 8.951
2017060401 9.791
2017060402 10.385
2017060403 10.493
2017060404 9.292
2017060405 6.985
2017060406 5.508
2017060407 4.118
2017060408 2.646
2017060409 1.656
2017060410 1.235
2017060411 1.112
2017060412 1.043
2017060413 1.123
2017060414 1.32
2017060415 1.769
2017060416 2.551
2017060417 3.413
2017060418 4.538
2017060419 6.577
2017060420 8.115
2017060421 9.412
2017060422 10.644
2017060423 11.676
2017060500 8.741
2017060501 7.08
2017060502 6.262
2017060503 5.963
2017060504 3.833
2017060505 3.644
2017060506 3.667
2017060507 1.44
2017060508 1.261
2017060509 1.087
2017060510 0.941
2017060511 0.904
2017060512 0.908
2017060513 1.09
2017060514 1.196
2017060515 1.318
2017060516 2.696
2017060517 4.158
2017060518 6.044
2017060519 8.515
2017060520 10.001
2017060521 10.842
2017060522 10.882
2017060523 11.206
2017060600 8.456
2017060601 9.235
2017060602 9.217
2017060603 8.364
2017060604 7.06
2017060605 6.252
2017060606 5.443
2017060607 4.015
2017060608 2.958
2017060609 2.05
2017060610 1.772
2017060611 1.474
2017060612 1.434
2017060613 1.706
2017060614 1.892
2017060615 2.207
2017060616 1.743
2017060617 2.387
2017060618 3.071
2017060619 3.278
2017060620 3.257
2017060621 3.536
2017060622 4.113
2017060623 4.362
2017060700 3.898
2017060701 4.051
2017060702 4.135
2017060703 4.249
2017060704 3.341
2017060705 2.754
2017060706 2.311
2017060707 1.77
2017060708 1.367
2017060709 1.047
2017060710 0.733
2017060711 0.656
2017060712 0.633
2017060713 0.802
2017060714 0.892
2017060715 0.99
2017060716 1.353
2017060717 1.746
2017060718 2.266
2017060719 3.352
2017060720 3.892
2017060721 4.32
2017060722 5.267
2017060723 6.453
2017060800 6.665
2017060801 7.31
2017060802 7.103
2017060803 6.364
2017060804 5.111
2017060805 4.371
2017060806 4.033
2017060807 2.708
2017060808 2.192
2017060809 1.566
2017060810 1.13
2017060811 0.908
2017060812 0.827
2017060813 0.812
2017060814 0.849
2017060815 0.944
2017060816 2.502
2017060817 3.515
2017060818 4.124
2017060819 5.195
2017060820 7.499
2017060821 10.83
2017060822 14.867
2017060823 18.043
2017060900 14.335
2017060901 14.216
2017060902 13.124
2017060903 10.787
2017060904 7.205
2017060905 5.374
2017060906 4.478
2017060907 2.884
2017060908 2.45
2017060909 2.091
2017060910 1.561
2017060911 1.406
2017060912 1.306
2017060913 1.184
2017060914 1.212
2017060915 1.36
2017060916 2.478
2017060917 3.577
2017060918 4.797
2017060919 5.68
2017060920 6.096
2017060921 6.753
2017060922 6.068
2017060923 5.436
2017061000 7.072
2017061001 6.04
2017061002 5.785
2017061003 5.459
2017061004 3.999
2017061005 3.182
2017061006 3.323
2017061007 3.705
2017061008 3.778
2017061009 3.113
2017061010 1.832
2017061011 1.325
2017061012 1.115
2017061013 1.14
2017061014 1.2
2017061015 1.378
2017061016 2.376
2017061017 3.247
2017061018 4.178
2017061019 5.843
2017061020 6.725
2017061021 7.031
2017061022 7.901
2017061023 8.618
