2017060100 14.445
2017060101 14.527
2017060102 14.72
2017060103 14.81
2017060104 13.948
2017060105 11.137
2017060106 10.298
2017060107 6.202
2017060108 4.845
2017060109 3.307
2017060110 1.808
2017060111 1.392
2017060112 1.293
2017060113 1.391
2017060114 1.522
2017060115 1.748
2017060116 5.255
2017060117 8.665
2017060118 12.157
2017060119 12.542
2017060120 11.566
2017060121 9.778
2017060122 11.863
2017060123 13.862
2017060200 15.685
2017060201 16.188
2017060202 16.17
2017060203 16.168
2017060204 13.997
2017060205 10.233
2017060206 8.641
2017060207 6.545
2017060208 5.559
2017060209 4.627
2017060210 1.838
2017060211 1.573
2017060212 1.456
2017060213 1.542
2017060214 1.631
2017060215 1.826
2017060216 5.627
2017060217 9.483
2017060218 13.69
2017060219 17.679
2017060220 19.115
2017060221 17.223
2017060222 16.215
2017060223 16.905
2017060300 15.381
2017060301 15.707
2017060302 15.146
2017060303 14.293
2017060304 12.86
2017060305 10.712
2017060306 9.289
2017060307 7.183
2017060308 5.667
2017060309 4.256
2017060310 1.763
2017060311 1.46
2017060312 1.344
2017060313 1.349
2017060314 1.391
2017060315 1.541
2017060316 4.417
2017060317 7.16
2017060318 9.526
2017060319 11.267
2017060320 12.378
2017060321 13.089
2017060322 13.472
2017060323 13.55
2017060400 14.005
2017060401 12.774
2017060402 11.269
2017060403 9.781
2017060404 5.405
2017060405 4.903
2017060406 5.079
2017060407 4.073
2017060408 2.865
2017060409 1.821
2017060410 1.426
2017060411 1.344
2017060412 1.417
2017060413 1.313
2017060414 1.316
2017060415 1.478
2017060416 2.456
2017060417 3.274
2017060418 4.163
2017060419 6.789
2017060420 8.586
2017060421 9.742
2017060422 10.99
2017060423 11.584
2017060500 10.525
2017060501 12.086
2017060502 12.949
2017060503 13.056
2017060504 12.163
2017060505 10.854
2017060506 10.034
2017060507 3.776
2017060508 2.832
2017060509 2.031
2017060510 1.524
2017060511 1.374
2017060512 1.342
2017060513 2.063
2017060514 2.285
2017060515 2.499
2017060516 4.542
2017060517 6.476
2017060518 9.508
2017060519 13.175
2017060520 14.553
2017060521 14.798
2017060522 14.152
2017060523 13.466
2017060600 15.467
2017060601 15.137
2017060602 14.435
2017060603 13.79
2017060604 11.778
2017060605 10.19
2017060606 9.663
2017060607 6.291
2017060608 5.207
2017060609 3.835
2017060610 2.254
2017060611 1.818
2017060612 1.691
2017060613 1.766
2017060614 1.869
2017060615 2.046
2017060616 2.6
2017060617 2.967
2017060618 3.401
2017060619 4.052
2017060620 4.601
2017060621 4.981
2017060622 5.004
2017060623 4.789
2017060700 5.016
2017060701 5.09
2017060702 5.198
2017060703 4.986
2017060704 3.502
2017060705 2.75
2017060706 2.418
2017060707 1.868
2017060708 1.521
2017060709 1.187
2017060710 0.985
2017060711 0.922
2017060712 0.957
2017060713 1.083
2017060714 1.162
2017060715 1.273
2017060716 1.828
2017060717 2.186
2017060718 2.709
2017060719 4.559
2017060720 5.129
2017060721 5.372
2017060722 5.853
2017060723 6.226
2017060800 7.651
2017060801 7.842
2017060802 7.772
2017060803 7.658
2017060804 6.348
2017060805 5.373
2017060806 4.913
2017060807 3.283
2017060808 2.547
2017060809 1.955
2017060810 1.405
2017060811 1.176
2017060812 1.121
2017060813 1.255
2017060814 1.354
2017060815 1.52
2017060816 4.652
2017060817 7.319
2017060818 9.627
2017060819 12.034
2017060820 11.85
2017060821 10.569
2017060822 10.606
2017060823 11.849
2017060900 16.748
2017060901 16.351
2017060902 15.987
2017060903 14.842
2017060904 10.272
2017060905 7.678
2017060906 6.994
2017060907 5.554
2017060908 5.082
2017060909 4.24
2017060910 2.294
2017060911 1.833
2017060912 1.638
2017060913 1.461
2017060914 1.498
2017060915 1.722
2017060916 4.135
2017060917 6.038
2017060918 7.632
2017060919 7.78
2017060920 7.486
2017060921 7.445
2017060922 6.581
2017060923 6.331
2017061000 6.201
2017061001 5.98
2017061002 5.856
2017061003 5.895
2017061004 5.211
2017061005 4.958
2017061006 4.838
2017061007 2.77
2017061008 2.037
2017061009 1.638
2017061010 1.32
2017061011 1.113
2017061012 1.036
2017061013 1.06
2017061014 1.094
2017061015 1.156
2017061016 3.133
2017061017 3.936
2017061018 4.044
2017061019 5.237
2017061020 6.18
2017061021 8.227
2017061022 10.515
2017061023 12.757
