2017060100 158.154
2017060101 151.429
2017060102 143.378
2017060103 140.629
2017060104 128.233
2017060105 134.326
2017060106 147.55
2017060107 133.823
2017060108 136.896
2017060109 137.038
2017060110 126.025
2017060111 123.161
2017060112 121.504
2017060113 122.393
2017060114 123.355
2017060115 125.482
2017060116 166.746
2017060117 187.358
2017060118 179.61
2017060119 164.611
2017060120 159.055
2017060121 155.153
2017060122 163.652
2017060123 175.636
2017060200 209.016
2017060201 204.727
2017060202 203.743
2017060203 204.196
2017060204 179.994
2017060205 187.828
2017060206 205.772
2017060207 158.391
2017060208 166.762
2017060209 170.266
2017060210 157.1
2017060211 148.448
2017060212 140.503
2017060213 137.815
2017060214 137.729
2017060215 139.11
2017060216 178.168
2017060217 201.243
2017060218 205.839
2017060219 210.387
2017060220 201.394
2017060221 190.545
2017060222 186.634
2017060223 185.688
2017060300 195.419
2017060301 186.111
2017060302 179.533
2017060303 177.101
2017060304 172.581
2017060305 179.675
2017060306 193.475
2017060307 182.276
2017060308 188.45
2017060309 189.006
2017060310 152.778
2017060311 143.335
2017060312 137.079
2017060313 143.55
2017060314 145.457
2017060315 143.623
2017060316 156.874
2017060317 153.185
2017060318 144.371
2017060319 146.509
2017060320 145.491
2017060321 147.79
2017060322 147.894
2017060323 143.495
2017060400 140.724
2017060401 141.106
2017060402 142.836
2017060403 146.758
2017060404 153.018
2017060405 163.562
2017060406 176.022
2017060407 169.537
2017060408 168.612
2017060409 178.941
2017060410 173.959
2017060411 159.813
2017060412 145.531
2017060413 136.24
2017060414 137.176
2017060415 140.317
2017060416 146.718
2017060417 147.491
2017060418 147.79
2017060419 153.069
2017060420 155.42
2017060421 159.475
2017060422 164.568
2017060423 166.22
2017060500 187.599
2017060501 192.362
2017060502 193.758
2017060503 194.142
2017060504 159.787
2017060505 166.64
2017060506 183.09
2017060507 163.806
2017060508 167.812
2017060509 168.668
2017060510 176.294
2017060511 179.869
2017060512 180.737
2017060513 153.587
2017060514 146.848
2017060515 145.469
2017060516 170.771
2017060517 176.737
2017060518 165.788
2017060519 165.809
2017060520 162.776
2017060521 162.748
2017060522 165.564
2017060523 167.109
2017060600 156.923
2017060601 168.282
2017060602 173.502
2017060603 169.91
2017060604 158.93
2017060605 163.942
2017060606 172.862
2017060607 144.132
2017060608 134.971
2017060609 133.035
2017060610 126.001
2017060611 123.468
2017060612 122.713
2017060613 127.715
2017060614 125.813
2017060615 123.49
2017060616 125.49
2017060617 116.458
2017060618 124.384
2017060619 138.436
2017060620 132.027
2017060621 129.445
2017060622 128.041
2017060623 127.806
2017060700 122.734
2017060701 123.987
2017060702 126.106
2017060703 128.113
2017060704 127.234
2017060705 129.359
2017060706 134.391
2017060707 132.298
2017060708 131.394
2017060709 128.693
2017060710 126.604
2017060711 126.472
2017060712 124.361
2017060713 125.631
2017060714 125.937
2017060715 126.818
2017060716 143.993
2017060717 143.236
2017060718 136.734
2017060719 131.191
2017060720 127.478
2017060721 127.073
2017060722 128.359
2017060723 128.692
