2017060100 153.521
2017060101 149.107
2017060102 141.773
2017060103 138.994
2017060104 126.761
2017060105 131.908
2017060106 144.045
2017060107 131.715
2017060108 135.57
2017060109 136.336
2017060110 125.223
2017060111 122.066
2017060112 120.03
2017060113 120.025
2017060114 120.355
2017060115 122.15
2017060116 161.048
2017060117 181.339
2017060118 175.827
2017060119 162.418
2017060120 158.013
2017060121 155.463
2017060122 163.812
2017060123 176.102
2017060200 206.313
2017060201 200.841
2017060202 200.027
2017060203 201.613
2017060204 180.325
2017060205 188.499
2017060206 206.223
2017060207 159.272
2017060208 166.018
2017060209 167.723
2017060210 156.237
2017060211 146.589
2017060212 138.017
2017060213 134.686
2017060214 134.663
2017060215 136.547
2017060216 172.867
2017060217 192.54
2017060218 193.792
2017060219 195.614
2017060220 187.393
2017060221 178.954
2017060222 175.692
2017060223 175.593
2017060300 182.809
2017060301 173.794
2017060302 167.75
2017060303 166.625
2017060304 165.707
2017060305 172.818
2017060306 186.355
2017060307 178.805
2017060308 186.309
2017060309 189.004
2017060310 156.699
2017060311 147.807
2017060312 140.995
2017060313 146.355
2017060314 147.344
2017060315 144.534
2017060316 154.798
2017060317 150.133
2017060318 141.77
2017060319 144.093
2017060320 143.185
2017060321 145.376
2017060322 145.473
2017060323 141.361
2017060400 138.737
2017060401 139.656
2017060402 141.688
2017060403 145.96
2017060404 151.859
2017060405 160.852
2017060406 171.532
2017060407 164.74
2017060408 164.842
2017060409 174.005
2017060410 167.947
2017060411 153.766
2017060412 138.319
2017060413 130.912
2017060414 132.46
2017060415 136.166
2017060416 143.267
2017060417 144.361
2017060418 145.196
2017060419 149.673
2017060420 152.143
2017060421 156.338
2017060422 160.983
2017060423 162.13
2017060500 181.1
2017060501 185.203
2017060502 186.525
2017060503 187.111
2017060504 155.605
2017060505 161.672
2017060506 176.989
2017060507 159.617
2017060508 164.775
2017060509 166.402
2017060510 173.453
2017060511 176.335
2017060512 176.685
2017060513 151.799
2017060514 144.773
2017060515 143.136
2017060516 165.163
2017060517 170.805
2017060518 162.008
2017060519 163.592
2017060520 161.217
2017060521 161.393
2017060522 163.971
2017060523 165.021
2017060600 153.971
2017060601 163.301
2017060602 167.673
2017060603 165.095
2017060604 154.398
2017060605 159.24
2017060606 167.369
2017060607 139.563
2017060608 131.009
2017060609 129.441
2017060610 122.915
2017060611 121.259
2017060612 120.477
2017060613 125.691
2017060614 122.906
2017060615 120.767
2017060616 122.156
2017060617 113.881
2017060618 121.724
2017060619 134.355
2017060620 128.113
2017060621 125.293
2017060622 123.737
2017060623 123.759
2017060700 119.01
2017060701 120.403
2017060702 122.576
2017060703 124.537
2017060704 124.025
2017060705 126.003
2017060706 130.684
2017060707 128.953
2017060708 128.124
2017060709 125.851
2017060710 123.978
2017060711 123.922
2017060712 122.172
2017060713 123.623
2017060714 123.806
2017060715 124.152
2017060716 139.008
2017060717 138.089
2017060718 132.401
2017060719 127.701
2017060720 124.562
2017060721 124.141
2017060722 125.048
2017060723 125.262
