2017060100 172.307
2017060101 164.991
2017060102 168.629
2017060103 173.866
2017060104 159.683
2017060105 163.204
2017060106 171.753
2017060107 148.22
2017060108 148.205
2017060109 150.958
2017060110 149.462
2017060111 147.001
2017060112 143.634
2017060113 146.055
2017060114 145.648
2017060115 145.166
2017060116 193.354
2017060117 228.231
2017060118 256.351
2017060119 296.061
2017060120 331.304
2017060121 324.013
2017060122 317.127
2017060123 334.817
2017060200 245.998
2017060201 249.794
2017060202 253.663
2017060203 261.248
2017060204 275.997
2017060205 281.692
2017060206 256.333
2017060207 162.585
2017060208 169.566
2017060209 175.693
2017060210 160.721
2017060211 164.246
2017060212 168.186
2017060213 168.02
2017060214 172.872
2017060215 180.172
2017060216 241.331
2017060217 282.987
2017060218 304.569
2017060219 320.02
2017060220 337.347
2017060221 353.494
2017060222 371.285
2017060223 394.14
2017060300 365.754
2017060301 378.507
2017060302 369.545
2017060303 342.415
2017060304 319.841
2017060305 325.445
2017060306 352.097
2017060307 267.978
2017060308 268.427
2017060309 260.898
2017060310 184.893
2017060311 176.665
2017060312 170.452
2017060313 179.501
2017060314 179.732
2017060315 180.361
2017060316 205.472
2017060317 214.011
2017060318 206.107
2017060319 206.226
2017060320 204.784
2017060321 209.082
2017060322 211.605
2017060323 216.416
2017060400 229.255
2017060401 209.96
2017060402 198.823
2017060403 192.831
2017060404 155.945
2017060405 153.443
2017060406 159.558
2017060407 143.735
2017060408 138.848
2017060409 137.38
2017060410 135.733
2017060411 133.086
2017060412 131.009
2017060413 140.803
2017060414 154.936
2017060415 164.009
2017060416 168.094
2017060417 164.938
2017060418 156.306
2017060419 154.289
2017060420 156.548
2017060421 161.122
2017060422 165.191
2017060423 167.822
2017060500 159.304
2017060501 182.796
2017060502 202.69
2017060503 215.172
2017060504 164.781
2017060505 176.549
2017060506 193.959
2017060507 168.012
2017060508 168.802
2017060509 169.377
2017060510 156.899
2017060511 154.168
2017060512 152.217
2017060513 155.801
2017060514 163.055
2017060515 181.083
2017060516 244.299
2017060517 270.575
2017060518 262.839
2017060519 241.581
2017060520 237.409
2017060521 234.986
2017060522 239.701
2017060523 243.512
2017060600 211.106
2017060601 207.745
2017060602 206.842
2017060603 207.926
2017060604 157.948
2017060605 152.096
2017060606 152.229
2017060607 140.275
2017060608 141.267
2017060609 141.776
2017060610 139.275
2017060611 135.682
2017060612 131.77
2017060613 136.266
2017060614 133.508
2017060615 132.09
2017060616 141.123
2017060617 137.927
2017060618 134.844
2017060619 133.229
2017060620 132.57
2017060621 132.539
2017060622 135.712
2017060623 146.156
2017060700 150.804
2017060701 151.638
2017060702 152.683
2017060703 155.58
2017060704 140.071
2017060705 141.127
2017060706 145.081
2017060707 133.904
2017060708 134.637
2017060709 135.836
2017060710 132.81
2017060711 130.781
2017060712 130.243
2017060713 131.595
2017060714 131.83
2017060715 131.224
2017060716 183.098
2017060717 206.666
2017060718 197.719
2017060719 159.252
2017060720 154.129
2017060721 149.998
2017060722 149.92
2017060723 142.738
