2017060100 178.158
2017060101 176.402
2017060102 174.481
2017060103 173.213
2017060104 170.603
2017060105 176.189
2017060106 190.197
2017060107 160.51
2017060108 167.57
2017060109 175.101
2017060110 172.169
2017060111 167.546
2017060112 161.888
2017060113 164.212
2017060114 166.36
2017060115 170.418
2017060116 197.609
2017060117 220.665
2017060118 233.89
2017060119 239.511
2017060120 231.016
2017060121 216.781
2017060122 205.773
2017060123 199.343
2017060200 229.183
2017060201 228.986
2017060202 225.882
2017060203 217.97
2017060204 209.63
2017060205 206.968
2017060206 216.794
2017060207 170.01
2017060208 173.826
2017060209 175.337
2017060210 153.099
2017060211 152.131
2017060212 153.358
2017060213 161.76
2017060214 169.437
2017060215 179.334
2017060216 208.124
2017060217 229.111
2017060218 240.517
2017060219 254.168
2017060220 263.16
2017060221 265.773
2017060222 263.788
2017060223 260.329
2017060300 294.23
2017060301 276.974
2017060302 254.918
2017060303 229.867
2017060304 209.567
2017060305 202.023
2017060306 206.735
2017060307 182.829
2017060308 183.708
2017060309 187.267
2017060310 161.114
2017060311 162.03
2017060312 159.428
2017060313 154.581
2017060314 145.945
2017060315 147.266
2017060316 146.161
2017060317 135.029
2017060318 132.107
2017060319 138.828
2017060320 149.023
2017060321 158.357
2017060322 166.504
2017060323 167.289
2017060400 145.052
2017060401 131.0
2017060402 122.94
2017060403 113.37
2017060404 110.184
2017060405 112.042
2017060406 119.114
2017060407 122.992
2017060408 123.16
2017060409 124.155
2017060410 124.385
2017060411 124.404
2017060412 124.089
2017060413 122.957
2017060414 123.465
2017060415 125.278
2017060416 144.2
2017060417 159.067
2017060418 170.32
2017060419 184.726
2017060420 197.177
2017060421 206.756
2017060422 207.621
2017060423 200.809
2017060500 136.656
2017060501 134.431
2017060502 137.292
2017060503 142.127
2017060504 148.119
2017060505 156.841
2017060506 171.903
2017060507 183.027
2017060508 194.423
2017060509 204.238
2017060510 211.903
2017060511 222.007
2017060512 230.763
2017060513 241.365
2017060514 245.528
2017060515 229.84
2017060516 224.648
2017060517 221.241
2017060518 215.624
2017060519 222.575
2017060520 228.127
2017060521 232.971
2017060522 235.862
2017060523 236.6
2017060600 275.588
2017060601 256.897
2017060602 237.907
2017060603 219.923
2017060604 205.865
2017060605 193.235
2017060606 194.484
2017060607 142.328
2017060608 135.438
2017060609 130.471
2017060610 127.167
2017060611 123.374
2017060612 122.668
2017060613 118.758
2017060614 117.312
2017060615 116.907
2017060616 122.193
2017060617 121.486
2017060618 119.572
2017060619 122.659
2017060620 122.399
2017060621 120.584
2017060622 118.582
2017060623 118.862
2017060700 116.718
2017060701 115.921
2017060702 114.254
2017060703 112.076
2017060704 107.327
2017060705 107.75
2017060706 113.614
2017060707 115.412
2017060708 115.111
2017060709 114.754
2017060710 112.591
2017060711 111.976
2017060712 112.594
2017060713 112.822
2017060714 113.432
2017060715 114.18
2017060716 126.892
2017060717 130.552
2017060718 129.176
2017060719 135.703
2017060720 139.912
2017060721 144.094
2017060722 151.768
2017060723 157.914
