2017060100 12.82
2017060101 11.946
2017060102 10.849
2017060103 10.022
2017060104 5.967
2017060105 4.388
2017060106 3.845
2017060107 2.431
2017060108 1.98
2017060109 1.541
2017060110 1.195
2017060111 1.099
2017060112 1.066
2017060113 1.208
2017060114 1.293
2017060115 1.438
2017060116 3.518
2017060117 5.615
2017060118 7.777
2017060119 10.546
2017060120 11.696
2017060121 11.193
2017060122 11.289
2017060123 11.805
2017060200 15.303
2017060201 16.733
2017060202 16.601
2017060203 15.361
2017060204 12.552
2017060205 9.342
2017060206 7.819
2017060207 7.638
2017060208 7.5
2017060209 6.56
2017060210 2.243
2017060211 1.62
2017060212 1.392
2017060213 1.301
2017060214 1.328
2017060215 1.452
2017060216 4.245
2017060217 6.544
2017060218 7.959
2017060219 8.588
2017060220 9.099
2017060221 10.828
2017060222 12.333
2017060223 13.077
2017060300 13.858
2017060301 14.036
2017060302 13.859
2017060303 13.324
2017060304 10.854
2017060305 8.125
2017060306 7.083
2017060307 6.179
2017060308 4.988
2017060309 3.645
2017060310 1.277
2017060311 1.113
2017060312 1.049
2017060313 1.242
2017060314 1.306
2017060315 1.436
2017060316 3.221
2017060317 4.67
2017060318 6.346
2017060319 6.109
2017060320 5.691
2017060321 5.256
2017060322 5.803
2017060323 6.763
2017060400 9.152
2017060401 9.944
2017060402 10.312
2017060403 9.775
2017060404 7.416
2017060405 5.373
2017060406 4.218
2017060407 3.459
2017060408 3.647
2017060409 4.226
2017060410 2.206
2017060411 1.594
2017060412 1.441
2017060413 1.525
2017060414 1.705
2017060415 2.028
2017060416 2.482
2017060417 3.043
2017060418 3.762
2017060419 6.048
2017060420 7.536
2017060421 8.407
2017060422 10.225
2017060423 11.668
2017060500 13.565
2017060501 14.492
2017060502 14.92
2017060503 14.659
2017060504 13.321
2017060505 10.833
2017060506 9.373
2017060507 6.337
2017060508 5.337
2017060509 3.872
2017060510 2.463
2017060511 1.626
2017060512 1.286
2017060513 1.099
2017060514 1.143
2017060515 1.284
2017060516 3.48
2017060517 5.011
2017060518 6.321
2017060519 7.611
2017060520 9.082
2017060521 8.462
2017060522 9.036
2017060523 10.643
2017060600 9.973
2017060601 10.863
2017060602 11.188
2017060603 10.976
2017060604 10.127
2017060605 8.243
2017060606 6.409
2017060607 4.564
2017060608 3.176
2017060609 2.346
2017060610 2.212
2017060611 2.017
2017060612 1.976
2017060613 2.15
2017060614 2.168
2017060615 2.484
2017060616 2.979
2017060617 3.671
2017060618 4.118
2017060619 6.518
2017060620 6.148
2017060621 5.637
2017060622 6.059
2017060623 6.175
2017060700 5.777
2017060701 6.072
2017060702 6.213
2017060703 6.205
2017060704 4.609
2017060705 3.593
2017060706 3.094
2017060707 2.322
2017060708 1.848
2017060709 1.431
2017060710 1.047
2017060711 0.963
2017060712 0.943
2017060713 1.279
2017060714 1.48
2017060715 1.772
2017060716 2.992
2017060717 3.616
2017060718 4.39
2017060719 6.066
2017060720 6.939
2017060721 7.328
2017060722 7.434
2017060723 7.659
2017060800 9.013
2017060801 9.995
2017060802 10.358
2017060803 10.24
2017060804 8.008
2017060805 6.771
2017060806 6.289
2017060807 4.155
2017060808 3.154
2017060809 2.426
2017060810 1.78
2017060811 1.517
2017060812 1.363
2017060813 1.352
2017060814 1.363
2017060815 1.471
2017060816 4.103
2017060817 6.368
2017060818 8.254
2017060819 10.01
2017060820 11.572
2017060821 12.931
2017060822 14
2017060823 14.782
2017060900 15.13
2017060901 14.293
2017060902 11.573
2017060903 8.571
2017060904 5.915
2017060905 4.621
2017060906 4.297
2017060907 2.452
2017060908 1.972
2017060909 1.537
2017060910 1.199
2017060911 1.169
2017060912 1.223
2017060913 1.333
2017060914 1.447
2017060915 1.643
2017060916 3.633
2017060917 5.252
2017060918 7.07
2017060919 8.302
2017060920 9.51
2017060921 10.751
2017060922 12.592
2017060923 12.835
2017061000 15.604
2017061001 15.162
2017061002 14.655
2017061003 13.898
2017061004 9.11
2017061005 6.342
2017061006 5.187
2017061007 3.384
2017061008 2.271
2017061009 1.621
2017061010 1.213
2017061011 1.148
2017061012 1.115
2017061013 1.219
2017061014 1.219
2017061015 1.315
2017061016 2.969
2017061017 4.498
2017061018 6.083
2017061019 8.406
2017061020 9.238
2017061021 7.697
2017061022 7.538
2017061023 9.249
