2017060100 122.248
2017060101 122.473
2017060102 122.287
2017060103 121.999
2017060104 122.13
2017060105 123.013
2017060106 124.712
2017060107 124.451
2017060108 123.452
2017060109 122.29
2017060110 122.853
2017060111 124.406
2017060112 125.999
2017060113 127.457
2017060114 129.47
2017060115 131.713
2017060116 134.478
2017060117 136.816
2017060118 138.021
2017060119 138.637
2017060120 139.043
2017060121 139.105
2017060122 138.768
2017060123 138.086
2017060200 128.111
2017060201 127.627
2017060202 127.556
2017060203 128.094
2017060204 129.195
2017060205 130.324
2017060206 131.887
2017060207 125.312
2017060208 123.955
2017060209 124.388
2017060210 125.686
2017060211 126.054
2017060212 125.437
2017060213 121.586
2017060214 118.577
2017060215 116.588
2017060216 118.236
2017060217 119.774
2017060218 120.655
2017060219 121.255
2017060220 121.824
2017060221 122.16
2017060222 122.23
2017060223 122.105
2017060300 131.741
2017060301 129.645
2017060302 125.981
2017060303 120.929
2017060304 116.413
2017060305 114.056
2017060306 113.185
2017060307 99.885
2017060308 99.941
2017060309 100.657
2017060310 102.307
2017060311 104.481
2017060312 107.129
2017060313 107.862
2017060314 109.005
2017060315 109.379
2017060316 112.177
2017060317 114.766
2017060318 116.991
2017060319 119.038
2017060320 120.468
2017060321 120.887
2017060322 120.81
2017060323 120.774
2017060400 146.377
2017060401 146.648
2017060402 146.935
2017060403 147.446
2017060404 148.092
2017060405 149.023
2017060406 149.927
2017060407 146.012
2017060408 144.678
2017060409 144.315
2017060410 137.98
2017060411 128.897
2017060412 121.7
2017060413 121.594
2017060414 122.565
2017060415 122.116
2017060416 120.556
2017060417 119.306
2017060418 117.768
2017060419 116.863
2017060420 116.141
2017060421 114.838
2017060422 113.145
2017060423 111.998
2017060500 111.28
2017060501 110.937
2017060502 110.446
2017060503 109.819
2017060504 111.363
2017060505 113.276
2017060506 115.509
2017060507 117.808
2017060508 120.025
2017060509 122.024
2017060510 123.506
2017060511 124.712
2017060512 125.527
2017060513 121.724
2017060514 121.286
2017060515 119.543
2017060516 118.01
2017060517 113.506
2017060518 108.698
2017060519 108.353
2017060520 108.126
2017060521 108.413
2017060522 108.768
2017060523 108.788
2017060600 107.772
2017060601 106.558
2017060602 105.725
2017060603 105.177
2017060604 104.434
2017060605 103.787
2017060606 103.721
2017060607 100.002
2017060608 97.023
2017060609 95.665
2017060610 94.916
2017060611 94.171
2017060612 93.059
2017060613 92.907
2017060614 93.315
2017060615 92.518
2017060616 93.048
2017060617 93.871
2017060618 94.941
2017060619 96.383
2017060620 98.075
2017060621 100.437
2017060622 102.621
2017060623 104.157
2017060700 100.95
2017060701 102.401
2017060702 103.651
2017060703 104.76
2017060704 105.768
2017060705 106.901
2017060706 108.493
2017060707 107.702
2017060708 108.688
2017060709 110.544
2017060710 113.574
2017060711 115.089
2017060712 115.777
2017060713 117.026
2017060714 118.194
2017060715 118.903
2017060716 119.536
2017060717 119.892
2017060718 119.188
2017060719 118.833
2017060720 118.216
2017060721 118.216
2017060722 117.96
2017060723 117.311
