2017060100 13.234
2017060101 12.193
2017060102 12.706
2017060103 13.304
2017060104 10.43
2017060105 9.019
2017060106 8.639
2017060107 5.284
2017060108 4.533
2017060109 3.911
2017060110 3.301
2017060111 2.886
2017060112 2.602
2017060113 3.121
2017060114 3.44
2017060115 3.922
2017060116 10.754
2017060117 17.099
2017060118 25.247
2017060119 34.392
2017060120 37.869
2017060121 34.92
2017060122 33.533
2017060123 36.335
2017060200 29.161
2017060201 29.228
2017060202 28.755
2017060203 27.487
2017060204 21.864
2017060205 17.596
2017060206 16.91
2017060207 7.183
2017060208 6.726
2017060209 6.178
2017060210 4.053
2017060211 3.806
2017060212 3.737
2017060213 3.43
2017060214 3.718
2017060215 4.451
2017060216 14.132
2017060217 24.046
2017060218 36.132
2017060219 48.009
2017060220 52.128
2017060221 50.508
2017060222 48.677
2017060223 50.513
2017060300 52.731
2017060301 51.954
2017060302 49.569
2017060303 45.62
2017060304 39.323
2017060305 33.851
2017060306 30.561
2017060307 33.983
2017060308 30.588
2017060309 24.104
2017060310 7.569
2017060311 4.362
2017060312 3.146
2017060313 3.958
2017060314 4.72
2017060315 5.837
2017060316 10.947
2017060317 14.921
2017060318 15.073
2017060319 17.224
2017060320 19.303
2017060321 22.452
2017060322 24.951
2017060323 26.794
2017060400 23.738
2017060401 20.488
2017060402 17.826
2017060403 15.58
2017060404 8.446
2017060405 6.771
2017060406 6.491
2017060407 3.824
2017060408 2.882
2017060409 2.381
2017060410 2.427
2017060411 2.32
2017060412 2.324
2017060413 2.692
2017060414 3.164
2017060415 3.721
2017060416 5.642
2017060417 6.985
2017060418 7.84
2017060419 8.804
2017060420 9.315
2017060421 9.754
2017060422 10.186
2017060423 10.852
2017060500 12.835
2017060501 15.374
2017060502 17.322
2017060503 17.731
2017060504 9.48
2017060505 9.537
2017060506 10.393
2017060507 7.217
2017060508 7.377
2017060509 7.647
2017060510 6.168
2017060511 6.138
2017060512 5.711
2017060513 5.714
2017060514 5.839
2017060515 7.591
2017060516 16.724
2017060517 24.263
2017060518 28.688
2017060519 29.126
2017060520 28.642
2017060521 29.025
2017060522 32.966
2017060523 37.428
2017060600 25.307
2017060601 23.182
2017060602 21.172
2017060603 19.352
2017060604 9.265
2017060605 6.809
2017060606 6.031
2017060607 4.189
2017060608 3.773
2017060609 3.421
2017060610 3.07
2017060611 2.898
2017060612 2.786
2017060613 3.114
2017060614 3.439
2017060615 3.96
2017060616 6.279
2017060617 6.851
2017060618 7.252
2017060619 7.446
2017060620 7.768
2017060621 8.644
2017060622 9.23
2017060623 8.556
2017060700 10.552
2017060701 10.762
2017060702 11.264
2017060703 11.689
2017060704 7.781
2017060705 6.48
2017060706 6.003
2017060707 3.486
2017060708 3.054
2017060709 2.768
2017060710 2.214
2017060711 2.005
2017060712 1.977
2017060713 2.14
2017060714 2.352
2017060715 2.658
2017060716 9.707
2017060717 14.467
2017060718 17.009
2017060719 12.466
2017060720 11.637
2017060721 11.396
2017060722 11.431
2017060723 10.324
2017060800 18.514
2017060801 19.345
2017060802 19.837
2017060803 19.806
2017060804 14.129
2017060805 12.033
2017060806 12.188
2017060807 6.838
2017060808 6.136
2017060809 5.451
2017060810 4.296
2017060811 3.772
2017060812 3.487
2017060813 3.688
2017060814 4.105
2017060815 4.912
2017060816 13.508
2017060817 21.297
2017060818 29.766
2017060819 36.557
2017060820 38.673
2017060821 39.161
2017060822 38.585
2017060823 36.745
2017060900 34.709
2017060901 33.938
2017060902 31.42
2017060903 26.635
2017060904 21.038
2017060905 17.746
2017060906 16.964
2017060907 4.801
2017060908 4.874
2017060909 4.641
2017060910 3.475
2017060911 3.016
2017060912 2.84
2017060913 2.959
2017060914 3.171
2017060915 3.594
2017060916 11.963
2017060917 17.241
2017060918 17.807
2017060919 17.349
2017060920 17.594
2017060921 17.821
2017060922 13.453
2017060923 12.341
2017061000 18.324
2017061001 16.504
2017061002 16.864
2017061003 16.55
2017061004 13.692
2017061005 12.13
2017061006 12.265
2017061007 11.822
2017061008 10.42
2017061009 8.292
2017061010 5.175
2017061011 4.008
2017061012 3.583
2017061013 4.287
2017061014 4.621
2017061015 5.001
2017061016 8.071
2017061017 10.662
2017061018 13.737
2017061019 19.468
2017061020 21.342
2017061021 21.262
2017061022 21.28
2017061023 23.013
