2017060100 109.027
2017060101 109.009
2017060102 108.902
2017060103 108.825
2017060104 104.533
2017060105 103.386
2017060106 104.675
2017060107 103.878
2017060108 104.05
2017060109 104.444
2017060110 103.958
2017060111 104.062
2017060112 104.26
2017060113 105.196
2017060114 105.915
2017060115 106.885
2017060116 112.572
2017060117 117.012
2017060118 118.823
2017060119 120.471
2017060120 121.576
2017060121 122.866
2017060122 123.578
2017060123 123.092
2017060200 125.318
2017060201 127.013
2017060202 127.578
2017060203 126.727
2017060204 126.127
2017060205 127.955
2017060206 133.202
2017060207 124.634
2017060208 126.07
2017060209 125.712
2017060210 111.796
2017060211 110.529
2017060212 110.209
2017060213 109.308
2017060214 109.181
2017060215 109.501
2017060216 116.069
2017060217 120.264
2017060218 120.358
2017060219 119.398
2017060220 119.525
2017060221 123.516
2017060222 128.574
2017060223 131.456
2017060300 133.674
2017060301 133.543
2017060302 133.482
2017060303 134.017
2017060304 134.305
2017060305 134.931
2017060306 136.879
2017060307 129.655
2017060308 131.588
2017060309 133.597
2017060310 114.695
2017060311 112.392
2017060312 109.945
2017060313 110.089
2017060314 108.496
2017060315 107.561
2017060316 111.949
2017060317 114.387
2017060318 116.494
2017060319 114.945
2017060320 122.243
2017060321 134.921
2017060322 135.843
2017060323 136.514
2017060400 130.245
2017060401 128.662
2017060402 129.452
2017060403 129.034
2017060404 122.896
2017060405 115.86
2017060406 114.711
2017060407 118.653
2017060408 126.307
2017060409 145.245
2017060410 147.697
2017060411 129.41
2017060412 117.442
2017060413 114.084
2017060414 109.743
2017060415 117.431
2017060416 125.578
2017060417 125.079
2017060418 122.901
2017060419 123.153
2017060420 122.233
2017060421 120.156
2017060422 119.987
2017060423 119.837
2017060500 118.945
2017060501 119.569
2017060502 120.388
2017060503 121.091
2017060504 121.018
2017060505 122.343
2017060506 125.294
2017060507 119.053
2017060508 119.374
2017060509 118.432
2017060510 115.216
2017060511 111.9
2017060512 109.278
2017060513 106.734
2017060514 106.185
2017060515 106.519
2017060516 112.084
2017060517 115.679
2017060518 117.392
2017060519 118.851
2017060520 120.69
2017060521 121.69
2017060522 126.244
2017060523 132.943
2017060600 131.28
2017060601 135.992
2017060602 138.743
2017060603 138.956
2017060604 139.176
2017060605 135.297
2017060606 127.566
2017060607 123.32
2017060608 122.157
2017060609 122.949
2017060610 123.217
2017060611 124.217
2017060612 124.555
2017060613 117.73
2017060614 109.015
2017060615 105.754
2017060616 103.313
2017060617 100.447
2017060618 109.185
2017060619 130.03
2017060620 131.932
2017060621 123.788
2017060622 119.658
2017060623 119.089
2017060700 110.667
2017060701 110.57
2017060702 109.802
2017060703 108.858
2017060704 106.888
2017060705 106.373
2017060706 106.895
2017060707 104.857
2017060708 103.291
2017060709 102.552
2017060710 101.584
2017060711 101.498
2017060712 101.122
2017060713 101.314
2017060714 101.544
2017060715 102.82
2017060716 106.804
2017060717 105.62
2017060718 104.646
2017060719 105.524
2017060720 105.885
2017060721 105.437
2017060722 105.205
2017060723 105.606
