2017060100 110.609
2017060101 112.901
2017060102 115.777
2017060103 118.96
2017060104 120.764
2017060105 121.059
2017060106 120.466
2017060107 105.381
2017060108 104.789
2017060109 104.701
2017060110 104.051
2017060111 104.663
2017060112 105.788
2017060113 106.639
2017060114 107.171
2017060115 107.534
2017060116 111.399
2017060117 113.602
2017060118 113.889
2017060119 114.338
2017060120 114.85
2017060121 115.654
2017060122 117.34
2017060123 118.417
2017060200 117.814
2017060201 116.9
2017060202 116.139
2017060203 114.909
2017060204 113.827
2017060205 113.968
2017060206 116.216
2017060207 110.784
2017060208 111.504
2017060209 112.247
2017060210 108.234
2017060211 107.613
2017060212 107.032
2017060213 106.598
2017060214 106.173
2017060215 105.584
2017060216 109.594
2017060217 114.108
2017060218 118.773
2017060219 123.066
2017060220 125.419
2017060221 126.066
2017060222 125.729
2017060223 125.303
2017060300 119.615
2017060301 116.222
2017060302 114.367
2017060303 113.244
2017060304 113.092
2017060305 114.224
2017060306 116.662
2017060307 115.266
2017060308 115.252
2017060309 115.163
2017060310 114.645
2017060311 113.861
2017060312 113.068
2017060313 112.149
2017060314 111.452
2017060315 110.072
2017060316 112.17
2017060317 114.93
2017060318 121.166
2017060319 129.283
2017060320 138.996
2017060321 148.826
2017060322 150.797
2017060323 147.948
2017060400 145.467
2017060401 148.421
2017060402 149.842
2017060403 149.698
2017060404 144.532
2017060405 137.16
2017060406 132.214
2017060407 133.289
2017060408 134.717
2017060409 125.538
2017060410 118.545
2017060411 116.353
2017060412 106.816
2017060413 105.379
2017060414 108.555
2017060415 119.147
2017060416 127.114
2017060417 123.49
2017060418 116.849
2017060419 115.13
2017060420 114.294
2017060421 114.363
2017060422 115.157
2017060423 115.666
2017060500 117.375
2017060501 113.849
2017060502 111.989
2017060503 111.354
2017060504 107.505
2017060505 108.132
2017060506 109.978
2017060507 107.909
2017060508 108.206
2017060509 108.411
2017060510 108.323
2017060511 108.123
2017060512 107.767
2017060513 107.728
2017060514 107.809
2017060515 107.989
2017060516 111.116
2017060517 113.85
2017060518 116.254
2017060519 118.687
2017060520 120.491
2017060521 121.764
2017060522 122.02
2017060523 123.937
2017060600 122.623
2017060601 125.278
2017060602 127.889
2017060603 126.101
2017060604 121.807
2017060605 122.264
2017060606 123.178
2017060607 121.57
2017060608 124.165
2017060609 126.796
2017060610 123.305
2017060611 117.301
2017060612 115.03
2017060613 114.618
2017060614 114.094
2017060615 109.941
2017060616 99.734
2017060617 108.353
2017060618 124.845
2017060619 123.819
2017060620 121.648
2017060621 120.769
2017060622 119.436
2017060623 115.495
2017060700 105.813
2017060701 105.077
2017060702 105.38
2017060703 106.12
2017060704 105.064
2017060705 104.35
2017060706 103.367
2017060707 101.703
2017060708 101.22
2017060709 101.111
2017060710 100.345
2017060711 99.279
2017060712 97.926
2017060713 97.649
2017060714 98.13
2017060715 99.234
2017060716 99.847
2017060717 100.609
2017060718 101.147
2017060719 101.637
2017060720 101.428
2017060721 101.608
2017060722 102.64
2017060723 103.774
