2017060100 7.667
2017060101 7.352
2017060102 7.027
2017060103 6.763
2017060104 6.501
2017060105 5.609
2017060106 5.25
2017060107 4.497
2017060108 3.713
2017060109 2.581
2017060110 1.581
2017060111 1.236
2017060112 1.139
2017060113 1.322
2017060114 1.468
2017060115 1.751
2017060116 3.234
2017060117 4.786
2017060118 6.474
2017060119 8.325
2017060120 9.141
2017060121 9.642
2017060122 9.998
2017060123 9.422
2017060200 7.406
2017060201 6.795
2017060202 5.943
2017060203 5.102
2017060204 4.439
2017060205 3.93
2017060206 4.05
2017060207 3.216
2017060208 2.879
2017060209 2.387
2017060210 1.681
2017060211 1.472
2017060212 1.419
2017060213 1.668
2017060214 1.884
2017060215 2.213
2017060216 3.714
2017060217 5.442
2017060218 7.502
2017060219 9.729
2017060220 10.524
2017060221 10.533
2017060222 10.283
2017060223 9.514
2017060300 9.251
2017060301 8.163
2017060302 6.985
2017060303 5.939
2017060304 5.061
2017060305 3.988
2017060306 3.629
2017060307 2.805
2017060308 2.504
2017060309 2.094
2017060310 1.515
2017060311 1.338
2017060312 1.271
2017060313 1.372
2017060314 1.37
2017060315 1.591
2017060316 3.062
2017060317 3.602
2017060318 3.994
2017060319 5.409
2017060320 6.195
2017060321 6.667
2017060322 6.952
2017060323 6.234
2017060400 4.023
2017060401 3.453
2017060402 3.734
2017060403 3.39
2017060404 3.194
2017060405 3.31
2017060406 3.58
2017060407 3.874
2017060408 3.841
2017060409 2.89
2017060410 1.674
2017060411 1.264
2017060412 1.205
2017060413 0.949
2017060414 1.007
2017060415 1.19
2017060416 2.591
2017060417 4.112
2017060418 6.1
2017060419 8.774
2017060420 10.227
2017060421 10.876
2017060422 11.289
2017060423 11.824
2017060500 8.949
2017060501 9.066
2017060502 9.015
2017060503 8.88
2017060504 8.569
2017060505 7.377
2017060506 6.463
2017060507 5.764
2017060508 5.221
2017060509 4.273
2017060510 3.128
2017060511 2.179
2017060512 1.753
2017060513 1.923
2017060514 2.075
2017060515 2.434
2017060516 3.513
2017060517 4.551
2017060518 5.751
2017060519 7.852
2017060520 9.145
2017060521 9.813
2017060522 10.259
2017060523 10.345
2017060600 7.4
2017060601 6.655
2017060602 5.948
2017060603 5.419
2017060604 4.903
2017060605 4.182
2017060606 4.123
2017060607 3.562
2017060608 2.671
2017060609 1.858
2017060610 1.073
2017060611 0.8
2017060612 0.757
2017060613 0.676
2017060614 0.721
2017060615 0.787
2017060616 1.357
2017060617 1.614
2017060618 1.935
2017060619 2.713
2017060620 3.007
2017060621 3.416
2017060622 3.719
2017060623 3.659
2017060700 2.842
2017060701 2.841
2017060702 2.816
2017060703 2.787
2017060704 2.502
2017060705 2.286
2017060706 2.248
2017060707 1.825
2017060708 1.479
2017060709 1.113
2017060710 0.781
2017060711 0.662
2017060712 0.612
2017060713 0.66
2017060714 0.697
2017060715 0.81
2017060716 1.713
2017060717 2.515
2017060718 3.369
2017060719 5.673
2017060720 7.057
2017060721 7.668
2017060722 8.002
2017060723 8.031
2017060800 6.309
2017060801 6.121
2017060802 5.934
2017060803 5.701
2017060804 5.206
2017060805 4.073
2017060806 3.701
2017060807 3.464
2017060808 3.411
2017060809 2.976
2017060810 1.933
2017060811 1.505
2017060812 1.229
2017060813 1.091
2017060814 1.153
2017060815 1.328
2017060816 2.865
2017060817 3.568
2017060818 4.213
2017060819 5.066
2017060820 5.625
2017060821 6.351
2017060822 6.986
2017060823 7.174
2017060900 6.547
2017060901 6.713
2017060902 6.623
2017060903 6.077
2017060904 5.18
2017060905 4.182
2017060906 4.029
2017060907 3.036
2017060908 2.382
2017060909 1.648
2017060910 1.391
2017060911 1.295
2017060912 1.299
2017060913 1.417
2017060914 1.459
2017060915 1.645
2017060916 3.345
2017060917 4.321
2017060918 3.829
2017060919 3.99
2017060920 4.627
2017060921 5.221
2017060922 5.746
2017060923 6.268
2017061000 7.453
2017061001 7.096
2017061002 7.025
2017061003 6.938
2017061004 6.632
2017061005 5.67
2017061006 5.129
2017061007 4.36
2017061008 3.65
2017061009 2.674
2017061010 1.301
2017061011 1.05
2017061012 0.948
2017061013 0.914
2017061014 0.939
2017061015 1.017
2017061016 2.274
2017061017 3.358
2017061018 4.988
2017061019 7.091
2017061020 8.379
2017061021 8.936
2017061022 9.236
2017061023 9.094
