2017060100 14.062
2017060101 13.431
2017060102 12.205
2017060103 11.34
2017060104 8.356
2017060105 8.402
2017060106 9.896
2017060107 6.727
2017060108 6.777
2017060109 5.763
2017060110 3.177
2017060111 2.573
2017060112 2.427
2017060113 2.703
2017060114 2.922
2017060115 3.403
2017060116 15.785
2017060117 24.041
2017060118 25.422
2017060119 22.658
2017060120 22.098
2017060121 21.838
2017060122 25.611
2017060123 30.607
2017060200 39.967
2017060201 37.087
2017060202 34.418
2017060203 31.641
2017060204 22.941
2017060205 19.807
2017060206 20.444
2017060207 12.494
2017060208 12.647
2017060209 11.024
2017060210 6.693
2017060211 4.309
2017060212 3.476
2017060213 3.467
2017060214 3.859
2017060215 4.658
2017060216 16.431
2017060217 23.958
2017060218 27.018
2017060219 31.016
2017060220 29.919
2017060221 28.012
2017060222 27.935
2017060223 28.222
2017060300 26.575
2017060301 23.865
2017060302 20.836
2017060303 18.622
2017060304 15.567
2017060305 13.772
2017060306 14.32
2017060307 12.836
2017060308 13.204
2017060309 11.893
2017060310 4.971
2017060311 3.311
2017060312 2.76
2017060313 3.859
2017060314 4.196
2017060315 4.629
2017060316 8.579
2017060317 10.016
2017060318 10.478
2017060319 13.252
2017060320 13.348
2017060321 14.211
2017060322 14.511
2017060323 13.432
2017060400 13.292
2017060401 11.801
2017060402 10.321
2017060403 9.249
2017060404 7.914
2017060405 7.922
2017060406 9.188
2017060407 7.361
2017060408 6.523
2017060409 5.3
2017060410 5.268
2017060411 3.954
2017060412 3.615
2017060413 3.05
2017060414 3.471
2017060415 4.321
2017060416 6.328
2017060417 7.572
2017060418 8.475
2017060419 10.864
2017060420 10.762
2017060421 10.832
2017060422 11.76
2017060423 11.604
2017060500 15.525
2017060501 16.738
2017060502 16.266
2017060503 15.256
2017060504 10.53
2017060505 10.855
2017060506 13.187
2017060507 10.079
2017060508 10.399
2017060509 9.42
2017060510 9.054
2017060511 7.73
2017060512 6.59
2017060513 3.859
2017060514 3.719
2017060515 4.26
2017060516 12.418
2017060517 16.89
2017060518 17.256
2017060519 20.233
2017060520 19.861
2017060521 20.087
2017060522 21.154
2017060523 21.4
2017060600 15.623
2017060601 19.028
2017060602 20.23
2017060603 18.791
2017060604 13.597
2017060605 12.393
2017060606 12.07
2017060607 5.781
2017060608 4.212
2017060609 3.363
2017060610 2.673
2017060611 2.655
2017060612 2.785
2017060613 3.796
2017060614 4
2017060615 4.593
2017060616 6.471
2017060617 6.554
2017060618 6.933
2017060619 7.469
2017060620 7.267
2017060621 7.308
2017060622 7.263
2017060623 7.116
2017060700 6.31
2017060701 6.448
2017060702 6.695
2017060703 6.58
2017060704 5.515
2017060705 4.983
2017060706 5.3
2017060707 4.583
2017060708 4.239
2017060709 3.578
2017060710 2.877
2017060711 2.67
2017060712 2.624
2017060713 3.096
2017060714 3.369
2017060715 3.915
2017060716 9.053
2017060717 10.965
2017060718 11.316
2017060719 11.002
2017060720 10.014
2017060721 9.858
2017060722 10.581
2017060723 10.702
2017060800 9.47
2017060801 9.523
2017060802 8.991
2017060803 8.364
2017060804 6.139
2017060805 6.058
2017060806 6.873
2017060807 4.27
2017060808 3.987
2017060809 3.377
2017060810 2.707
2017060811 2.569
2017060812 2.632
2017060813 3.089
2017060814 3.408
2017060815 3.934
2017060816 16.109
2017060817 20.36
2017060818 24.263
2017060819 25.79
2017060820 25.704
2017060821 24.724
2017060822 21.059
2017060823 18.578
2017060900 19.599
2017060901 18.512
2017060902 18.246
2017060903 18.604
2017060904 11.903
2017060905 11.32
2017060906 12.775
2017060907 6.664
2017060908 5.14
2017060909 3.903
2017060910 2.989
2017060911 2.888
2017060912 2.958
2017060913 3.191
2017060914 3.371
2017060915 3.864
2017060916 9.694
2017060917 11.639
2017060918 12.409
2017060919 16.348
2017060920 16.03
2017060921 16.287
2017060922 11.772
2017060923 12.648
2017061000 10.684
2017061001 10.49
2017061002 10.082
2017061003 9.456
2017061004 8.316
2017061005 7.612
2017061006 7.747
2017061007 6.114
2017061008 5.187
2017061009 3.828
2017061010 2.331
2017061011 2.153
2017061012 2.157
2017061013 2.082
2017061014 2.283
2017061015 2.678
2017061016 7.612
2017061017 9.78
2017061018 10.291
2017061019 14.563
2017061020 15.431
2017061021 16.606
2017061022 18.003
2017061023 17.108
