2017060100 4.013
2017060101 4.194
2017060102 4.175
2017060103 3.941
2017060104 3.514
2017060105 2.817
2017060106 2.511
2017060107 2.277
2017060108 1.601
2017060109 1.016
2017060110 0.735
2017060111 0.663
2017060112 0.667
2017060113 0.738
2017060114 0.849
2017060115 1.04
2017060116 1.742
2017060117 2.643
2017060118 3.972
2017060119 5.551
2017060120 6.413
2017060121 7.05
2017060122 7.587
2017060123 7.984
2017060200 7.31
2017060201 6.898
2017060202 6.264
2017060203 5.57
2017060204 4.723
2017060205 3.542
2017060206 3.034
2017060207 2.556
2017060208 1.774
2017060209 1.174
2017060210 0.879
2017060211 0.757
2017060212 0.75
2017060213 0.737
2017060214 0.791
2017060215 0.907
2017060216 1.703
2017060217 2.637
2017060218 3.89
2017060219 5.359
2017060220 6.227
2017060221 6.89
2017060222 7.458
2017060223 7.852
2017060300 7.877
2017060301 7.439
2017060302 6.419
2017060303 5.135
2017060304 3.922
2017060305 3.004
2017060306 2.603
2017060307 1.207
2017060308 1.049
2017060309 0.847
2017060310 0.734
2017060311 0.673
2017060312 0.664
2017060313 0.627
2017060314 0.666
2017060315 0.751
2017060316 1.306
2017060317 1.86
2017060318 2.569
2017060319 3.662
2017060320 4.324
2017060321 4.811
2017060322 5.21
2017060323 5.524
2017060400 6.138
2017060401 6.197
2017060402 5.963
2017060403 5.556
2017060404 4.718
2017060405 3.638
2017060406 2.95
2017060407 2.25
2017060408 1.599
2017060409 1.103
2017060410 0.854
2017060411 0.68
2017060412 0.633
2017060413 0.755
2017060414 0.888
2017060415 1.063
2017060416 1.479
2017060417 2.191
2017060418 3.211
2017060419 4.489
2017060420 5.291
2017060421 5.85
2017060422 6.293
2017060423 6.704
2017060500 7.243
2017060501 7.456
2017060502 7.474
2017060503 7.197
2017060504 6.181
2017060505 4.774
2017060506 4.147
2017060507 3.862
2017060508 3.339
2017060509 2.542
2017060510 1.73
2017060511 1.195
2017060512 0.941
2017060513 0.776
2017060514 0.78
2017060515 0.849
2017060516 1.324
2017060517 1.672
2017060518 1.996
2017060519 2.998
2017060520 3.603
2017060521 4.244
2017060522 4.847
2017060523 5.279
2017060600 5.776
2017060601 5.633
2017060602 5.499
2017060603 5.375
2017060604 4.6
2017060605 3.209
2017060606 2.545
2017060607 1.997
2017060608 1.317
2017060609 0.85
2017060610 0.612
2017060611 0.522
2017060612 0.512
2017060613 0.624
2017060614 0.695
2017060615 0.785
2017060616 1.452
2017060617 2.303
2017060618 3.41
2017060619 4.609
2017060620 5.352
2017060621 5.897
2017060622 6.281
2017060623 6.412
2017060700 6.233
2017060701 6.401
2017060702 6.301
2017060703 6.046
2017060704 5.117
2017060705 3.506
2017060706 2.915
2017060707 2.403
2017060708 1.983
2017060709 1.514
2017060710 1.188
2017060711 0.898
2017060712 0.746
2017060713 0.81
2017060714 0.929
2017060715 1.193
2017060716 1.704
2017060717 2.467
2017060718 3.43
2017060719 4.818
2017060720 5.552
2017060721 6.202
2017060722 6.766
2017060723 7.12
2017060800 6.558
2017060801 6.411
2017060802 6.159
2017060803 5.908
2017060804 5.092
2017060805 3.533
2017060806 2.88
2017060807 2.489
2017060808 2.208
2017060809 1.828
2017060810 1.087
2017060811 0.77
2017060812 0.612
2017060813 0.621
2017060814 0.654
2017060815 0.751
2017060816 1.457
2017060817 2.241
2017060818 3.33
2017060819 4.756
2017060820 5.533
2017060821 6.116
2017060822 6.683
2017060823 7.081
2017060900 7.926
2017060901 8.114
2017060902 7.91
2017060903 7.323
2017060904 5.755
2017060905 3.667
2017060906 2.969
2017060907 3.262
2017060908 2.811
2017060909 2.051
2017060910 1.21
2017060911 0.879
2017060912 0.746
2017060913 0.732
2017060914 0.764
2017060915 0.872
2017060916 1.447
2017060917 2.108
2017060918 2.906
2017060919 4.125
2017060920 4.813
2017060921 5.315
2017060922 5.784
2017060923 6.071
2017061000 6.375
2017061001 6.291
2017061002 6.101
2017061003 5.81
2017061004 5.04
2017061005 3.719
2017061006 3.211
2017061007 2.641
2017061008 2.15
2017061009 1.568
2017061010 1.074
2017061011 0.815
2017061012 0.712
2017061013 0.721
2017061014 0.759
2017061015 0.861
2017061016 1.409
2017061017 2.051
2017061018 2.864
2017061019 3.773
2017061020 4.28
2017061021 4.709
2017061022 5.127
2017061023 5.417
