2017060100 143.866
2017060101 140.094
2017060102 138.506
2017060103 139.198
2017060104 141.747
2017060105 145.971
2017060106 153.538
2017060107 140.346
2017060108 142.656
2017060109 145.094
2017060110 141.521
2017060111 141.646
2017060112 142.175
2017060113 146.891
2017060114 148.172
2017060115 149.048
2017060116 159.135
2017060117 167.837
2017060118 173.414
2017060119 176.351
2017060120 176.015
2017060121 175.011
2017060122 172.935
2017060123 164.687
2017060200 161.041
2017060201 153.532
2017060202 145.404
2017060203 137.639
2017060204 131.889
2017060205 130.023
2017060206 133.135
2017060207 129.727
2017060208 133.091
2017060209 139.418
2017060210 140.296
2017060211 144.369
2017060212 147.466
2017060213 153.998
2017060214 159.749
2017060215 165.206
2017060216 177.58
2017060217 188.19
2017060218 195.846
2017060219 200.66
2017060220 199.927
2017060221 194.977
2017060222 187.427
2017060223 177.637
2017060300 166.194
2017060301 155.935
2017060302 146.704
2017060303 139.128
2017060304 134.588
2017060305 133.778
2017060306 137.417
2017060307 129.369
2017060308 131.099
2017060309 135.099
2017060310 135.029
2017060311 137.996
2017060312 138.155
2017060313 141.598
2017060314 137.084
2017060315 141.441
2017060316 154.861
2017060317 149.769
2017060318 141.94
2017060319 145.134
2017060320 146.839
2017060321 147.292
2017060322 146.165
2017060323 139.942
2017060400 115.854
2017060401 112.021
2017060402 112.877
2017060403 110.163
2017060404 108.501
2017060405 111.218
2017060406 114.546
2017060407 120.691
2017060408 124.93
2017060409 116.203
2017060410 106.944
2017060411 107.798
2017060412 110.86
2017060413 107.578
2017060414 107.214
2017060415 107.482
2017060416 117.248
2017060417 126.235
2017060418 134.524
2017060419 142.955
2017060420 148.732
2017060421 152.082
2017060422 153.823
2017060423 156.722
2017060500 144.147
2017060501 145.697
2017060502 147.189
2017060503 148.249
2017060504 145.48
2017060505 146.696
2017060506 150.222
2017060507 151.463
2017060508 154.874
2017060509 158.108
2017060510 162.78
2017060511 169.637
2017060512 179.166
2017060513 189.619
2017060514 189.291
2017060515 179.571
2017060516 174.1
2017060517 164.408
2017060518 156.004
2017060519 157.274
2017060520 157.051
2017060521 154.719
2017060522 151.637
2017060523 148.177
2017060600 163.587
2017060601 152.56
2017060602 143.869
2017060603 137.048
2017060604 131.897
2017060605 130.934
2017060606 136.133
2017060607 131.957
2017060608 130.608
2017060609 123.419
2017060610 116.576
2017060611 112.471
2017060612 109.709
2017060613 109.163
2017060614 109.653
2017060615 108.853
2017060616 110.811
2017060617 110.034
2017060618 109.606
2017060619 110.939
2017060620 111.219
2017060621 111.913
2017060622 112.304
2017060623 111.531
2017060700 106.0
2017060701 104.961
2017060702 104.368
2017060703 104.144
2017060704 102.964
2017060705 104.305
2017060706 106.853
2017060707 105.807
2017060708 105.926
2017060709 106.565
2017060710 106.054
2017060711 106.643
2017060712 106.611
2017060713 106.702
2017060714 106.568
2017060715 107.163
2017060716 112.735
2017060717 115.292
2017060718 115.721
2017060719 121.717
2017060720 125.55
2017060721 127.342
2017060722 127.433
2017060723 126.226
