2017060100 114.117
2017060101 114.944
2017060102 116.172
2017060103 117.589
2017060104 119.329
2017060105 121.785
2017060106 126.066
2017060107 113.091
2017060108 112.169
2017060109 110.705
2017060110 106.58
2017060111 106.089
2017060112 106.067
2017060113 106.325
2017060114 106.737
2017060115 107.554
2017060116 115.238
2017060117 121.874
2017060118 125.72
2017060119 123.82
2017060120 122.809
2017060121 119.065
2017060122 120.044
2017060123 121.451
2017060200 123.53
2017060201 124.154
2017060202 124.294
2017060203 124.706
2017060204 125.366
2017060205 127.372
2017060206 131.947
2017060207 119.416
2017060208 119.724
2017060209 120.635
2017060210 111.586
2017060211 111.473
2017060212 111.283
2017060213 111.122
2017060214 110.879
2017060215 111.125
2017060216 119.542
2017060217 127.141
2017060218 132.29
2017060219 135.694
2017060220 138.052
2017060221 136.429
2017060222 135.025
2017060223 136.081
2017060300 135.114
2017060301 134.965
2017060302 133.361
2017060303 131.612
2017060304 129.559
2017060305 129.899
2017060306 132.147
2017060307 123.308
2017060308 121.672
2017060309 120.948
2017060310 113.504
2017060311 112.52
2017060312 111.703
2017060313 110.694
2017060314 109.838
2017060315 110.406
2017060316 117.162
2017060317 124.034
2017060318 129.937
2017060319 133.805
2017060320 134.652
2017060321 132.891
2017060322 129.415
2017060323 125.872
2017060400 136.638
2017060401 137.747
2017060402 135.306
2017060403 129.074
2017060404 111.101
2017060405 109.069
2017060406 112.911
2017060407 113.618
2017060408 111.795
2017060409 106.804
2017060410 104.995
2017060411 110.957
2017060412 126.145
2017060413 124.062
2017060414 115.169
2017060415 110.038
2017060416 111.587
2017060417 113.561
2017060418 119.469
2017060419 131.089
2017060420 148.306
2017060421 167.92
2017060422 180.281
2017060423 185.582
2017060500 123.592
2017060501 125.248
2017060502 126.418
2017060503 126.994
2017060504 126.962
2017060505 128.795
2017060506 132.949
2017060507 123.584
2017060508 122.868
2017060509 121.851
2017060510 118.724
2017060511 117.471
2017060512 116.345
2017060513 117.376
2017060514 117.379
2017060515 117.754
2017060516 122.13
2017060517 124.464
2017060518 126.451
2017060519 128.221
2017060520 127.826
2017060521 126.633
2017060522 124.953
2017060523 123.383
2017060600 123.654
2017060601 122.994
2017060602 122.842
2017060603 123.279
2017060604 123.169
2017060605 124.673
2017060606 127.919
2017060607 123.072
2017060608 123.337
2017060609 123.947
2017060610 121.891
2017060611 120.866
2017060612 119.596
2017060613 122.125
2017060614 130.359
2017060615 130.335
2017060616 133.208
2017060617 129.439
2017060618 125.201
2017060619 121.251
2017060620 119.686
2017060621 119.226
2017060622 115.969
2017060623 110.201
2017060700 108.054
2017060701 107.037
2017060702 106.823
2017060703 105.93
2017060704 102.849
2017060705 101.868
2017060706 102.235
2017060707 101.308
2017060708 100.58
2017060709 99.557
2017060710 98.859
2017060711 98.75
2017060712 99.467
2017060713 99.698
2017060714 102.193
2017060715 104.17
2017060716 105.161
2017060717 103.598
2017060718 103.835
2017060719 105.743
2017060720 106.134
2017060721 106.33
2017060722 107.055
2017060723 107.792
