2017060100 173.951
2017060101 171.804
2017060102 170.137
2017060103 169.6
2017060104 167.42
2017060105 172.235
2017060106 183.848
2017060107 158.895
2017060108 162.981
2017060109 167.51
2017060110 156.028
2017060111 147.54
2017060112 143.032
2017060113 148.891
2017060114 154.943
2017060115 159.32
2017060116 182.004
2017060117 201.622
2017060118 216.461
2017060119 225.944
2017060120 231.83
2017060121 226.363
2017060122 215.502
2017060123 208.105
2017060200 209.169
2017060201 210.134
2017060202 208.126
2017060203 202.325
2017060204 197.014
2017060205 197.093
2017060206 207.74
2017060207 168.471
2017060208 173.55
2017060209 175.705
2017060210 154.124
2017060211 152.949
2017060212 152.635
2017060213 159.894
2017060214 166.249
2017060215 173.865
2017060216 199.603
2017060217 218.505
2017060218 228.918
2017060219 240.256
2017060220 247.066
2017060221 249.979
2017060222 250.448
2017060223 247.516
2017060300 268.124
2017060301 252.288
2017060302 233.445
2017060303 212.985
2017060304 196.463
2017060305 190.161
2017060306 195.092
2017060307 177.852
2017060308 181.171
2017060309 187.239
2017060310 163.045
2017060311 164.752
2017060312 164.27
2017060313 160.903
2017060314 148.825
2017060315 142.357
2017060316 146.628
2017060317 134.253
2017060318 130.506
2017060319 136.012
2017060320 142.21
2017060321 149.994
2017060322 158.476
2017060323 160.65
2017060400 137.242
2017060401 128.473
2017060402 121.839
2017060403 112.748
2017060404 110.171
2017060405 111.827
2017060406 118.472
2017060407 124.986
2017060408 126.391
2017060409 126.894
2017060410 127.179
2017060411 127.333
2017060412 126.917
2017060413 125.922
2017060414 126.378
2017060415 128.576
2017060416 146.656
2017060417 162.812
2017060418 175.283
2017060419 188.963
2017060420 200.356
2017060421 207.843
2017060422 205.246
2017060423 192.106
2017060500 134.311
2017060501 133.262
2017060502 136.568
2017060503 141.319
2017060504 146.831
2017060505 154.229
2017060506 167.229
2017060507 175.236
2017060508 184.877
2017060509 193.196
2017060510 200.178
2017060511 209.464
2017060512 218.305
2017060513 229.315
2017060514 236.708
2017060515 232.717
2017060516 241.06
2017060517 244.091
2017060518 239.523
2017060519 241.449
2017060520 241.877
2017060521 237.639
2017060522 230.995
2017060523 223.876
2017060600 253.22
2017060601 232.045
2017060602 211.054
2017060603 192.389
2017060604 179.471
2017060605 172.943
2017060606 175.501
2017060607 139.642
2017060608 136.419
2017060609 130.93
2017060610 127.288
2017060611 122.978
2017060612 121.653
2017060613 118.137
2017060614 116.22
2017060615 116.011
2017060616 121.384
2017060617 121.106
2017060618 119.154
2017060619 122.225
2017060620 122.483
2017060621 120.372
2017060622 118.359
2017060623 118.788
2017060700 116.732
2017060701 116.323
2017060702 115.028
2017060703 113.208
2017060704 108.971
2017060705 108.774
2017060706 114.112
2017060707 115.924
2017060708 115.377
2017060709 114.688
2017060710 112.074
2017060711 111.056
2017060712 111.634
2017060713 112.185
2017060714 112.929
2017060715 113.601
2017060716 125.548
2017060717 130.785
2017060718 130.569
2017060719 136.933
2017060720 141.737
2017060721 145.641
2017060722 153.24
2017060723 158.526
