2017060100 14.921
2017060101 14.557
2017060102 13.764
2017060103 12.856
2017060104 11.39
2017060105 9.737
2017060106 8.96
2017060107 6.762
2017060108 6.346
2017060109 5.177
2017060110 3.243
2017060111 2.199
2017060112 1.858
2017060113 2.241
2017060114 2.519
2017060115 3.008
2017060116 6.075
2017060117 9.148
2017060118 11.701
2017060119 13.915
2017060120 13.997
2017060121 13.676
2017060122 13.934
2017060123 14.327
2017060200 20.202
2017060201 19.393
2017060202 17.382
2017060203 14.801
2017060204 11.979
2017060205 9.142
2017060206 8.514
2017060207 6.025
2017060208 5.234
2017060209 3.787
2017060210 2.096
2017060211 1.834
2017060212 1.82
2017060213 2.54
2017060214 2.978
2017060215 3.661
2017060216 6.468
2017060217 9.397
2017060218 12.28
2017060219 16.378
2017060220 18.932
2017060221 20.31
2017060222 21.043
2017060223 21.23
2017060300 23.671
2017060301 21.481
2017060302 18.095
2017060303 14.462
2017060304 11.143
2017060305 8.038
2017060306 7.033
2017060307 6.356
2017060308 5.624
2017060309 4.426
2017060310 2.297
2017060311 1.993
2017060312 1.928
2017060313 2.411
2017060314 2.54
2017060315 2.932
2017060316 4.244
2017060317 4.8
2017060318 5.438
2017060319 7.697
2017060320 9.946
2017060321 11.827
2017060322 13.526
2017060323 13.836
2017060400 11.966
2017060401 9.047
2017060402 7.815
2017060403 5.691
2017060404 4.979
2017060405 4.703
2017060406 4.982
2017060407 5.06
2017060408 4.741
2017060409 4.172
2017060410 3.231
2017060411 2.294
2017060412 1.786
2017060413 1.715
2017060414 1.864
2017060415 2.24
2017060416 4.849
2017060417 7.471
2017060418 10.504
2017060419 15.139
2017060420 18.205
2017060421 19.867
2017060422 19.826
2017060423 18.557
2017060500 7.065
2017060501 7.001
2017060502 7.552
2017060503 7.992
2017060504 8.018
2017060505 7.287
2017060506 7.258
2017060507 7.451
2017060508 7.665
2017060509 7.179
2017060510 5.827
2017060511 4.275
2017060512 3.166
2017060513 3.251
2017060514 3.416
2017060515 3.752
2017060516 5.835
2017060517 8.242
2017060518 10.629
2017060519 14.615
2017060520 16.758
2017060521 17.911
2017060522 19.058
2017060523 20.097
2017060600 20.759
2017060601 18.362
2017060602 15.59
2017060603 12.984
2017060604 10.66
2017060605 8.276
2017060606 7.23
2017060607 3.535
2017060608 2.743
2017060609 1.953
2017060610 1.483
2017060611 1.243
2017060612 1.241
2017060613 1.143
2017060614 1.21
2017060615 1.384
2017060616 2.516
2017060617 3.13
2017060618 3.657
2017060619 5.352
2017060620 5.998
2017060621 6.131
2017060622 6.146
2017060623 6.409
2017060700 5.937
2017060701 5.806
2017060702 5.338
2017060703 4.734
2017060704 3.657
2017060705 3.016
2017060706 3.029
2017060707 2.788
2017060708 2.414
2017060709 1.958
2017060710 1.368
2017060711 1.115
2017060712 1.076
2017060713 1.1
2017060714 1.179
2017060715 1.359
2017060716 3.233
2017060717 4.48
2017060718 5.573
2017060719 8.649
2017060720 10.562
2017060721 11.804
2017060722 13.804
2017060723 15.221
2017060800 18.321
2017060801 17.108
2017060802 15.148
2017060803 12.448
2017060804 9.581
2017060805 6.425
2017060806 5.681
2017060807 6.117
2017060808 6.008
2017060809 4.851
2017060810 2.876
2017060811 2.258
2017060812 2.115
2017060813 1.973
2017060814 2.088
2017060815 2.39
2017060816 6.217
2017060817 10.062
2017060818 13.393
2017060819 16.437
2017060820 17.697
2017060821 17.961
2017060822 18.156
2017060823 17.662
2017060900 10.741
2017060901 9.814
2017060902 9.243
2017060903 8.545
2017060904 7.573
2017060905 6.58
2017060906 6.64
2017060907 5.279
2017060908 4.887
2017060909 3.487
2017060910 2.54
2017060911 2.235
2017060912 2.23
2017060913 1.991
2017060914 2.003
2017060915 2.192
2017060916 5.167
2017060917 7.754
2017060918 10.481
2017060919 13.033
2017060920 14.026
2017060921 14.762
2017060922 16.353
2017060923 17.245
2017061000 9.746
2017061001 10.749
2017061002 11.591
2017061003 12.148
2017061004 11.581
2017061005 9.248
2017061006 7.888
2017061007 7.105
2017061008 6.37
2017061009 4.737
2017061010 2.412
2017061011 1.836
2017061012 1.66
2017061013 1.65
2017061014 1.734
2017061015 1.944
2017061016 5.044
2017061017 8.315
2017061018 11.51
2017061019 14.914
2017061020 16.689
2017061021 17.344
2017061022 17.285
2017061023 15.688
