2017060100 14.053
2017060101 13.53
2017060102 12.663
2017060103 11.724
2017060104 10.339
2017060105 8.776
2017060106 8.175
2017060107 6.566
2017060108 5.833
2017060109 4.507
2017060110 2.646
2017060111 1.778
2017060112 1.539
2017060113 1.848
2017060114 2.107
2017060115 2.503
2017060116 5.26
2017060117 8.041
2017060118 10.759
2017060119 13.095
2017060120 14.377
2017060121 14.54
2017060122 14.542
2017060123 14.799
2017060200 17.089
2017060201 16.611
2017060202 14.911
2017060203 12.659
2017060204 10.26
2017060205 7.875
2017060206 7.522
2017060207 5.704
2017060208 4.998
2017060209 3.603
2017060210 2.003
2017060211 1.742
2017060212 1.707
2017060213 2.343
2017060214 2.738
2017060215 3.348
2017060216 5.921
2017060217 8.638
2017060218 11.358
2017060219 14.963
2017060220 16.991
2017060221 18.095
2017060222 18.89
2017060223 18.962
2017060300 18.899
2017060301 17.04
2017060302 14.365
2017060303 11.558
2017060304 8.946
2017060305 6.38
2017060306 5.632
2017060307 5.826
2017060308 5.212
2017060309 4.156
2017060310 2.245
2017060311 1.95
2017060312 1.902
2017060313 2.229
2017060314 2.327
2017060315 2.655
2017060316 4.014
2017060317 4.553
2017060318 5.225
2017060319 7.246
2017060320 8.707
2017060321 10.26
2017060322 11.998
2017060323 12.467
2017060400 10.395
2017060401 8.445
2017060402 7.493
2017060403 5.702
2017060404 5.055
2017060405 4.68
2017060406 4.942
2017060407 5.306
2017060408 5.103
2017060409 4.523
2017060410 3.59
2017060411 2.57
2017060412 1.928
2017060413 1.819
2017060414 1.957
2017060415 2.349
2017060416 4.758
2017060417 7.421
2017060418 10.543
2017060419 14.896
2017060420 17.473
2017060421 18.509
2017060422 17.86
2017060423 15.739
2017060500 6.555
2017060501 6.743
2017060502 7.344
2017060503 7.678
2017060504 7.548
2017060505 6.774
2017060506 6.733
2017060507 6.706
2017060508 6.662
2017060509 5.992
2017060510 4.755
2017060511 3.533
2017060512 2.729
2017060513 2.851
2017060514 3.042
2017060515 3.454
2017060516 5.695
2017060517 8.188
2017060518 10.604
2017060519 13.861
2017060520 15.464
2017060521 15.939
2017060522 16.267
2017060523 16.465
2017060600 16.861
2017060601 14.776
2017060602 12.357
2017060603 10.194
2017060604 8.424
2017060605 6.879
2017060606 6.202
2017060607 3.368
2017060608 2.765
2017060609 1.947
2017060610 1.441
2017060611 1.186
2017060612 1.162
2017060613 1.09
2017060614 1.154
2017060615 1.335
2017060616 2.446
2017060617 3.101
2017060618 3.624
2017060619 5.252
2017060620 5.976
2017060621 6.069
2017060622 6.113
2017060623 6.408
2017060700 5.941
2017060701 5.869
2017060702 5.423
2017060703 4.838
2017060704 3.834
2017060705 3.066
2017060706 3.043
2017060707 2.887
2017060708 2.486
2017060709 1.977
2017060710 1.342
2017060711 1.066
2017060712 1.024
2017060713 1.06
2017060714 1.138
2017060715 1.308
2017060716 3.061
2017060717 4.473
2017060718 5.708
2017060719 8.676
2017060720 10.671
2017060721 11.861
2017060722 13.722
2017060723 14.738
2017060800 16.432
2017060801 14.834
2017060802 12.867
2017060803 10.578
2017060804 8.226
2017060805 5.632
2017060806 5.114
2017060807 5.695
2017060808 5.335
2017060809 4.16
2017060810 2.591
2017060811 2.055
2017060812 1.926
2017060813 1.813
2017060814 1.944
2017060815 2.272
2017060816 5.706
2017060817 9.107
2017060818 11.989
2017060819 14.48
2017060820 15.18
2017060821 14.893
2017060822 14.621
2017060823 13.95
2017060900 10.379
2017060901 9.526
2017060902 8.831
2017060903 8.176
2017060904 7.311
2017060905 6.397
2017060906 6.513
2017060907 5.462
2017060908 5.291
2017060909 3.918
2017060910 2.634
2017060911 2.226
2017060912 2.204
2017060913 1.983
2017060914 1.966
2017060915 2.15
2017060916 4.924
2017060917 7.421
2017060918 10.328
2017060919 13.012
2017060920 13.97
2017060921 14.553
2017060922 16.083
2017060923 17.153
2017061000 10.046
2017061001 10.545
2017061002 11.124
2017061003 11.326
2017061004 10.537
2017061005 8.136
2017061006 6.726
2017061007 6.303
2017061008 5.514
2017061009 3.925
2017061010 1.941
2017061011 1.544
2017061012 1.448
2017061013 1.526
2017061014 1.594
2017061015 1.764
2017061016 4.548
2017061017 7.359
2017061018 10.032
2017061019 12.557
2017061020 13.516
2017061021 13.622
2017061022 13.354
2017061023 12.31
