2017060100 18.148
2017060101 19.118
2017060102 20.242
2017060103 20.124
2017060104 13.303
2017060105 11.433
2017060106 11.177
2017060107 5.088
2017060108 4.695
2017060109 3.796
2017060110 2.748
2017060111 2.476
2017060112 2.415
2017060113 2.476
2017060114 2.561
2017060115 2.883
2017060116 5.579
2017060117 7.653
2017060118 7.819
2017060119 12.07
2017060120 14.458
2017060121 16.585
2017060122 19.146
2017060123 20.919
2017060200 23.177
2017060201 23.08
2017060202 22.377
2017060203 20.857
2017060204 16.298
2017060205 11.879
2017060206 11.435
2017060207 8.804
2017060208 8.425
2017060209 7.579
2017060210 4.262
2017060211 3.158
2017060212 2.655
2017060213 2.607
2017060214 2.751
2017060215 3.155
2017060216 10.851
2017060217 17.025
2017060218 22.334
2017060219 25.253
2017060220 23.863
2017060221 21.007
2017060222 20.632
2017060223 20.491
2017060300 19.413
2017060301 19.772
2017060302 19.111
2017060303 16.994
2017060304 11.875
2017060305 9.653
2017060306 9.831
2017060307 4.148
2017060308 3.265
2017060309 2.469
2017060310 1.895
2017060311 1.719
2017060312 1.682
2017060313 1.731
2017060314 1.839
2017060315 2.088
2017060316 5.621
2017060317 7.335
2017060318 8.372
2017060319 11.282
2017060320 12.388
2017060321 12.704
2017060322 12.966
2017060323 12.572
2017060400 11.385
2017060401 11.152
2017060402 11.628
2017060403 12.232
2017060404 11.401
2017060405 10.051
2017060406 9.734
2017060407 6.76
2017060408 4.373
2017060409 3.087
2017060410 2.479
2017060411 2.021
2017060412 2.734
2017060413 2.616
2017060414 2.474
2017060415 2.902
2017060416 3.517
2017060417 4.14
2017060418 4.865
2017060419 9.362
2017060420 12.663
2017060421 15.218
2017060422 15.837
2017060423 16.541
2017060500 16.565
2017060501 18.453
2017060502 19.019
2017060503 17.805
2017060504 14.38
2017060505 11.738
2017060506 11.486
2017060507 5.417
2017060508 4.132
2017060509 2.826
2017060510 1.853
2017060511 1.58
2017060512 1.554
2017060513 1.875
2017060514 2.103
2017060515 2.445
2017060516 8.743
2017060517 13.39
2017060518 16.676
2017060519 18.726
2017060520 20.855
2017060521 20.536
2017060522 18.604
2017060523 17.603
2017060600 13.214
2017060601 12.162
2017060602 11.205
2017060603 11.041
2017060604 11.063
2017060605 10.283
2017060606 10.633
2017060607 9.893
2017060608 8.815
2017060609 6.72
2017060610 4.696
2017060611 3.405
2017060612 2.941
2017060613 4.021
2017060614 4.349
2017060615 5.112
2017060616 5.216
2017060617 5.733
2017060618 5.464
2017060619 5.3
2017060620 5.082
2017060621 5.347
2017060622 5.748
2017060623 5.818
2017060700 5.621
2017060701 5.417
2017060702 5.184
2017060703 5.184
2017060704 3.747
2017060705 3.361
2017060706 3.263
2017060707 2.537
2017060708 2.169
2017060709 1.759
2017060710 2.016
2017060711 1.886
2017060712 1.918
2017060713 2.041
2017060714 2.301
2017060715 2.761
2017060716 2.917
2017060717 3.294
2017060718 3.587
2017060719 6.488
2017060720 6.734
2017060721 6.639
2017060722 6.601
2017060723 6.575
2017060800 8.269
2017060801 8.479
2017060802 8.623
2017060803 8.57
2017060804 7.272
2017060805 6.518
2017060806 6.755
2017060807 4.223
2017060808 3.503
2017060809 2.634
2017060810 1.839
2017060811 1.578
2017060812 1.548
2017060813 1.703
2017060814 1.853
2017060815 2.143
2017060816 7.694
2017060817 11.193
2017060818 13.168
2017060819 15.811
2017060820 16.113
2017060821 16.123
2017060822 16.098
2017060823 15.788
2017060900 11.159
2017060901 11.046
2017060902 11.551
2017060903 12.103
2017060904 10.741
2017060905 8.663
2017060906 8.344
2017060907 6.179
2017060908 4.136
2017060909 2.812
2017060910 1.953
2017060911 1.838
2017060912 1.927
2017060913 1.754
2017060914 1.888
2017060915 2.197
2017060916 7.799
2017060917 10.597
2017060918 11.863
2017060919 8.874
2017060920 8.254
2017060921 7.566
2017060922 6.481
2017060923 6.224
2017061000 7.898
2017061001 7.265
2017061002 7.031
2017061003 7.561
2017061004 7.13
2017061005 7.175
2017061006 7.754
2017061007 5.716
2017061008 4.647
2017061009 3.556
2017061010 2.763
2017061011 2.296
2017061012 2.294
2017061013 2.244
2017061014 2.338
2017061015 2.579
2017061016 4.425
2017061017 5.503
2017061018 5.688
2017061019 10.469
2017061020 12.843
2017061021 15.868
2017061022 19.141
2017061023 21.154
