2017060100 132.261
2017060101 140.886
2017060102 136.254
2017060103 129.638
2017060104 119.538
2017060105 122.878
2017060106 128.16
2017060107 119.74
2017060108 122.474
2017060109 124.917
2017060110 120.083
2017060111 120.031
2017060112 118.479
2017060113 114.234
2017060114 110.72
2017060115 108.697
2017060116 117.842
2017060117 131.39
2017060118 143.076
2017060119 144.207
2017060120 146.27
2017060121 144.023
2017060122 138.388
2017060123 136.583
2017060200 192.683
2017060201 186.937
2017060202 182.552
2017060203 180.522
2017060204 170.385
2017060205 171.816
2017060206 173.592
2017060207 136.904
2017060208 127.592
2017060209 118.838
2017060210 110.826
2017060211 107.459
2017060212 106.357
2017060213 106.853
2017060214 107.665
2017060215 109.004
2017060216 116.249
2017060217 125.777
2017060218 136.526
2017060219 143.819
2017060220 142.255
2017060221 140.109
2017060222 141.216
2017060223 146.484
2017060300 173.645
2017060301 189.969
2017060302 201.595
2017060303 201.016
2017060304 182.417
2017060305 177.303
2017060306 178.758
2017060307 166.828
2017060308 167.228
2017060309 161.7
2017060310 141.112
2017060311 130.712
2017060312 120.333
2017060313 115.006
2017060314 113.794
2017060315 113.427
2017060316 117.487
2017060317 116.646
2017060318 114.666
2017060319 115.696
2017060320 116.672
2017060321 117.883
2017060322 116.53
2017060323 116.128
2017060400 117.622
2017060401 121.121
2017060402 127.329
2017060403 137.083
2017060404 146.27
2017060405 149.391
2017060406 150.369
2017060407 140.863
2017060408 142.364
2017060409 141.583
2017060410 137.3
2017060411 135.225
2017060412 124.765
2017060413 110.803
2017060414 108.646
2017060415 109.035
2017060416 116.198
2017060417 120.54
2017060418 125.993
2017060419 131.753
2017060420 135.055
2017060421 138.096
2017060422 141.781
2017060423 143.831
2017060500 167.86
2017060501 170.681
2017060502 172.982
2017060503 173.531
2017060504 149.011
2017060505 146.89
2017060506 148.417
2017060507 128.419
2017060508 129.263
2017060509 131.674
2017060510 133.153
2017060511 131.427
2017060512 126.578
2017060513 120.553
2017060514 118.924
2017060515 118.618
2017060516 121.436
2017060517 122.14
2017060518 122.473
2017060519 125.099
2017060520 126.328
2017060521 125.861
2017060522 123.985
2017060523 123.313
2017060600 135.747
2017060601 138.956
2017060602 141.823
2017060603 143.637
2017060604 137.853
2017060605 132.754
2017060606 130.782
2017060607 117.405
2017060608 119.537
2017060609 118.57
2017060610 108.659
2017060611 105.469
2017060612 104.733
2017060613 109.222
2017060614 106.901
2017060615 102.41
2017060616 100.7
2017060617 99.472
2017060618 95.899
2017060619 110.162
2017060620 110.632
2017060621 108.142
2017060622 106.631
2017060623 106.822
2017060700 103.925
2017060701 106.37
2017060702 109.001
2017060703 111.41
2017060704 110.6
2017060705 110.734
2017060706 111.758
2017060707 110.539
2017060708 109.77
2017060709 110.74
2017060710 109.739
2017060711 110.1
2017060712 110.043
2017060713 111.027
2017060714 110.743
2017060715 109.942
2017060716 112.141
2017060717 111.41
2017060718 108.834
2017060719 109.682
2017060720 108.237
2017060721 107.777
2017060722 107.667
2017060723 108.71
