2017060100 14.724
2017060101 15.427
2017060102 14.662
2017060103 14.711
2017060104 13.617
2017060105 11.501
2017060106 11.027
2017060107 9.707
2017060108 6.71
2017060109 5.131
2017060110 3.863
2017060111 3.418
2017060112 3.276
2017060113 3.477
2017060114 3.61
2017060115 4.339
2017060116 5.746
2017060117 7.203
2017060118 9.171
2017060119 12.536
2017060120 14.817
2017060121 14.934
2017060122 14.494
2017060123 14.05
2017060200 14.803
2017060201 15.461
2017060202 15.324
2017060203 16.571
2017060204 16.691
2017060205 14.11
2017060206 14.173
2017060207 11.794
2017060208 9.436
2017060209 7.753
2017060210 5.909
2017060211 4.492
2017060212 3.904
2017060213 4
2017060214 4.394
2017060215 4.82
2017060216 6.182
2017060217 7.271
2017060218 8.435
2017060219 10.72
2017060220 10.807
2017060221 11.633
2017060222 11.389
2017060223 12.599
2017060300 13.713
2017060301 14.672
2017060302 14.637
2017060303 16.486
2017060304 14.538
2017060305 12.59
2017060306 11.808
2017060307 7.015
2017060308 4.91
2017060309 3.869
2017060310 2.6
2017060311 2.503
2017060312 2.374
2017060313 2.589
2017060314 2.577
2017060315 2.607
2017060316 3.258
2017060317 4.182
2017060318 5.518
2017060319 8.708
2017060320 8.856
2017060321 8.187
2017060322 9.749
2017060323 9.913
2017060400 8.443
2017060401 7.832
2017060402 8.155
2017060403 8.661
2017060404 9.526
2017060405 8.614
2017060406 7.685
2017060407 6.318
2017060408 4.722
2017060409 3.616
2017060410 2.939
2017060411 2.86
2017060412 3.102
2017060413 3.448
2017060414 3.626
2017060415 3.966
2017060416 4.352
2017060417 5.069
2017060418 5.772
2017060419 8.533
2017060420 10.994
2017060421 12.624
2017060422 13.482
2017060423 14.377
2017060500 14.108
2017060501 12.716
2017060502 12.284
2017060503 12.015
2017060504 12.046
2017060505 11.904
2017060506 12.788
2017060507 9.387
2017060508 6.262
2017060509 4.471
2017060510 3.567
2017060511 3.086
2017060512 3.047
2017060513 3.279
2017060514 3.517
2017060515 3.84
2017060516 5.398
2017060517 6.512
2017060518 6.972
2017060519 7.804
2017060520 7.459
2017060521 8.214
2017060522 8.12
2017060523 7.38
2017060600 8.632
2017060601 8.129
2017060602 9.874
2017060603 10.139
2017060604 8.914
2017060605 8.61
2017060606 8.875
2017060607 8.05
2017060608 6.231
2017060609 4.75
2017060610 2.93
2017060611 2.722
2017060612 2.854
2017060613 3.184
2017060614 3.398
2017060615 4.389
2017060616 4.765
2017060617 5.231
2017060618 4.875
2017060619 5.003
2017060620 4.899
2017060621 4.99
2017060622 5.164
2017060623 5.049
2017060700 4.579
2017060701 4.419
2017060702 4.254
2017060703 4.129
2017060704 4.33
2017060705 3.904
2017060706 3.677
2017060707 2.925
2017060708 2.628
2017060709 2.072
2017060710 1.806
2017060711 1.789
2017060712 1.857
2017060713 2.131
2017060714 2.143
2017060715 2.64
2017060716 3.011
2017060717 3.354
2017060718 3.547
2017060719 5.477
2017060720 6.537
2017060721 6.759
2017060722 6.8
2017060723 6.338
2017060800 6.701
2017060801 6.803
2017060802 6.912
2017060803 6.982
2017060804 7.092
2017060805 6.186
2017060806 5.826
2017060807 4.682
2017060808 3.478
2017060809 2.95
2017060810 2.474
2017060811 2.512
2017060812 2.48
2017060813 2.711
2017060814 2.867
2017060815 3.384
2017060816 4.846
2017060817 6.152
2017060818 6.276
2017060819 9.482
2017060820 10.152
2017060821 10.38
2017060822 11.099
2017060823 11.082
2017060900 10.323
2017060901 10.07
2017060902 9.757
2017060903 10.334
2017060904 10.018
2017060905 8.679
2017060906 8.279
2017060907 6.352
2017060908 4.366
2017060909 3.07
2017060910 2.538
2017060911 2.501
2017060912 2.289
2017060913 2.615
2017060914 2.828
2017060915 3.157
2017060916 4.799
2017060917 6.154
2017060918 7.757
2017060919 9.83
2017060920 9.262
2017060921 5.894
2017060922 5.299
2017060923 6.092
2017061000 7.577
2017061001 8.611
2017061002 9.015
2017061003 9.513
2017061004 10.739
2017061005 9.814
2017061006 9.456
2017061007 7.474
2017061008 6.254
2017061009 5.218
2017061010 4.439
2017061011 3.681
2017061012 3.252
2017061013 3.25
2017061014 3.366
2017061015 3.583
2017061016 4.418
2017061017 6.024
2017061018 6.721
2017061019 10.244
2017061020 12.807
2017061021 15.364
2017061022 20.001
2017061023 19.321
