2017060100 69.227
2017060101 58.627
2017060102 56.79
2017060103 54.108
2017060104 61.576
2017060105 61.353
2017060106 64.915
2017060107 72.669
2017060108 82.276
2017060109 91.276
2017060110 99.267
2017060111 107.6
2017060112 111.164
2017060113 114.896
2017060114 116.281
2017060115 117.057
2017060116 115.538
2017060117 110.437
2017060118 102.895
2017060119 82.916
2017060120 79.35
2017060121 75.482
2017060122 66.723
2017060123 57.82
2017060200 56.241
2017060201 49.686
2017060202 43.891
2017060203 39.527
2017060204 40.95
2017060205 45.83
2017060206 53.494
2017060207 69.712
2017060208 82.442
2017060209 96.354
2017060210 107.482
2017060211 118.979
2017060212 126.086
2017060213 131.184
2017060214 134.076
2017060215 134.33
2017060216 130.767
2017060217 124.435
2017060218 115.821
2017060219 98.549
2017060220 89.511
2017060221 84.285
2017060222 78.501
2017060223 72.532
2017060300 74.148
2017060301 57.206
2017060302 53.909
2017060303 51.025
2017060304 66.319
2017060305 66.974
2017060306 68.815
2017060307 93.036
2017060308 103.159
2017060309 114.287
2017060310 116.53
2017060311 116.619
2017060312 116.144
2017060313 115.203
2017060314 115.32
2017060315 115.955
2017060316 103.799
2017060317 102.609
2017060318 101.365
2017060319 88.855
2017060320 80.526
2017060321 70.969
2017060322 76.304
2017060323 75.659
2017060400 81.642
2017060401 83.36
2017060402 78.935
2017060403 78.381
2017060404 77.547
2017060405 79.295
2017060406 77.155
2017060407 81.778
2017060408 91.886
2017060409 96.616
2017060410 93.253
2017060411 93.815
2017060412 99.231
2017060413 89.184
2017060414 88.823
2017060415 87.845
2017060416 85.444
2017060417 89.14
2017060418 89.959
2017060419 86.557
2017060420 84.514
2017060421 78.419
2017060422 66.493
2017060423 62.652
2017060500 59.675
2017060501 53.003
2017060502 48.722
2017060503 46.747
2017060504 47.256
2017060505 50.852
2017060506 53.074
2017060507 74.724
2017060508 86.894
2017060509 90.951
2017060510 96.396
2017060511 100.743
2017060512 102.449
2017060513 101.264
2017060514 101.031
2017060515 101.196
2017060516 99.842
2017060517 95.721
2017060518 93.268
2017060519 89.553
2017060520 82.296
2017060521 77.021
2017060522 70.671
2017060523 69.683
2017060600 69.523
2017060601 65.561
2017060602 65.234
2017060603 64.612
2017060604 74.468
2017060605 68.723
2017060606 66.468
2017060607 72.649
2017060608 82.846
2017060609 90.64
2017060610 96.191
2017060611 99.201
2017060612 100.503
2017060613 101.972
2017060614 102.672
2017060615 99.892
2017060616 95.382
2017060617 88.705
2017060618 87.494
2017060619 88.428
2017060620 80.047
2017060621 79.854
2017060622 74.65
2017060623 71.087
2017060700 69.737
2017060701 67.992
2017060702 66.123
2017060703 63.506
2017060704 59.896
2017060705 65.175
2017060706 66.302
2017060707 67.334
2017060708 70.47
2017060709 73.657
2017060710 77.448
2017060711 78.856
2017060712 79.773
2017060713 79.632
2017060714 79.92
2017060715 79.326
2017060716 79.838
2017060717 80.153
2017060718 77.59
2017060719 68.585
2017060720 65.304
2017060721 62.715
2017060722 61.498
2017060723 59.796
2017060800 62.331
2017060801 58.707
2017060802 56.486
2017060803 53.273
2017060804 54.109
2017060805 61.401
2017060806 62.292
2017060807 65.911
2017060808 75.472
2017060809 80.627
2017060810 86.575
2017060811 90.319
2017060812 92.471
2017060813 93.572
2017060814 94.736
2017060815 94.905
2017060816 93.343
2017060817 91.914
2017060818 87.598
2017060819 76.511
2017060820 72.268
2017060821 69.57
2017060822 64.629
2017060823 58.454
2017060900 54.948
2017060901 51.926
2017060902 51.352
2017060903 51.509
2017060904 57.042
2017060905 62.138
2017060906 62.458
2017060907 67.946
2017060908 78.26
2017060909 97.642
2017060910 99.573
2017060911 99.822
2017060912 97.526
2017060913 96.765
2017060914 95.156
2017060915 95.127
2017060916 96.782
2017060917 97.427
2017060918 90.938
2017060919 79.886
2017060920 81.727
2017060921 86.797
2017060922 81.545
2017060923 76.223
2017061000 73.599
2017061001 65.245
2017061002 59.687
2017061003 58.297
2017061004 59.654
2017061005 67.264
2017061006 70.823
2017061007 75.544
2017061008 82.411
2017061009 88.713
2017061010 97.096
2017061011 99.297
2017061012 102.165
2017061013 103.8
2017061014 103.711
2017061015 103.519
2017061016 104.602
2017061017 104.127
2017061018 100.921
2017061019 88.74
2017061020 81.51
2017061021 74.887
2017061022 63.887
2017061023 56.959
