2017060100 75.655
2017060101 67.418
2017060102 62.455
2017060103 58.807
2017060104 63.654
2017060105 63.845
2017060106 61.573
2017060107 80.373
2017060108 89.669
2017060109 97.602
2017060110 101.235
2017060111 102.541
2017060112 102.131
2017060113 102.035
2017060114 102.397
2017060115 102.595
2017060116 100.693
2017060117 100.064
2017060118 98.359
2017060119 93.248
2017060120 87.974
2017060121 85.634
2017060122 80.925
2017060123 74.074
2017060200 69.903
2017060201 63.177
2017060202 59.883
2017060203 58.331
2017060204 55.472
2017060205 61.1
2017060206 58.377
2017060207 77.352
2017060208 91.627
2017060209 99.461
2017060210 106.488
2017060211 108.799
2017060212 110.895
2017060213 109.223
2017060214 107.555
2017060215 106.439
2017060216 102.397
2017060217 102.44
2017060218 102.178
2017060219 98.983
2017060220 92.634
2017060221 87.917
2017060222 85.28
2017060223 80.227
2017060300 75.506
2017060301 71.261
2017060302 67.517
2017060303 66.425
2017060304 64.862
2017060305 67.051
2017060306 64.695
2017060307 80.271
2017060308 91.313
2017060309 101.555
2017060310 104.453
2017060311 104.021
2017060312 103.306
2017060313 102.361
2017060314 98.237
2017060315 93.491
2017060316 92.091
2017060317 86.083
2017060318 86.877
2017060319 86.354
2017060320 84.554
2017060321 81.128
2017060322 79.929
2017060323 78.247
2017060400 79.602
2017060401 79.267
2017060402 80.159
2017060403 76.688
2017060404 73.047
2017060405 65.76
2017060406 64.296
2017060407 67.902
2017060408 71.923
2017060409 74.395
2017060410 77.625
2017060411 79.231
2017060412 79.618
2017060413 82.949
2017060414 84.508
2017060415 86.376
2017060416 85.84
2017060417 83.885
2017060418 77.815
2017060419 73.093
2017060420 74.963
2017060421 72.809
2017060422 68.177
2017060423 63.988
2017060500 67.892
2017060501 63.311
2017060502 64.316
2017060503 63.655
2017060504 65.731
2017060505 66.112
2017060506 65.401
2017060507 66.374
2017060508 68.72
2017060509 73.242
2017060510 76.445
2017060511 81.273
2017060512 88.103
2017060513 88.714
2017060514 88.899
2017060515 88.971
2017060516 87.505
2017060517 87.705
2017060518 86.292
2017060519 80.562
2017060520 81.549
2017060521 72.104
2017060522 70.559
2017060523 65.43
2017060600 66.067
2017060601 63.381
2017060602 58.948
2017060603 60.106
2017060604 63.82
2017060605 65.085
2017060606 68.704
2017060607 71.112
2017060608 74.14
2017060609 83.058
2017060610 80.994
2017060611 82.534
2017060612 82.314
2017060613 81.994
2017060614 78.808
2017060615 76.641
2017060616 78.029
2017060617 77.737
2017060618 78.007
2017060619 76.059
2017060620 71.348
2017060621 69.67
2017060622 68.726
2017060623 64.663
2017060700 62.409
2017060701 59.566
2017060702 57.202
2017060703 55.38
2017060704 54.192
2017060705 63.61
2017060706 68.354
2017060707 68.741
2017060708 70.469
2017060709 76.665
2017060710 80.189
2017060711 81.525
2017060712 81.869
2017060713 81.143
2017060714 80.67
2017060715 81.342
2017060716 83.559
2017060717 84.506
2017060718 67.412
2017060719 61.713
2017060720 60.894
2017060721 64.39
2017060722 60.878
2017060723 57.301
2017060800 63.962
2017060801 54.097
2017060802 54.89
2017060803 55.364
2017060804 57.853
2017060805 61.634
2017060806 61.394
2017060807 64.056
2017060808 70.693
2017060809 81.602
2017060810 88.491
2017060811 96.658
2017060812 105.516
2017060813 114.331
2017060814 115.88
2017060815 115.889
2017060816 114.629
2017060817 112.05
2017060818 103.437
2017060819 95.699
2017060820 79.023
2017060821 73.104
2017060822 68.882
2017060823 64.923
2017060900 66.878
2017060901 67.632
2017060902 68.685
2017060903 67.968
2017060904 74.902
2017060905 83.655
2017060906 84.466
2017060907 88.791
2017060908 89.983
2017060909 91.669
2017060910 94.162
2017060911 98.813
2017060912 99.435
2017060913 101.825
2017060914 101.819
2017060915 99.372
2017060916 97.068
2017060917 95.262
2017060918 90.38
2017060919 89.152
2017060920 83.701
2017060921 74.578
2017060922 72.377
2017060923 70.448
2017061000 71.383
2017061001 62.19
2017061002 60.234
2017061003 58.967
2017061004 56.181
2017061005 54.545
2017061006 53.979
2017061007 66.431
2017061008 74.593
2017061009 80.754
2017061010 85.876
2017061011 89.527
2017061012 92.254
2017061013 94.183
2017061014 95.681
2017061015 95.855
2017061016 95.179
2017061017 95.477
2017061018 96.421
2017061019 87.091
2017061020 77.505
2017061021 76.409
2017061022 76.743
2017061023 72.312
