2017060100 132.825
2017060101 134.842
2017060102 137.893
2017060103 140.285
2017060104 145.264
2017060105 146.593
2017060106 146.104
2017060107 134.725
2017060108 129.283
2017060109 121.857
2017060110 118.752
2017060111 117.293
2017060112 116.595
2017060113 116.792
2017060114 117.902
2017060115 119.417
2017060116 122.151
2017060117 123.724
2017060118 124.365
2017060119 132.425
2017060120 134.52
2017060121 136.82
2017060122 138.612
2017060123 135.454
2017060200 133.571
2017060201 136.72
2017060202 138.486
2017060203 139.252
2017060204 139.433
2017060205 151.427
2017060206 167.256
2017060207 148.209
2017060208 140.717
2017060209 136.935
2017060210 135.011
2017060211 132.694
2017060212 131.726
2017060213 130.523
2017060214 129.213
2017060215 130.269
2017060216 135.628
2017060217 136.668
2017060218 135.493
2017060219 142.954
2017060220 145.308
2017060221 146.101
2017060222 145.026
2017060223 137.338
2017060300 139.013
2017060301 139.317
2017060302 138.003
2017060303 140.109
2017060304 144.82
2017060305 148.423
2017060306 149.822
2017060307 135.421
2017060308 127.853
2017060309 124.644
2017060310 119.178
2017060311 117.282
2017060312 118.94
2017060313 121.148
2017060314 120.85
2017060315 120.334
2017060316 124.809
2017060317 125.207
2017060318 133.58
2017060319 138.891
2017060320 139.264
2017060321 142.528
2017060322 141.447
2017060323 138.377
2017060400 136.075
2017060401 137.293
2017060402 142.694
2017060403 145.579
2017060404 149.272
2017060405 152.314
2017060406 147.153
2017060407 146.766
2017060408 150.73
2017060409 149.901
2017060410 145.128
2017060411 137.7
2017060412 156.523
2017060413 163.768
2017060414 139.515
2017060415 126.319
2017060416 121.502
2017060417 122.078
2017060418 133.699
2017060419 136.892
2017060420 137.424
2017060421 142.384
2017060422 140.945
2017060423 135.542
2017060500 133.105
2017060501 131.884
2017060502 136.156
2017060503 139.547
2017060504 143.685
2017060505 139.854
2017060506 155.619
2017060507 143.588
2017060508 136.986
2017060509 131.907
2017060510 129.152
2017060511 124.974
2017060512 123.741
2017060513 123.739
2017060514 124.419
2017060515 123.611
2017060516 126.099
2017060517 127.15
2017060518 126.03
2017060519 125.419
2017060520 124.43
2017060521 123.09
2017060522 122.01
2017060523 121.874
2017060600 125.21
2017060601 125.669
2017060602 128.223
2017060603 128.076
2017060604 129.192
2017060605 135.269
2017060606 137.445
2017060607 139.385
2017060608 136.249
2017060609 132.565
2017060610 127.459
2017060611 124.529
2017060612 124.099
2017060613 123.975
2017060614 125.067
2017060615 128.624
2017060616 130.959
2017060617 136.444
2017060618 130.389
2017060619 122.188
2017060620 116.344
2017060621 117.138
2017060622 115.678
2017060623 113.376
2017060700 111.393
2017060701 109.256
2017060702 107.656
2017060703 107.795
2017060704 111.62
2017060705 113.015
2017060706 114.678
2017060707 115.865
2017060708 112.085
2017060709 107.484
2017060710 106.172
2017060711 106.702
2017060712 106.932
2017060713 107.163
2017060714 107.763
2017060715 110.45
2017060716 112.372
2017060717 112.701
2017060718 109.355
2017060719 113.733
2017060720 115.368
2017060721 119.431
2017060722 121.531
2017060723 120.335
2017060800 115.042
2017060801 113.898
2017060802 114.501
2017060803 116.355
2017060804 121.995
2017060805 125.457
2017060806 127.273
2017060807 124.307
2017060808 121.472
2017060809 116.341
2017060810 115.594
2017060811 113.945
2017060812 114.354
2017060813 114.831
2017060814 115.046
2017060815 115.989
2017060816 121.115
2017060817 124.312
2017060818 124.108
2017060819 125.657
2017060820 126.051
2017060821 132.335
2017060822 129.222
2017060823 123.168
2017060900 118.889
2017060901 117.663
2017060902 118.572
2017060903 117.702
2017060904 121.707
2017060905 139.29
2017060906 143.846
2017060907 136.583
2017060908 130.716
2017060909 121.264
2017060910 117.126
2017060911 114.091
2017060912 112.612
2017060913 115.231
2017060914 115.535
2017060915 114.121
2017060916 127.477
2017060917 128.524
2017060918 134.293
2017060919 129.687
2017060920 133.125
2017060921 123.642
2017060922 119.21
2017060923 121.854
2017061000 122.583
2017061001 125.117
2017061002 129.977
2017061003 132.262
2017061004 133.564
2017061005 136.855
2017061006 140.342
2017061007 138.802
2017061008 138.928
2017061009 140.842
2017061010 141.26
2017061011 137.565
2017061012 136.009
2017061013 130.974
2017061014 130.206
2017061015 129.93
2017061016 130.13
2017061017 131.593
2017061018 135.541
2017061019 143.442
2017061020 149.309
2017061021 152.451
2017061022 155.886
2017061023 162.153
