2017060100 118.072
2017060101 118.872
2017060102 120.605
2017060103 123.277
2017060104 128.243
2017060105 120.081
2017060106 127.32
2017060107 122.95
2017060108 120.039
2017060109 110.309
2017060110 110.578
2017060111 111.382
2017060112 111.369
2017060113 110.604
2017060114 110.434
2017060115 108.798
2017060116 111.666
2017060117 113.987
2017060118 115.224
2017060119 116.985
2017060120 118.549
2017060121 118.482
2017060122 118.332
2017060123 116.061
2017060200 115.525
2017060201 115.169
2017060202 113.675
2017060203 113.049
2017060204 113.25
2017060205 114.552
2017060206 118.682
2017060207 119.961
2017060208 118.179
2017060209 116.715
2017060210 113.339
2017060211 109.64
2017060212 108.537
2017060213 108.718
2017060214 108.62
2017060215 109.128
2017060216 112.816
2017060217 116.75
2017060218 120.215
2017060219 124.109
2017060220 125.032
2017060221 122.621
2017060222 123.056
2017060223 124.032
2017060300 120.655
2017060301 120.359
2017060302 119.321
2017060303 118.164
2017060304 117.724
2017060305 117.782
2017060306 119.61
2017060307 121.789
2017060308 123.207
2017060309 114.524
2017060310 113.243
2017060311 112.469
2017060312 111.924
2017060313 111.592
2017060314 111.492
2017060315 111.972
2017060316 114.549
2017060317 116.069
2017060318 117.269
2017060319 119.024
2017060320 119.901
2017060321 119.023
2017060322 123.632
2017060323 133.807
2017060400 146.055
2017060401 148.145
2017060402 147.726
2017060403 151.649
2017060404 151.461
2017060405 152.383
2017060406 152.727
2017060407 147.276
2017060408 144.702
2017060409 139.949
2017060410 133.379
2017060411 124.847
2017060412 143.299
2017060413 151.989
2017060414 150.455
2017060415 131.979
2017060416 121.9
2017060417 112.001
2017060418 116.821
2017060419 121.92
2017060420 122.767
2017060421 119.261
2017060422 120.583
2017060423 120.455
2017060500 120.946
2017060501 121.607
2017060502 121.928
2017060503 120.652
2017060504 121.695
2017060505 115.997
2017060506 121.081
2017060507 122.565
2017060508 121.221
2017060509 115.368
2017060510 115.337
2017060511 115.953
2017060512 116.146
2017060513 115.711
2017060514 116.101
2017060515 115.659
2017060516 115.895
2017060517 116.833
2017060518 117.705
2017060519 117.824
2017060520 117.695
2017060521 119.147
2017060522 121.331
2017060523 122.487
2017060600 123.037
2017060601 124.892
2017060602 127.554
2017060603 126.435
2017060604 127.436
2017060605 124.198
2017060606 130.835
2017060607 132.114
2017060608 130.852
2017060609 129.931
2017060610 128.009
2017060611 123.287
2017060612 116.712
2017060613 111.44
2017060614 112.115
2017060615 114.644
2017060616 119.488
2017060617 118.761
2017060618 120.427
2017060619 122.876
2017060620 114.701
2017060621 111.59
2017060622 109.645
2017060623 108.634
2017060700 108.016
2017060701 107.91
2017060702 107.55
2017060703 107.223
2017060704 108.242
2017060705 107.274
2017060706 109.03
2017060707 107.073
2017060708 101.927
2017060709 100.917
2017060710 100.034
2017060711 99.326
2017060712 99.054
2017060713 98.363
2017060714 98.21
2017060715 99.443
2017060716 102.229
2017060717 102.487
2017060718 103.057
2017060719 103.518
2017060720 104.297
2017060721 104.186
2017060722 104.996
2017060723 106.253
2017060800 106.124
2017060801 106.131
2017060802 106.644
2017060803 106.425
2017060804 107.949
2017060805 111.522
2017060806 112.389
2017060807 110.026
2017060808 109.483
2017060809 108.523
2017060810 105.802
2017060811 104.798
2017060812 103.555
2017060813 102.526
2017060814 101.884
2017060815 101.864
2017060816 105.433
2017060817 108.83
2017060818 110.967
2017060819 115.052
2017060820 117.704
2017060821 118.679
2017060822 116.924
2017060823 115.91
2017060900 115.853
2017060901 116.862
2017060902 119.333
2017060903 118.362
2017060904 118.489
2017060905 119.446
2017060906 126.642
2017060907 125.196
2017060908 120.436
2017060909 110.715
2017060910 109.192
2017060911 108.036
2017060912 106.72
2017060913 105.209
2017060914 104.464
2017060915 107.132
2017060916 108.987
2017060917 109.677
2017060918 111.123
2017060919 110
2017060920 109.14
2017060921 112.382
2017060922 116.662
2017060923 114.834
2017061000 116.407
2017061001 111.812
2017061002 113.133
2017061003 115.151
2017061004 116.673
2017061005 114.148
2017061006 120.66
2017061007 118.075
2017061008 120.404
2017061009 119.976
2017061010 121.533
2017061011 126.326
2017061012 129.534
2017061013 128.083
2017061014 128.645
2017061015 124.697
2017061016 119.87
2017061017 118.98
2017061018 123.351
2017061019 126.367
2017061020 125.163
2017061021 125.126
2017061022 126.215
2017061023 126.936
