2017060100 159.703
2017060101 162.478
2017060102 165.09
2017060103 166.97
2017060104 169.154
2017060105 159.107
2017060106 161.407
2017060107 164.822
2017060108 161.227
2017060109 155.973
2017060110 152.313
2017060111 150.955
2017060112 147.023
2017060113 147.889
2017060114 147.525
2017060115 148.036
2017060116 152.881
2017060117 156.609
2017060118 157.379
2017060119 158.071
2017060120 161.682
2017060121 164.478
2017060122 168.396
2017060123 168.762
2017060200 165.958
2017060201 166.132
2017060202 166.855
2017060203 167.864
2017060204 167.402
2017060205 160.627
2017060206 159.123
2017060207 161.796
2017060208 154.1
2017060209 140.794
2017060210 138.287
2017060211 135.18
2017060212 131.86
2017060213 129.743
2017060214 128.265
2017060215 129.163
2017060216 131.465
2017060217 138.102
2017060218 144.171
2017060219 148.212
2017060220 149.405
2017060221 150.353
2017060222 154.153
2017060223 154.251
2017060300 154.916
2017060301 154.408
2017060302 155.804
2017060303 156.709
2017060304 158.772
2017060305 148.364
2017060306 149.576
2017060307 149.548
2017060308 143.695
2017060309 138.942
2017060310 133.268
2017060311 129.647
2017060312 126.784
2017060313 124.855
2017060314 124.75
2017060315 125.525
2017060316 125.525
2017060317 127.543
2017060318 131.555
2017060319 134.671
2017060320 136.549
2017060321 135.982
2017060322 133.768
2017060323 129.147
2017060400 128.597
2017060401 127.744
2017060402 129.915
2017060403 124.149
2017060404 122.041
2017060405 119.688
2017060406 121.79
2017060407 120.472
2017060408 104.559
2017060409 105.838
2017060410 104.085
2017060411 104.119
2017060412 103.581
2017060413 103.791
2017060414 104.315
2017060415 104.666
2017060416 106.741
2017060417 110.415
2017060418 112.214
2017060419 119.257
2017060420 119.937
2017060421 120.062
2017060422 119.853
2017060423 122.324
2017060500 124.504
2017060501 128.096
2017060502 131.739
2017060503 134.298
2017060504 136.528
2017060505 135.714
2017060506 141.006
2017060507 144.351
2017060508 145.526
2017060509 140.348
2017060510 138.97
2017060511 138.034
2017060512 136.864
2017060513 135.974
2017060514 134.427
2017060515 134.256
2017060516 132.762
2017060517 133.756
2017060518 138.352
2017060519 141.915
2017060520 139.223
2017060521 142.609
2017060522 149.222
2017060523 151.235
2017060600 149.989
2017060601 148.684
2017060602 147.764
2017060603 144.973
2017060604 139.704
2017060605 136.152
2017060606 126.004
2017060607 122.511
2017060608 118.984
2017060609 114.913
2017060610 111.649
2017060611 108.724
2017060612 107.778
2017060613 105.235
2017060614 102.862
2017060615 99.778
2017060616 98.838
2017060617 100.689
2017060618 100.956
2017060619 101.283
2017060620 102.446
2017060621 103.126
2017060622 106.052
2017060623 107.175
2017060700 104.049
2017060701 102.828
2017060702 102.903
2017060703 103.596
2017060704 104.157
2017060705 103.897
2017060706 102.995
2017060707 102.491
2017060708 102.448
2017060709 100.462
2017060710 98.362
2017060711 97.456
2017060712 96.944
2017060713 97.137
2017060714 98.59
2017060715 100.695
2017060716 104.662
2017060717 107.632
2017060718 109.61
2017060719 112.059
2017060720 114.028
2017060721 113.428
2017060722 117.914
2017060723 120.404
2017060800 123.619
2017060801 123.517
2017060802 123.797
2017060803 124.764
2017060804 126.631
2017060805 128.009
2017060806 134.029
2017060807 139.532
2017060808 142.335
2017060809 140.764
2017060810 136.203
2017060811 128.752
2017060812 123.274
2017060813 121.446
2017060814 125.011
2017060815 129.059
2017060816 130.249
2017060817 134.073
2017060818 138.805
2017060819 143.332
2017060820 146.212
2017060821 145.424
2017060822 140.726
2017060823 138.059
2017060900 146.677
2017060901 143.754
2017060902 135.486
2017060903 136.144
2017060904 130.703
2017060905 133.501
2017060906 149.329
2017060907 155.011
2017060908 141.322
2017060909 147.378
2017060910 147.065
2017060911 138.593
2017060912 124.906
2017060913 121.051
2017060914 120.974
2017060915 120.087
2017060916 119.947
2017060917 123.393
2017060918 124.468
2017060919 122.632
2017060920 121.974
2017060921 120.381
2017060922 120.644
2017060923 122.596
2017061000 123.814
2017061001 124.073
2017061002 124.327
2017061003 126.527
2017061004 128.322
2017061005 129.972
2017061006 134.667
2017061007 136.031
2017061008 126.287
2017061009 121.489
2017061010 119.819
2017061011 113.111
2017061012 109.116
2017061013 107.433
2017061014 108.009
2017061015 109.3
2017061016 111.154
2017061017 115.995
2017061018 122.54
2017061019 126.896
2017061020 133.033
2017061021 138.422
2017061022 137.097
2017061023 134.606
