2017060100 200.016
2017060101 188.149
2017060102 183.144
2017060103 187.981
2017060104 185.981
2017060105 171.717
2017060106 181.692
2017060107 186.188
2017060108 173.035
2017060109 168.585
2017060110 164.115
2017060111 157.759
2017060112 155.65
2017060113 155.371
2017060114 154.91
2017060115 157.229
2017060116 177.663
2017060117 197.924
2017060118 208.232
2017060119 207.372
2017060120 203.965
2017060121 236.138
2017060122 260.744
2017060123 304.765
2017060200 321.014
2017060201 278.377
2017060202 255.572
2017060203 258.207
2017060204 274.438
2017060205 289.823
2017060206 321.606
2017060207 210.459
2017060208 207.674
2017060209 208.523
2017060210 192.602
2017060211 189.197
2017060212 188.415
2017060213 181.945
2017060214 182.807
2017060215 183.147
2017060216 223.46
2017060217 226.747
2017060218 231.058
2017060219 264.275
2017060220 290.821
2017060221 302.429
2017060222 322.509
2017060223 338.346
2017060300 361.857
2017060301 384.786
2017060302 385.027
2017060303 371.858
2017060304 372.401
2017060305 295.513
2017060306 277.904
2017060307 220.6
2017060308 230.823
2017060309 240.909
2017060310 210.627
2017060311 200.463
2017060312 195.159
2017060313 192.878
2017060314 192.18
2017060315 190.64
2017060316 186.014
2017060317 194.496
2017060318 207.519
2017060319 228.434
2017060320 245.033
2017060321 238.835
2017060322 242.397
2017060323 236.472
2017060400 248.879
2017060401 258.401
2017060402 255.421
2017060403 234.646
2017060404 213.666
2017060405 190.422
2017060406 205.699
2017060407 149.512
2017060408 153.298
2017060409 152.305
2017060410 153.16
2017060411 151.847
2017060412 152.221
2017060413 153.05
2017060414 161.599
2017060415 170.086
2017060416 172.754
2017060417 157.304
2017060418 160.585
2017060419 180.364
2017060420 196.642
2017060421 198.48
2017060422 194.094
2017060423 195.278
2017060500 170.19
2017060501 175.494
2017060502 192.438
2017060503 236.287
2017060504 240.421
2017060505 152.968
2017060506 169.392
2017060507 182.709
2017060508 162.247
2017060509 166.898
2017060510 161.129
2017060511 161.713
2017060512 158.965
2017060513 160.22
2017060514 168.337
2017060515 170.429
2017060516 186.343
2017060517 199.741
2017060518 195.946
2017060519 194.351
2017060520 201.838
2017060521 207.792
2017060522 214.458
2017060523 214.464
2017060600 231.584
2017060601 235.041
2017060602 232.684
2017060603 229.714
2017060604 235.404
2017060605 191.075
2017060606 200.541
2017060607 156.297
2017060608 140.17
2017060609 141.141
2017060610 139.065
2017060611 138.395
2017060612 138.066
2017060613 137.805
2017060614 137.385
2017060615 139.881
2017060616 139.94
2017060617 144.346
2017060618 153.423
2017060619 157.919
2017060620 161.868
2017060621 166.062
2017060622 150.973
2017060623 143.948
2017060700 156.082
2017060701 148.778
2017060702 149.614
2017060703 159.732
2017060704 175.099
2017060705 164.531
2017060706 152.881
2017060707 144.63
2017060708 140.204
2017060709 142.76
2017060710 136.527
2017060711 134.707
2017060712 134.053
2017060713 135.19
2017060714 135.703
2017060715 134.708
2017060716 178.925
2017060717 182.34
2017060718 174.312
2017060719 168.075
2017060720 192.959
2017060721 185.023
2017060722 181.211
2017060723 187.159
2017060800 192.833
2017060801 195.216
2017060802 203.272
2017060803 206.828
2017060804 211.813
2017060805 190.127
2017060806 210.593
2017060807 190.376
2017060808 162.628
2017060809 169.311
2017060810 176.541
2017060811 176.221
2017060812 171.745
2017060813 166.535
2017060814 168.068
2017060815 171.368
2017060816 209.859
2017060817 219.341
2017060818 235.768
2017060819 271.457
2017060820 277.628
2017060821 278.295
2017060822 275.169
2017060823 272.698
2017060900 295.73
2017060901 325.987
2017060902 318.178
2017060903 313.456
2017060904 317.025
2017060905 240.166
2017060906 233.286
2017060907 242.346
2017060908 189.541
2017060909 171.137
2017060910 159.604
2017060911 156.95
2017060912 156.247
2017060913 171.939
2017060914 186.541
2017060915 198.608
2017060916 227.076
2017060917 224.928
2017060918 198.383
2017060919 200.846
2017060920 208.323
2017060921 216.39
2017060922 206.814
2017060923 195.737
2017061000 192.434
2017061001 185.843
2017061002 179.979
2017061003 185.418
2017061004 180.957
2017061005 166.649
2017061006 174.181
2017061007 180.882
2017061008 179.451
2017061009 172.459
2017061010 171.196
2017061011 165.426
2017061012 159.884
2017061013 150.124
2017061014 151.506
2017061015 153.113
2017061016 158.573
2017061017 168.218
2017061018 180.55
2017061019 191.76
2017061020 200.103
2017061021 201.566
2017061022 204.552
2017061023 207.471
