2017060100 12.905
2017060101 12.285
2017060102 10.056
2017060103 10.59
2017060104 10.485
2017060105 9.194
2017060106 10.107
2017060107 8.605
2017060108 3.841
2017060109 3.209
2017060110 2.839
2017060111 2.555
2017060112 2.421
2017060113 2.762
2017060114 3.062
2017060115 3.691
2017060116 9.032
2017060117 12.014
2017060118 17.37
2017060119 16.84
2017060120 15.898
2017060121 20.146
2017060122 21.543
2017060123 25.509
2017060200 21.936
2017060201 21.144
2017060202 19.043
2017060203 17.726
2017060204 17.223
2017060205 14.679
2017060206 14.302
2017060207 11.214
2017060208 8.692
2017060209 7.031
2017060210 5.011
2017060211 4.112
2017060212 3.645
2017060213 3.214
2017060214 3.381
2017060215 4.121
2017060216 12.098
2017060217 15.542
2017060218 20.121
2017060219 28.387
2017060220 31.206
2017060221 33.761
2017060222 33.3
2017060223 32.868
2017060300 35.233
2017060301 32.908
2017060302 31.58
2017060303 33.542
2017060304 32.665
2017060305 21.852
2017060306 16.308
2017060307 15.007
2017060308 13.38
2017060309 12.995
2017060310 10.141
2017060311 7.54
2017060312 5.495
2017060313 5.933
2017060314 6.661
2017060315 6.833
2017060316 8.39
2017060317 10.559
2017060318 13.244
2017060319 17.776
2017060320 21.098
2017060321 22.136
2017060322 22.27
2017060323 21.935
2017060400 18.6
2017060401 17.725
2017060402 15.589
2017060403 13.936
2017060404 12.203
2017060405 11.693
2017060406 9.074
2017060407 4.695
2017060408 3.042
2017060409 2.329
2017060410 2.145
2017060411 2.119
2017060412 2.216
2017060413 3.125
2017060414 3.657
2017060415 4.247
2017060416 4.822
2017060417 5.795
2017060418 6.2
2017060419 7.433
2017060420 8.418
2017060421 9.459
2017060422 11.075
2017060423 10.99
2017060500 10.4
2017060501 9.863
2017060502 10.379
2017060503 12.035
2017060504 11.79
2017060505 8.109
2017060506 9.576
2017060507 9.464
2017060508 7.511
2017060509 7.684
2017060510 8.27
2017060511 8.709
2017060512 6.963
2017060513 5.603
2017060514 6.159
2017060515 7.561
2017060516 10.411
2017060517 12.152
2017060518 13.216
2017060519 14.039
2017060520 15.516
2017060521 15.389
2017060522 14.259
2017060523 13.727
2017060600 14.383
2017060601 14.916
2017060602 14.502
2017060603 13.868
2017060604 11.871
2017060605 10.474
2017060606 10.282
2017060607 4.632
2017060608 3.021
2017060609 2.628
2017060610 2.481
2017060611 2.435
2017060612 2.348
2017060613 3.062
2017060614 3.213
2017060615 3.66
2017060616 4.636
2017060617 5.325
2017060618 6.323
2017060619 6.677
2017060620 7.117
2017060621 7.99
2017060622 7.837
2017060623 8.24
2017060700 8.758
2017060701 7.931
2017060702 7.531
2017060703 8.253
2017060704 8.18
2017060705 7.778
2017060706 8.331
2017060707 8.341
2017060708 4.32
2017060709 3.921
2017060710 2.627
2017060711 2.382
2017060712 2.146
2017060713 2.344
2017060714 2.592
2017060715 2.892
2017060716 8.072
2017060717 10.234
2017060718 12.339
2017060719 12.575
2017060720 11.997
2017060721 12.945
2017060722 11.116
2017060723 10.532
2017060800 11.176
2017060801 11.012
2017060802 11.758
2017060803 12.558
2017060804 12.914
2017060805 12.505
2017060806 13.011
2017060807 9.868
2017060808 7.696
2017060809 5.939
2017060810 5.704
2017060811 4.89
2017060812 4.155
2017060813 4.48
2017060814 4.521
2017060815 5.734
2017060816 12.371
2017060817 16.714
2017060818 21.21
2017060819 28.596
2017060820 25.879
2017060821 24.771
2017060822 28.41
2017060823 25.979
2017060900 20.273
2017060901 18.14
2017060902 18.113
2017060903 17.961
2017060904 18.714
2017060905 18.989
2017060906 19.069
2017060907 13.904
2017060908 8.942
2017060909 5.903
2017060910 4.011
2017060911 3.221
2017060912 3
2017060913 4.633
2017060914 6.063
2017060915 7.7
2017060916 12.009
2017060917 14.271
2017060918 14.999
2017060919 20.482
2017060920 21.236
2017060921 21.548
2017060922 22.301
2017060923 18.924
2017061000 17.227
2017061001 14.867
2017061002 13.881
2017061003 14.22
2017061004 12.558
2017061005 11.554
2017061006 13.846
2017061007 12.471
2017061008 10.108
2017061009 8.277
2017061010 6.918
2017061011 5.677
2017061012 4.916
2017061013 4.672
2017061014 4.197
2017061015 4.863
2017061016 6.211
2017061017 7.717
2017061018 10.028
2017061019 13.531
2017061020 14.777
2017061021 16.015
2017061022 18.005
2017061023 18.054
