2017060100 16.07
2017060101 16.532
2017060102 16.34
2017060103 16.766
2017060104 16.33
2017060105 16.453
2017060106 18.597
2017060107 17.511
2017060108 15.453
2017060109 12.444
2017060110 8.975
2017060111 5.108
2017060112 3.586
2017060113 3.054
2017060114 3.198
2017060115 4.404
2017060116 6.441
2017060117 10.458
2017060118 13.738
2017060119 17.206
2017060120 19.303
2017060121 19.761
2017060122 20.517
2017060123 20.666
2017060200 20.202
2017060201 19.284
2017060202 17.481
2017060203 15.666
2017060204 14.229
2017060205 12.575
2017060206 14.209
2017060207 13.478
2017060208 10.338
2017060209 6.516
2017060210 3.571
2017060211 2.516
2017060212 2.282
2017060213 2.83
2017060214 3.63
2017060215 4.527
2017060216 7.732
2017060217 11.228
2017060218 15.022
2017060219 18.708
2017060220 22.933
2017060221 24.738
2017060222 25.347
2017060223 24.477
2017060300 19.158
2017060301 19.47
2017060302 16.679
2017060303 15.731
2017060304 15.383
2017060305 12.428
2017060306 10.85
2017060307 9.457
2017060308 6.344
2017060309 4.788
2017060310 3.476
2017060311 2.665
2017060312 2.393
2017060313 2.567
2017060314 2.639
2017060315 3.242
2017060316 4.658
2017060317 5.551
2017060318 6.717
2017060319 8.535
2017060320 9.982
2017060321 10.627
2017060322 10.979
2017060323 11.601
2017060400 12.243
2017060401 9.021
2017060402 6.997
2017060403 6.6
2017060404 6.743
2017060405 6.756
2017060406 6.031
2017060407 4.994
2017060408 4.56
2017060409 3.842
2017060410 2.457
2017060411 1.838
2017060412 1.55
2017060413 1.704
2017060414 1.851
2017060415 2.4
2017060416 3.802
2017060417 5.156
2017060418 5.414
2017060419 7.092
2017060420 9.342
2017060421 9.776
2017060422 10.261
2017060423 8.601
2017060500 8.084
2017060501 9.037
2017060502 8.967
2017060503 9.54
2017060504 10.235
2017060505 11.582
2017060506 13.904
2017060507 16.139
2017060508 14.616
2017060509 12.011
2017060510 9.697
2017060511 7.801
2017060512 6.954
2017060513 6.998
2017060514 7.325
2017060515 8.405
2017060516 10.039
2017060517 9.742
2017060518 11.658
2017060519 13.408
2017060520 16.502
2017060521 18.408
2017060522 20.855
2017060523 21.504
2017060600 20.305
2017060601 19.53
2017060602 18.41
2017060603 16.931
2017060604 15.223
2017060605 12.184
2017060606 13.199
2017060607 9.499
2017060608 4.637
2017060609 4.042
2017060610 2.956
2017060611 2.519
2017060612 1.72
2017060613 1.746
2017060614 1.615
2017060615 1.958
2017060616 2.291
2017060617 2.756
2017060618 3.106
2017060619 4.57
2017060620 4.969
2017060621 5.811
2017060622 6.01
2017060623 5.436
2017060700 5.161
2017060701 4.808
2017060702 4.302
2017060703 3.988
2017060704 3.705
2017060705 3.369
2017060706 3.593
2017060707 3.431
2017060708 3.4
2017060709 2.348
2017060710 1.854
2017060711 1.565
2017060712 1.462
2017060713 1.665
2017060714 1.625
2017060715 2.22
2017060716 2.889
2017060717 4.189
2017060718 6.309
2017060719 8.713
2017060720 13.098
2017060721 13.616
2017060722 12.848
2017060723 13.911
2017060800 13.985
2017060801 13.407
2017060802 12.494
2017060803 11.397
2017060804 9.824
2017060805 7.412
2017060806 10.42
2017060807 10.173
2017060808 8.206
2017060809 5.745
2017060810 4.052
2017060811 3.688
2017060812 3.682
2017060813 3.728
2017060814 3.842
2017060815 3.851
2017060816 5.849
2017060817 8.633
2017060818 12.818
2017060819 15.859
2017060820 20.359
2017060821 19.622
2017060822 16.374
2017060823 13.371
2017060900 11.34
2017060901 10.656
2017060902 10.547
2017060903 12.205
2017060904 13.161
2017060905 11.938
2017060906 16.975
2017060907 13.26
2017060908 8.885
2017060909 6.164
2017060910 4.687
2017060911 4.028
2017060912 3.992
2017060913 3.238
2017060914 2.492
2017060915 2.738
2017060916 5.06
2017060917 6.978
2017060918 7.378
2017060919 9.081
2017060920 10.329
2017060921 10.761
2017060922 11.427
2017060923 11.195
2017061000 12.45
2017061001 12.966
2017061002 13.322
2017061003 13
2017061004 13.589
2017061005 12.692
2017061006 14.628
2017061007 12.467
2017061008 8.315
2017061009 6.256
2017061010 4.4
2017061011 3.279
2017061012 2.599
2017061013 2.44
2017061014 2.717
2017061015 3.085
2017061016 4.539
2017061017 6.569
2017061018 10.376
2017061019 12.868
2017061020 15.316
2017061021 13.933
2017061022 14.024
2017061023 13.321
