2017060100 nan
2017060101 nan
2017060102 nan
2017060103 nan
2017060104 nan
2017060105 nan
2017060106 nan
2017060107 nan
2017060108 nan
2017060109 nan
2017060110 nan
2017060111 nan
2017060112 nan
2017060113 nan
2017060114 nan
2017060115 nan
2017060116 nan
2017060117 nan
2017060118 nan
2017060119 nan
2017060120 nan
2017060121 nan
2017060122 nan
2017060123 nan
2017060200 nan
2017060201 nan
2017060202 nan
2017060203 nan
2017060204 nan
2017060205 nan
2017060206 nan
2017060207 nan
2017060208 nan
2017060209 nan
2017060210 nan
2017060211 nan
2017060212 nan
2017060213 nan
2017060214 nan
2017060215 nan
2017060216 nan
2017060217 nan
2017060218 nan
2017060219 nan
2017060220 nan
2017060221 nan
2017060222 nan
2017060223 nan
2017060300 nan
2017060301 nan
2017060302 nan
2017060303 nan
2017060304 nan
2017060305 nan
2017060306 nan
2017060307 nan
2017060308 nan
2017060309 nan
2017060310 nan
2017060311 nan
2017060312 nan
2017060313 nan
2017060314 nan
2017060315 nan
2017060316 nan
2017060317 nan
2017060318 nan
2017060319 nan
2017060320 nan
2017060321 nan
2017060322 nan
2017060323 nan
2017060400 nan
2017060401 nan
2017060402 nan
2017060403 nan
2017060404 nan
2017060405 nan
2017060406 nan
2017060407 nan
2017060408 nan
2017060409 nan
2017060410 nan
2017060411 nan
2017060412 nan
2017060413 nan
2017060414 nan
2017060415 nan
2017060416 nan
2017060417 nan
2017060418 nan
2017060419 nan
2017060420 nan
2017060421 nan
2017060422 nan
2017060423 nan
2017060500 nan
2017060501 nan
2017060502 nan
2017060503 nan
2017060504 nan
2017060505 nan
2017060506 nan
2017060507 nan
2017060508 nan
2017060509 nan
2017060510 nan
2017060511 nan
2017060512 nan
2017060513 nan
2017060514 nan
2017060515 nan
2017060516 nan
2017060517 nan
2017060518 nan
2017060519 nan
2017060520 nan
2017060521 nan
2017060522 nan
2017060523 nan
2017060600 nan
2017060601 nan
2017060602 nan
2017060603 nan
2017060604 nan
2017060605 nan
2017060606 nan
2017060607 nan
2017060608 nan
2017060609 nan
2017060610 nan
2017060611 nan
2017060612 nan
2017060613 nan
2017060614 nan
2017060615 nan
2017060616 nan
2017060617 nan
2017060618 nan
2017060619 nan
2017060620 nan
2017060621 nan
2017060622 nan
2017060623 nan
2017060700 nan
2017060701 nan
2017060702 nan
2017060703 nan
2017060704 nan
2017060705 nan
2017060706 nan
2017060707 nan
2017060708 nan
2017060709 nan
2017060710 nan
2017060711 nan
2017060712 nan
2017060713 nan
2017060714 nan
2017060715 nan
2017060716 nan
2017060717 nan
2017060718 nan
2017060719 nan
2017060720 nan
2017060721 nan
2017060722 nan
2017060723 nan
2017060800 nan
2017060801 nan
2017060802 nan
2017060803 nan
2017060804 nan
2017060805 nan
2017060806 nan
2017060807 nan
2017060808 nan
2017060809 nan
2017060810 nan
2017060811 nan
2017060812 nan
2017060813 nan
2017060814 nan
2017060815 nan
2017060816 nan
2017060817 nan
2017060818 nan
2017060819 nan
2017060820 nan
2017060821 nan
2017060822 nan
2017060823 nan
2017060900 nan
2017060901 nan
2017060902 nan
2017060903 nan
2017060904 nan
2017060905 nan
2017060906 nan
2017060907 nan
2017060908 nan
2017060909 nan
2017060910 nan
2017060911 nan
2017060912 nan
2017060913 nan
2017060914 nan
2017060915 nan
2017060916 nan
2017060917 nan
2017060918 nan
2017060919 nan
2017060920 nan
2017060921 nan
2017060922 nan
2017060923 nan
2017061000 nan
2017061001 nan
2017061002 nan
2017061003 nan
2017061004 nan
2017061005 nan
2017061006 nan
2017061007 nan
2017061008 nan
2017061009 nan
2017061010 nan
2017061011 nan
2017061012 nan
2017061013 nan
2017061014 nan
2017061015 nan
2017061016 nan
2017061017 nan
2017061018 nan
2017061019 nan
2017061020 nan
2017061021 nan
2017061022 nan
2017061023 nan
