2017060100 125.824
2017060101 126.432
2017060102 127.442
2017060103 128.257
2017060104 128.482
2017060105 122.012
2017060106 118.091
2017060107 113.902
2017060108 111.757
2017060109 108.644
2017060110 107.747
2017060111 107.134
2017060112 106.898
2017060113 107.373
2017060114 108.464
2017060115 108.917
2017060116 109.947
2017060117 112.886
2017060118 113.927
2017060119 118.857
2017060120 119.319
2017060121 120.876
2017060122 123.405
2017060123 123.989
2017060200 125.396
2017060201 126.763
2017060202 127.68
2017060203 128.458
2017060204 129.434
2017060205 129.346
2017060206 134.683
2017060207 135.61
2017060208 136.179
2017060209 126.331
2017060210 121.147
2017060211 117.741
2017060212 114.662
2017060213 113.609
2017060214 113.61
2017060215 115.989
2017060216 120.551
2017060217 122.947
2017060218 127.016
2017060219 130.045
2017060220 131.126
2017060221 131.131
2017060222 133.694
2017060223 133.286
2017060300 133.674
2017060301 135.924
2017060302 138.247
2017060303 138.995
2017060304 140.803
2017060305 141.137
2017060306 144.837
2017060307 141.26
2017060308 138.115
2017060309 131.942
2017060310 123.479
2017060311 120.17
2017060312 117.907
2017060313 117.427
2017060314 118.19
2017060315 119.082
2017060316 119.371
2017060317 121.878
2017060318 123.532
2017060319 126.865
2017060320 127.81
2017060321 127.934
2017060322 130.578
2017060323 133.142
2017060400 137.457
2017060401 139.151
2017060402 143.186
2017060403 145.29
2017060404 146.384
2017060405 150.538
2017060406 148.154
2017060407 149.44
2017060408 146.682
2017060409 150.186
2017060410 148.526
2017060411 149.446
2017060412 146.617
2017060413 137.313
2017060414 140.394
2017060415 162.83
2017060416 150.168
2017060417 131.422
2017060418 121.232
2017060419 122.065
2017060420 127.046
2017060421 126.509
2017060422 124.375
2017060423 125.32
2017060500 127.063
2017060501 127.394
2017060502 128.332
2017060503 128.277
2017060504 131.441
2017060505 124.607
2017060506 134.888
2017060507 133.007
2017060508 128.447
2017060509 123.479
2017060510 121.616
2017060511 119.81
2017060512 118.31
2017060513 115.669
2017060514 114.353
2017060515 114.085
2017060516 114.495
2017060517 116.157
2017060518 118.078
2017060519 117.283
2017060520 116.429
2017060521 120.018
2017060522 126.04
2017060523 128.198
2017060600 131.509
2017060601 136.629
2017060602 139.097
2017060603 139.802
2017060604 138.936
2017060605 132.089
2017060606 129.907
2017060607 128.908
2017060608 125.592
2017060609 125.025
2017060610 124.05
2017060611 122.435
2017060612 120.658
2017060613 119.484
2017060614 120.35
2017060615 120.362
2017060616 121.68
2017060617 126.138
2017060618 124.076
2017060619 125.367
2017060620 128.728
2017060621 123.038
2017060622 115.07
2017060623 113.316
2017060700 114.605
2017060701 114.532
2017060702 112.122
2017060703 110.844
2017060704 110.104
2017060705 110.623
2017060706 111.698
2017060707 111.798
2017060708 110.808
2017060709 106.521
2017060710 104.893
2017060711 103.96
2017060712 102.932
2017060713 102.713
2017060714 102.38
2017060715 102.97
2017060716 104.077
2017060717 104.175
2017060718 106.178
2017060719 110.62
2017060720 112.741
2017060721 113.237
2017060722 112.416
2017060723 111.655
2017060800 112.448
2017060801 112.972
2017060802 114.064
2017060803 114.742
2017060804 116.726
2017060805 120.101
2017060806 125.183
2017060807 122.63
2017060808 117.793
2017060809 116.417
2017060810 112.93
2017060811 113.46
2017060812 113.874
2017060813 113.706
2017060814 113.621
2017060815 113.584
2017060816 115.42
2017060817 118.683
2017060818 125.863
2017060819 121.541
2017060820 121.376
2017060821 121.167
2017060822 121.921
2017060823 121.948
2017060900 119.93
2017060901 118.811
2017060902 117.028
2017060903 115.914
2017060904 116.12
2017060905 120.171
2017060906 125.319
2017060907 122.323
2017060908 119.712
2017060909 114.902
2017060910 111.246
2017060911 110.906
2017060912 110.555
2017060913 111.851
2017060914 112.032
2017060915 112.608
2017060916 115.175
2017060917 118.422
2017060918 121.479
2017060919 122.227
2017060920 120.396
2017060921 118.176
2017060922 118.373
2017060923 117.674
2017061000 125.377
2017061001 125.058
2017061002 125.915
2017061003 124.87
2017061004 125.553
2017061005 128.377
2017061006 130.782
2017061007 131.778
2017061008 130.931
2017061009 133.286
2017061010 134.104
2017061011 133.014
2017061012 130.541
2017061013 125.157
2017061014 119.341
2017061015 116.346
2017061016 118.985
2017061017 122.468
2017061018 124.148
2017061019 128.306
2017061020 131.499
2017061021 131.101
2017061022 131.328
2017061023 131.067
