2017060100 191.757
2017060101 190.153
2017060102 179.863
2017060103 171.67
2017060104 166.689
2017060105 169.831
2017060106 177.526
2017060107 180.491
2017060108 173.072
2017060109 153.697
2017060110 144.984
2017060111 138.799
2017060112 135.243
2017060113 134.229
2017060114 135.466
2017060115 139.218
2017060116 150.761
2017060117 165.066
2017060118 195.186
2017060119 201.472
2017060120 203.01
2017060121 205.327
2017060122 210.526
2017060123 210.967
2017060200 211.181
2017060201 216.534
2017060202 229.977
2017060203 238.391
2017060204 237.361
2017060205 228.616
2017060206 232.697
2017060207 237.617
2017060208 217.189
2017060209 183.049
2017060210 161.917
2017060211 152.641
2017060212 149.216
2017060213 147.364
2017060214 150.205
2017060215 161.213
2017060216 171.69
2017060217 179.704
2017060218 189.529
2017060219 202.651
2017060220 214.008
2017060221 221.628
2017060222 212.467
2017060223 203.829
2017060300 200.106
2017060301 203.987
2017060302 192.087
2017060303 189.028
2017060304 192.882
2017060305 198.091
2017060306 195.802
2017060307 189.526
2017060308 187.301
2017060309 184.658
2017060310 176.375
2017060311 167.773
2017060312 167.558
2017060313 166.746
2017060314 168.502
2017060315 167.8
2017060316 172.549
2017060317 165.466
2017060318 162.629
2017060319 175.88
2017060320 178.363
2017060321 185.173
2017060322 191.352
2017060323 194.642
2017060400 195.421
2017060401 197.388
2017060402 192.82
2017060403 192.27
2017060404 180.954
2017060405 167.35
2017060406 167.983
2017060407 158.698
2017060408 154.78
2017060409 152.501
2017060410 151.998
2017060411 155.004
2017060412 143.791
2017060413 145.915
2017060414 151.944
2017060415 158.7
2017060416 161.634
2017060417 163.995
2017060418 163.806
2017060419 176.368
2017060420 177.69
2017060421 180.166
2017060422 185.029
2017060423 180.409
2017060500 176.36
2017060501 169.98
2017060502 170.365
2017060503 170.451
2017060504 173.026
2017060505 172.976
2017060506 167.206
2017060507 163.687
2017060508 158.495
2017060509 148.724
2017060510 145.149
2017060511 143.482
2017060512 140.457
2017060513 135.129
2017060514 133.764
2017060515 134.468
2017060516 140.018
2017060517 140.264
2017060518 144.349
2017060519 144.761
2017060520 143.905
2017060521 150.112
2017060522 151.804
2017060523 156.322
2017060600 155.101
2017060601 157.973
2017060602 160.754
2017060603 162.469
2017060604 167.18
2017060605 152.874
2017060606 158.782
2017060607 162.463
2017060608 141.997
2017060609 136.081
2017060610 127.813
2017060611 125.973
2017060612 124.212
2017060613 133.39
2017060614 124.7
2017060615 126.107
2017060616 131.237
2017060617 125.782
2017060618 127.134
2017060619 146.48
2017060620 136.765
2017060621 127.362
2017060622 123.289
2017060623 124.523
2017060700 127.016
2017060701 128.952
2017060702 129.568
2017060703 133.84
2017060704 128.767
2017060705 134.91
2017060706 141.712
2017060707 145.32
2017060708 135.328
2017060709 131.122
2017060710 126.775
2017060711 125.917
2017060712 125.117
2017060713 126.236
2017060714 126.538
2017060715 129.677
2017060716 132.888
2017060717 134.25
2017060718 129.729
2017060719 128.325
2017060720 125.903
2017060721 127.73
2017060722 129.923
2017060723 132.082
2017060800 132.183
2017060801 138.252
2017060802 140.724
2017060803 143.839
2017060804 148.013
2017060805 150.969
2017060806 153.151
2017060807 156.586
2017060808 152.562
2017060809 136.226
2017060810 132.338
2017060811 132.203
2017060812 134.079
2017060813 137.118
2017060814 138.845
2017060815 141.415
2017060816 158.432
2017060817 176.16
2017060818 185.847
2017060819 185.813
2017060820 188.844
2017060821 203.939
2017060822 219.812
2017060823 203.727
2017060900 182.314
2017060901 181.271
2017060902 187.26
2017060903 198.071
2017060904 189.945
2017060905 202.09
2017060906 188.381
2017060907 167.149
2017060908 150.181
2017060909 136.702
2017060910 132.841
2017060911 126.443
2017060912 124.167
2017060913 124.017
2017060914 125.17
2017060915 127.852
2017060916 129.89
2017060917 128.09
2017060918 131.577
2017060919 142.498
2017060920 143.974
2017060921 149.125
2017060922 150.788
2017060923 157.058
2017061000 148.631
2017061001 148.776
2017061002 148.585
2017061003 148.197
2017061004 151.237
2017061005 150.874
2017061006 156.603
2017061007 153.014
2017061008 144.295
2017061009 140.926
2017061010 139.142
2017061011 140.974
2017061012 141.428
2017061013 134.92
2017061014 132.744
2017061015 135.932
2017061016 134.03
2017061017 135.661
2017061018 140.666
2017061019 159.343
2017061020 160.008
2017061021 163.944
2017061022 170.455
2017061023 174.734
