2017060100 6.254
2017060101 7.013
2017060102 8.129
2017060103 8.97
2017060104 9.763
2017060105 8.006
2017060106 6.547
2017060107 3.329
2017060108 2.258
2017060109 1.777
2017060110 1.403
2017060111 1.234
2017060112 1.149
2017060113 1.113
2017060114 1.115
2017060115 1.192
2017060116 1.591
2017060117 2.093
2017060118 2.702
2017060119 4.673
2017060120 6.236
2017060121 7.724
2017060122 8.028
2017060123 7.638
2017060200 7.488
2017060201 7.692
2017060202 8.047
2017060203 8.483
2017060204 8.368
2017060205 6.258
2017060206 6.495
2017060207 3.59
2017060208 2.475
2017060209 1.943
2017060210 1.239
2017060211 1.014
2017060212 0.942
2017060213 0.949
2017060214 0.999
2017060215 1.122
2017060216 1.395
2017060217 1.938
2017060218 3.215
2017060219 5.827
2017060220 7.29
2017060221 7.676
2017060222 8.275
2017060223 8.359
2017060300 8.64
2017060301 8.355
2017060302 7.868
2017060303 7.646
2017060304 6.868
2017060305 5.085
2017060306 4.708
2017060307 2.255
2017060308 1.665
2017060309 1.25
2017060310 1.002
2017060311 0.868
2017060312 0.842
2017060313 0.88
2017060314 0.936
2017060315 1.041
2017060316 1.409
2017060317 1.99
2017060318 2.837
2017060319 3.813
2017060320 4.589
2017060321 4.527
2017060322 5.059
2017060323 5.785
2017060400 5.331
2017060401 5.389
2017060402 5.512
2017060403 5.837
2017060404 6.898
2017060405 6.017
2017060406 5.583
2017060407 3.158
2017060408 2.655
2017060409 1.778
2017060410 1.144
2017060411 0.899
2017060412 1
2017060413 1.085
2017060414 1.363
2017060415 1.36
2017060416 2.182
2017060417 2.093
2017060418 2.62
2017060419 4.768
2017060420 6.4
2017060421 7.196
2017060422 6.953
2017060423 6.957
2017060500 8.272
2017060501 8.112
2017060502 8.306
2017060503 8.511
2017060504 6.94
2017060505 5.424
2017060506 4.813
2017060507 2.63
2017060508 1.715
2017060509 1.243
2017060510 0.969
2017060511 0.927
2017060512 0.911
2017060513 0.989
2017060514 1.043
2017060515 1.182
2017060516 1.462
2017060517 1.909
2017060518 2.591
2017060519 3.609
2017060520 4.106
2017060521 4.814
2017060522 5.141
2017060523 5.453
2017060600 6.358
2017060601 6.244
2017060602 5.938
2017060603 5.615
2017060604 6.031
2017060605 5.712
2017060606 5.041
2017060607 3.556
2017060608 2.349
2017060609 1.635
2017060610 1.194
2017060611 1.003
2017060612 0.962
2017060613 1.02
2017060614 1.35
2017060615 1.733
2017060616 2.24
2017060617 2.104
2017060618 2.241
2017060619 2.391
2017060620 2.308
2017060621 2.394
2017060622 2.475
2017060623 2.657
2017060700 3.214
2017060701 3.137
2017060702 3.356
2017060703 3.807
2017060704 4.176
2017060705 2.816
2017060706 2.163
2017060707 1.832
2017060708 1.458
2017060709 0.906
2017060710 0.722
2017060711 0.658
2017060712 0.642
2017060713 0.704
2017060714 0.776
2017060715 0.858
2017060716 1.1
2017060717 1.441
2017060718 1.694
2017060719 3.184
2017060720 3.894
2017060721 4.098
2017060722 4.597
2017060723 4.796
2017060800 4.835
2017060801 4.847
2017060802 4.828
2017060803 4.88
2017060804 4.519
2017060805 3.045
2017060806 2.789
2017060807 2.472
2017060808 1.683
2017060809 1.22
2017060810 0.938
2017060811 0.781
2017060812 0.744
2017060813 0.732
2017060814 0.753
2017060815 0.869
2017060816 1.148
2017060817 2.016
2017060818 2.966
2017060819 7.09
2017060820 9.642
2017060821 8.993
2017060822 7.664
2017060823 7.881
2017060900 7.595
2017060901 7.239
2017060902 6.842
2017060903 6.511
2017060904 5.819
2017060905 4.533
2017060906 3.64
2017060907 2.817
2017060908 2.6
2017060909 1.905
2017060910 1.33
2017060911 1.037
2017060912 0.969
2017060913 0.993
2017060914 1.035
2017060915 1.228
2017060916 1.533
2017060917 2.011
2017060918 2.632
2017060919 3.85
2017060920 4.817
2017060921 5.615
2017060922 5.069
2017060923 5.792
2017061000 4.466
2017061001 5.178
2017061002 5.007
2017061003 4.799
2017061004 5.157
2017061005 4.972
2017061006 4.476
2017061007 4.066
2017061008 2.635
2017061009 2.45
2017061010 1.979
2017061011 1.38
2017061012 1.121
2017061013 1.04
2017061014 1.078
2017061015 1.155
2017061016 1.519
2017061017 2.244
2017061018 2.388
2017061019 4.867
2017061020 5.607
2017061021 6.176
2017061022 6.396
2017061023 6.586
