2017060100 70.685
2017060101 66.251
2017060102 60.487
2017060103 59.473
2017060104 61.753
2017060105 67.495
2017060106 69.137
2017060107 72.62
2017060108 82.308
2017060109 89.726
2017060110 98.136
2017060111 105.099
2017060112 106.894
2017060113 108
2017060114 109.96
2017060115 109.388
2017060116 102.565
2017060117 99.615
2017060118 92.943
2017060119 79.518
2017060120 71.499
2017060121 65.09
2017060122 61.009
2017060123 54.208
2017060200 45.113
2017060201 39.94
2017060202 36.4
2017060203 33.592
2017060204 34.479
2017060205 52.781
2017060206 58.486
2017060207 75.739
2017060208 85.35
2017060209 106.271
2017060210 109.818
2017060211 109.233
2017060212 105.432
2017060213 105.926
2017060214 107.608
2017060215 107.891
2017060216 100.514
2017060217 97.334
2017060218 94.844
2017060219 85.933
2017060220 76.235
2017060221 75.842
2017060222 64.34
2017060223 57.256
2017060300 57.676
2017060301 56.729
2017060302 63.883
2017060303 64.147
2017060304 66.781
2017060305 67.164
2017060306 62.331
2017060307 75.732
2017060308 85.927
2017060309 104.669
2017060310 119.1
2017060311 123.203
2017060312 126.82
2017060313 124.646
2017060314 122.252
2017060315 119.977
2017060316 110.096
2017060317 105.312
2017060318 99.082
2017060319 94.312
2017060320 90.488
2017060321 90.684
2017060322 88.248
2017060323 86.15
2017060400 98.141
2017060401 98.011
2017060402 98.18
2017060403 95.83
2017060404 92.04
2017060405 88.271
2017060406 94.621
2017060407 101.003
2017060408 109.917
2017060409 111.338
2017060410 110.786
2017060411 105.758
2017060412 98.249
2017060413 98.467
2017060414 94.993
2017060415 90.942
2017060416 88.178
2017060417 83.301
2017060418 81.631
2017060419 79.058
2017060420 77.65
2017060421 75.688
2017060422 70.897
2017060423 67.312
2017060500 70.743
2017060501 65.014
2017060502 61.283
2017060503 59.686
2017060504 68.952
2017060505 69.489
2017060506 72.317
2017060507 83.249
2017060508 88.276
2017060509 95.619
2017060510 99.809
2017060511 102.911
2017060512 103.383
2017060513 103.639
2017060514 103.26
2017060515 102.863
2017060516 99.461
2017060517 94.488
2017060518 94.347
2017060519 93.106
2017060520 88.494
2017060521 83.164
2017060522 78.107
2017060523 72.948
2017060600 77.579
2017060601 73.787
2017060602 72.368
2017060603 71.758
2017060604 73.728
2017060605 74.076
2017060606 75.817
2017060607 82.771
2017060608 93.842
2017060609 97.076
2017060610 99.032
2017060611 98.213
2017060612 97.884
2017060613 100.099
2017060614 104.012
2017060615 105.124
2017060616 93.437
2017060617 88.145
2017060618 89.565
2017060619 91.036
2017060620 88.807
2017060621 84.177
2017060622 83.73
2017060623 85.453
2017060700 79.452
2017060701 72.407
2017060702 69.271
2017060703 68.482
2017060704 72.907
2017060705 69.56
2017060706 68.423
2017060707 69.385
2017060708 73.627
2017060709 75.116
2017060710 77.86
2017060711 81.555
2017060712 83.372
2017060713 85.552
2017060714 85.894
2017060715 86.701
2017060716 85.094
2017060717 85.713
2017060718 83.347
2017060719 80.348
2017060720 76.169
2017060721 73.545
2017060722 70.472
2017060723 69.044
2017060800 69.715
2017060801 64.687
2017060802 61.572
2017060803 59.351
2017060804 59.1
2017060805 60.104
2017060806 64.019
2017060807 71.073
2017060808 75.531
2017060809 84.171
2017060810 88.422
2017060811 93.97
2017060812 96.754
2017060813 101.708
2017060814 104.175
2017060815 107.081
2017060816 107.948
2017060817 104.696
2017060818 96.723
2017060819 88.231
2017060820 80.726
2017060821 78.704
2017060822 82.673
2017060823 78.626
2017060900 70.997
2017060901 67.615
2017060902 64.002
2017060903 58.82
2017060904 58.365
2017060905 63.968
2017060906 65.461
2017060907 75.37
2017060908 87.021
2017060909 94.275
2017060910 94.202
2017060911 93.926
2017060912 92.481
2017060913 92.199
2017060914 92.404
2017060915 92.213
2017060916 92.283
2017060917 92.465
2017060918 92.992
2017060919 88.408
2017060920 82.457
2017060921 76.79
2017060922 75.593
2017060923 78.606
2017061000 88.152
2017061001 85.034
2017061002 84.304
2017061003 78.342
2017061004 72.802
2017061005 70.793
2017061006 72.019
2017061007 81.058
2017061008 84.498
2017061009 89.513
2017061010 91.561
2017061011 95.184
2017061012 97.146
2017061013 96.665
2017061014 94.916
2017061015 96.581
2017061016 97.182
2017061017 94.562
2017061018 94.109
2017061019 89.805
2017061020 85.433
2017061021 82.705
2017061022 73.713
2017061023 71.514
