2017060100 8.079
2017060101 7.918
2017060102 7.461
2017060103 7.2
2017060104 6.954
2017060105 6.45
2017060106 6.472
2017060107 6.244
2017060108 5.416
2017060109 3.762
2017060110 2.552
2017060111 1.976
2017060112 1.666
2017060113 1.713
2017060114 1.948
2017060115 2.395
2017060116 3.686
2017060117 5.695
2017060118 7.428
2017060119 8.423
2017060120 8.346
2017060121 9.324
2017060122 8.969
2017060123 8.54
2017060200 7.49
2017060201 6.874
2017060202 6.091
2017060203 5.117
2017060204 4.585
2017060205 4.024
2017060206 4.372
2017060207 5.855
2017060208 5.276
2017060209 3.952
2017060210 2.714
2017060211 1.928
2017060212 1.557
2017060213 1.597
2017060214 1.929
2017060215 2.589
2017060216 4.034
2017060217 6.002
2017060218 7.763
2017060219 9.653
2017060220 10.512
2017060221 10.571
2017060222 9.996
2017060223 9.2
2017060300 8.978
2017060301 7.607
2017060302 7.17
2017060303 6.25
2017060304 5.749
2017060305 4.886
2017060306 4.455
2017060307 3.424
2017060308 2.552
2017060309 2.124
2017060310 1.672
2017060311 1.427
2017060312 1.355
2017060313 1.379
2017060314 1.445
2017060315 1.524
2017060316 2.562
2017060317 3.279
2017060318 3.464
2017060319 4.633
2017060320 5.726
2017060321 6.817
2017060322 7.785
2017060323 8.612
2017060400 7.016
2017060401 6.148
2017060402 6.622
2017060403 5.42
2017060404 4.758
2017060405 4.471
2017060406 4.499
2017060407 4.053
2017060408 3.404
2017060409 2.839
2017060410 2.231
2017060411 1.732
2017060412 1.652
2017060413 1.555
2017060414 1.487
2017060415 1.624
2017060416 2.012
2017060417 2.617
2017060418 3.317
2017060419 4.991
2017060420 5.791
2017060421 4.932
2017060422 5.716
2017060423 6.636
2017060500 7.079
2017060501 8.833
2017060502 9.092
2017060503 9.103
2017060504 9.141
2017060505 8.496
2017060506 8.395
2017060507 9.113
2017060508 7.679
2017060509 6.692
2017060510 6.876
2017060511 6.495
2017060512 5.065
2017060513 4.071
2017060514 3.768
2017060515 3.662
2017060516 3.801
2017060517 4.418
2017060518 5.336
2017060519 7.082
2017060520 7.724
2017060521 8.051
2017060522 8.197
2017060523 7.692
2017060600 7.216
2017060601 6.92
2017060602 6.93
2017060603 6.453
2017060604 6.184
2017060605 5.162
2017060606 5.298
2017060607 5.045
2017060608 4.265
2017060609 2.876
2017060610 2.925
2017060611 1.961
2017060612 1.33
2017060613 1.502
2017060614 1.631
2017060615 1.727
2017060616 1.703
2017060617 1.774
2017060618 1.772
2017060619 2.406
2017060620 3.074
2017060621 3.063
2017060622 3.149
2017060623 3.264
2017060700 3.308
2017060701 3.418
2017060702 3.456
2017060703 3.229
2017060704 2.763
2017060705 2.326
2017060706 2.266
2017060707 2.79
2017060708 2.718
2017060709 1.942
2017060710 1.364
2017060711 1.045
2017060712 0.962
2017060713 1.042
2017060714 1.117
2017060715 1.372
2017060716 1.7
2017060717 2.077
2017060718 2.373
2017060719 3.304
2017060720 6.211
2017060721 4.044
2017060722 4.147
2017060723 4.463
2017060800 4.626
2017060801 4.482
2017060802 4.259
2017060803 3.987
2017060804 3.974
2017060805 3.616
2017060806 4.086
2017060807 4.454
2017060808 4.954
2017060809 4.019
2017060810 2.792
2017060811 2.098
2017060812 1.712
2017060813 1.616
2017060814 1.59
2017060815 1.69
2017060816 2.561
2017060817 3.548
2017060818 4.273
2017060819 5.794
2017060820 5.772
2017060821 6.251
2017060822 6.219
2017060823 6.375
2017060900 5.788
2017060901 5.065
2017060902 4.495
2017060903 4.522
2017060904 4.717
2017060905 4.104
2017060906 3.97
2017060907 5.064
2017060908 4.141
2017060909 3.132
2017060910 2.461
2017060911 2.094
2017060912 1.819
2017060913 1.843
2017060914 1.967
2017060915 2.233
2017060916 3.254
2017060917 4.36
2017060918 6.368
2017060919 6.743
2017060920 7.962
2017060921 9.204
2017060922 9.432
2017060923 9.139
2017061000 9.115
2017061001 9.282
2017061002 8.953
2017061003 8.37
2017061004 8.092
2017061005 6.852
2017061006 5.997
2017061007 5.257
2017061008 4.231
2017061009 2.736
2017061010 1.829
2017061011 1.357
2017061012 1.189
2017061013 1.268
2017061014 1.186
2017061015 1.274
2017061016 2.145
2017061017 3.353
2017061018 5.123
2017061019 6.817
2017061020 6.488
2017061021 7.43
2017061022 6.25
2017061023 6.641
