2017060100 71.137
2017060101 71.95
2017060102 69.705
2017060103 66.851
2017060104 61.56
2017060105 66.775
2017060106 63.708
2017060107 75.87
2017060108 84.124
2017060109 94.164
2017060110 95.164
2017060111 95.455
2017060112 93.515
2017060113 89.541
2017060114 90.019
2017060115 90.286
2017060116 88.337
2017060117 83.294
2017060118 80.587
2017060119 74.211
2017060120 71.156
2017060121 68.481
2017060122 66.214
2017060123 65.019
2017060200 64.44
2017060201 63.658
2017060202 61.372
2017060203 58.898
2017060204 63.061
2017060205 66.333
2017060206 63.572
2017060207 78.139
2017060208 87.435
2017060209 92.454
2017060210 92.029
2017060211 91.165
2017060212 89.13
2017060213 90.113
2017060214 91.019
2017060215 90.993
2017060216 83.987
2017060217 82.483
2017060218 80.558
2017060219 75.563
2017060220 71.098
2017060221 66.238
2017060222 67.221
2017060223 68.71
2017060300 67.684
2017060301 69.909
2017060302 67.802
2017060303 68.979
2017060304 66.265
2017060305 69.45
2017060306 67.333
2017060307 86.854
2017060308 90.512
2017060309 90.146
2017060310 91.745
2017060311 92.093
2017060312 92.401
2017060313 93.864
2017060314 95.614
2017060315 96.127
2017060316 96.306
2017060317 96.203
2017060318 95.373
2017060319 92.123
2017060320 89.39
2017060321 86.548
2017060322 80.8
2017060323 76.233
2017060400 80.528
2017060401 79.204
2017060402 78.068
2017060403 76.459
2017060404 85.449
2017060405 95.24
2017060406 93.654
2017060407 96.799
2017060408 98.012
2017060409 95.511
2017060410 93.867
2017060411 92.603
2017060412 91.765
2017060413 89.483
2017060414 88.262
2017060415 84.101
2017060416 81.577
2017060417 77.165
2017060418 71.432
2017060419 68.242
2017060420 65.318
2017060421 64.296
2017060422 61.93
2017060423 59.386
2017060500 60.124
2017060501 57.74
2017060502 56.679
2017060503 56.735
2017060504 59.094
2017060505 62.898
2017060506 63.773
2017060507 66.631
2017060508 73.473
2017060509 77.748
2017060510 78.021
2017060511 83.49
2017060512 85.189
2017060513 81.758
2017060514 82.552
2017060515 83.776
2017060516 83.162
2017060517 80.083
2017060518 80.543
2017060519 80.439
2017060520 79.134
2017060521 76.973
2017060522 76.214
2017060523 75.556
2017060600 74.99
2017060601 75.75
2017060602 76.167
2017060603 75.798
2017060604 76.948
2017060605 79.231
2017060606 78.148
2017060607 82.729
2017060608 87.683
2017060609 85.791
2017060610 83.829
2017060611 85.196
2017060612 85.436
2017060613 80.895
2017060614 82.163
2017060615 87.424
2017060616 89.365
2017060617 84.464
2017060618 75.067
2017060619 72.375
2017060620 73.986
2017060621 74.743
2017060622 71.93
2017060623 69.621
2017060700 73.177
2017060701 70.458
2017060702 70.78
2017060703 72.224
2017060704 72.027
2017060705 70.731
2017060706 69.917
2017060707 76.134
2017060708 80.457
2017060709 83.417
2017060710 87.457
2017060711 89.511
2017060712 86.37
2017060713 85.045
2017060714 86.396
2017060715 87.302
2017060716 81.636
2017060717 77.691
2017060718 74.231
2017060719 71.105
2017060720 69.54
2017060721 68.596
2017060722 68.109
2017060723 66.666
2017060800 63.482
2017060801 63.11
2017060802 57.723
2017060803 58.623
2017060804 63.963
2017060805 70.943
2017060806 70.801
2017060807 76.535
2017060808 78.637
2017060809 85.725
2017060810 88.811
2017060811 89.306
2017060812 91.137
2017060813 92.105
2017060814 91.801
2017060815 90.624
2017060816 88.336
2017060817 86.068
2017060818 83.395
2017060819 74.676
2017060820 70.412
2017060821 68.162
2017060822 64.544
2017060823 62.493
2017060900 65.81
2017060901 64.577
2017060902 62.093
2017060903 59.268
2017060904 59.799
2017060905 62.888
2017060906 59.167
2017060907 70.309
2017060908 76.034
2017060909 90.604
2017060910 91.255
2017060911 90.13
2017060912 88.833
2017060913 89.027
2017060914 91.251
2017060915 93.426
2017060916 91.623
2017060917 90.803
2017060918 85.101
2017060919 80.325
2017060920 75.234
2017060921 71.451
2017060922 67.648
2017060923 63.177
2017061000 66.037
2017061001 64.626
2017061002 61.215
2017061003 58.365
2017061004 57.854
2017061005 64.505
2017061006 62.554
2017061007 81.901
2017061008 86.252
2017061009 85.652
2017061010 89.293
2017061011 90.45
2017061012 89.268
2017061013 88.049
2017061014 89.685
2017061015 90.182
2017061016 86.293
2017061017 86.172
2017061018 82.769
2017061019 78.284
2017061020 74.621
2017061021 69.873
2017061022 69.423
2017061023 68.387
