2017060100 80.581
2017060101 76.226
2017060102 72.917
2017060103 70.393
2017060104 66.658
2017060105 64.67
2017060106 64.577
2017060107 81.96
2017060108 89.992
2017060109 97.996
2017060110 104.621
2017060111 110.727
2017060112 115.186
2017060113 113.121
2017060114 112.021
2017060115 111.17
2017060116 103.879
2017060117 98.966
2017060118 92.676
2017060119 84.446
2017060120 79.371
2017060121 79.625
2017060122 73.075
2017060123 65.672
2017060200 69.768
2017060201 60.016
2017060202 61.256
2017060203 62.564
2017060204 57.112
2017060205 59.421
2017060206 55.25
2017060207 73.53
2017060208 86.648
2017060209 97.103
2017060210 108.849
2017060211 114.935
2017060212 115.205
2017060213 116.287
2017060214 115.114
2017060215 111.818
2017060216 105.522
2017060217 97.714
2017060218 85.585
2017060219 84.262
2017060220 79.178
2017060221 74.06
2017060222 72.002
2017060223 68.211
2017060300 67.584
2017060301 61.848
2017060302 63.044
2017060303 64.3
2017060304 60.708
2017060305 63.035
2017060306 59.8
2017060307 82.834
2017060308 92.333
2017060309 100.874
2017060310 114.007
2017060311 118.485
2017060312 119.826
2017060313 118.548
2017060314 116.672
2017060315 113.53
2017060316 108.015
2017060317 105.414
2017060318 93.163
2017060319 90.163
2017060320 86.787
2017060321 84.59
2017060322 84.825
2017060323 81.613
2017060400 86.705
2017060401 82.255
2017060402 78.664
2017060403 77.302
2017060404 77.405
2017060405 75.594
2017060406 69.982
2017060407 67.165
2017060408 64.256
2017060409 66.442
2017060410 69.467
2017060411 73.729
2017060412 77.929
2017060413 82.047
2017060414 84.244
2017060415 85.495
2017060416 84.15
2017060417 83.596
2017060418 82.778
2017060419 77.016
2017060420 75.343
2017060421 74.245
2017060422 73.624
2017060423 68.993
2017060500 64.517
2017060501 60.171
2017060502 54.403
2017060503 51.864
2017060504 55.518
2017060505 61.806
2017060506 62.141
2017060507 66.12
2017060508 68.502
2017060509 71.625
2017060510 73.406
2017060511 74.608
2017060512 83.335
2017060513 92.193
2017060514 94.08
2017060515 94.167
2017060516 91.84
2017060517 91.335
2017060518 90.226
2017060519 86.081
2017060520 84.471
2017060521 83.628
2017060522 86.099
2017060523 81.488
2017060600 76.679
2017060601 64.621
2017060602 61.613
2017060603 56.245
2017060604 55.391
2017060605 53.683
2017060606 52.032
2017060607 66.873
2017060608 74.344
2017060609 78.518
2017060610 79.872
2017060611 81.903
2017060612 82.816
2017060613 82.456
2017060614 82.735
2017060615 81.847
2017060616 77.372
2017060617 76.114
2017060618 76.018
2017060619 76.903
2017060620 70.28
2017060621 67.75
2017060622 67.563
2017060623 67.659
2017060700 65.62
2017060701 65.474
2017060702 62.141
2017060703 64.241
2017060704 66.305
2017060705 63.787
2017060706 58.623
2017060707 62.36
2017060708 65.907
2017060709 70.227
2017060710 71.72
2017060711 79.139
2017060712 85.844
2017060713 88.836
2017060714 89.48
2017060715 86.237
2017060716 85.652
2017060717 85.858
2017060718 83.803
2017060719 83.132
2017060720 67.308
2017060721 65.909
2017060722 62.942
2017060723 61.95
2017060800 64.793
2017060801 59.467
2017060802 58.061
2017060803 58.165
2017060804 60.399
2017060805 61.756
2017060806 56.951
2017060807 64.902
2017060808 71.799
2017060809 81.28
2017060810 89.679
2017060811 101.108
2017060812 112.437
2017060813 117.272
2017060814 115.14
2017060815 119.823
2017060816 118.963
2017060817 117.958
2017060818 104.485
2017060819 95.206
2017060820 83.873
2017060821 77.378
2017060822 75.879
2017060823 69.333
2017060900 68.093
2017060901 64.238
2017060902 61.937
2017060903 56.373
2017060904 53.44
2017060905 57.953
2017060906 62.116
2017060907 71.053
2017060908 83.553
2017060909 89.166
2017060910 95.905
2017060911 102.453
2017060912 103.953
2017060913 108.279
2017060914 107.986
2017060915 107.793
2017060916 106.015
2017060917 99.761
2017060918 95.324
2017060919 89.817
2017060920 87.18
2017060921 79.251
2017060922 75.77
2017060923 69.549
2017061000 68.548
2017061001 63.652
2017061002 64.55
2017061003 67.826
2017061004 63.278
2017061005 63.504
2017061006 56.69
2017061007 70.434
2017061008 75.796
2017061009 83.841
2017061010 93.483
2017061011 97.12
2017061012 99.805
2017061013 96.832
2017061014 98.564
2017061015 101.528
2017061016 100.746
2017061017 101.813
2017061018 100.019
2017061019 94.998
2017061020 81.937
2017061021 77.546
2017061022 77.033
2017061023 72.825
