2017060100 215.788
2017060101 222.121
2017060102 211.34
2017060103 212.007
2017060104 211.25
2017060105 210.344
2017060106 240.531
2017060107 251.586
2017060108 239.298
2017060109 213.224
2017060110 190.327
2017060111 160.083
2017060112 150.349
2017060113 148.312
2017060114 147.298
2017060115 154.342
2017060116 170.704
2017060117 199.53
2017060118 213.295
2017060119 224.915
2017060120 228.194
2017060121 242.521
2017060122 257.768
2017060123 261.022
2017060200 247.438
2017060201 251.964
2017060202 242.278
2017060203 235.103
2017060204 229.059
2017060205 216.158
2017060206 228.097
2017060207 223.375
2017060208 209.435
2017060209 193.551
2017060210 186.01
2017060211 172.421
2017060212 166.105
2017060213 167.3
2017060214 169.745
2017060215 179.094
2017060216 194.569
2017060217 211.244
2017060218 228.487
2017060219 249.209
2017060220 248.137
2017060221 246.232
2017060222 248.932
2017060223 249.616
2017060300 246.701
2017060301 237.92
2017060302 217.703
2017060303 210.981
2017060304 203.407
2017060305 200.879
2017060306 208.145
2017060307 181.015
2017060308 178.006
2017060309 177.014
2017060310 157.929
2017060311 153.78
2017060312 149.938
2017060313 148.492
2017060314 146.95
2017060315 148.707
2017060316 158.647
2017060317 163.453
2017060318 162.519
2017060319 154.399
2017060320 158.333
2017060321 165.253
2017060322 173.771
2017060323 177.114
2017060400 177.528
2017060401 150.732
2017060402 146.745
2017060403 146.304
2017060404 144.9
2017060405 145.249
2017060406 144.542
2017060407 142.823
2017060408 126.368
2017060409 124.448
2017060410 118.305
2017060411 118.863
2017060412 119.458
2017060413 120.117
2017060414 121.186
2017060415 122.665
2017060416 125.294
2017060417 132.31
2017060418 138.432
2017060419 136.219
2017060420 147.173
2017060421 149.079
2017060422 147.635
2017060423 137.354
2017060500 135.696
2017060501 137.459
2017060502 140.99
2017060503 146.157
2017060504 153.201
2017060505 167.874
2017060506 188.124
2017060507 194.665
2017060508 196.466
2017060509 190.878
2017060510 185.361
2017060511 182.362
2017060512 182.347
2017060513 185.521
2017060514 192.14
2017060515 199.496
2017060516 196.346
2017060517 203.32
2017060518 233.817
2017060519 243.458
2017060520 235.022
2017060521 225.378
2017060522 235.07
2017060523 234.449
2017060600 229.304
2017060601 220.528
2017060602 213.541
2017060603 206.846
2017060604 196.365
2017060605 203.15
2017060606 201.739
2017060607 168.375
2017060608 144.787
2017060609 132.894
2017060610 131.435
2017060611 125.304
2017060612 120.969
2017060613 119.198
2017060614 117.988
2017060615 116.639
2017060616 117.007
2017060617 117.767
2017060618 115.571
2017060619 113.989
2017060620 118.483
2017060621 121.195
2017060622 118.829
2017060623 118.628
2017060700 118.674
2017060701 120.745
2017060702 116.107
2017060703 115.001
2017060704 119.45
2017060705 127.086
2017060706 130.429
2017060707 127.683
2017060708 123.443
2017060709 114.692
2017060710 112.01
2017060711 109.132
2017060712 108.455
2017060713 110.064
2017060714 110.379
2017060715 112.247
2017060716 124.637
2017060717 127.272
2017060718 126.795
2017060719 134.546
2017060720 158.975
2017060721 168.267
2017060722 171.501
2017060723 161.578
2017060800 164.201
2017060801 159.187
2017060802 156.952
2017060803 156.022
2017060804 154.186
2017060805 158.776
2017060806 171.385
2017060807 168.775
2017060808 155.541
2017060809 147.982
2017060810 140.902
2017060811 141.01
2017060812 143.327
2017060813 146.454
2017060814 150.663
2017060815 150.511
2017060816 161.756
2017060817 171.812
2017060818 203.139
2017060819 220.091
2017060820 221.564
2017060821 215.373
2017060822 193.178
2017060823 177.22
2017060900 167.466
2017060901 168.897
2017060902 169.796
2017060903 171.277
2017060904 178.295
2017060905 188.131
2017060906 194.681
2017060907 180.278
2017060908 175.547
2017060909 172.55
2017060910 177.965
2017060911 172.891
2017060912 164.408
2017060913 144.341
2017060914 140.713
2017060915 140.034
2017060916 150.369
2017060917 165.874
2017060918 165.087
2017060919 165.365
2017060920 162.277
2017060921 154.119
2017060922 144.159
2017060923 146.021
2017061000 155.974
2017061001 161.133
2017061002 157.68
2017061003 155.506
2017061004 161.212
2017061005 167.993
2017061006 183.961
2017061007 160.769
2017061008 152.801
2017061009 148.486
2017061010 141.27
2017061011 137.057
2017061012 135.278
2017061013 135.069
2017061014 136.903
2017061015 137.921
2017061016 144.703
2017061017 152.996
2017061018 167.885
2017061019 180.49
2017061020 188.112
2017061021 180.766
2017061022 168.932
2017061023 163.481
