2017060100 61.213
2017060101 59.453
2017060102 55.726
2017060103 51.381
2017060104 58.666
2017060105 71.175
2017060106 69.876
2017060107 79.741
2017060108 84.464
2017060109 92.785
2017060110 94.906
2017060111 94.901
2017060112 95.522
2017060113 97.13
2017060114 98.166
2017060115 99.758
2017060116 100.151
2017060117 94.688
2017060118 89.989
2017060119 80.128
2017060120 76.634
2017060121 65.022
2017060122 62.688
2017060123 54.632
2017060200 52.658
2017060201 45.086
2017060202 43.046
2017060203 41.127
2017060204 42.515
2017060205 40.97
2017060206 45.907
2017060207 67.635
2017060208 76.787
2017060209 88.64
2017060210 95.095
2017060211 103.985
2017060212 106.604
2017060213 109.952
2017060214 111.461
2017060215 114.48
2017060216 111.491
2017060217 109.484
2017060218 99.645
2017060219 91.721
2017060220 83.109
2017060221 75.918
2017060222 71.249
2017060223 67.247
2017060300 66.104
2017060301 59.993
2017060302 57.449
2017060303 55.66
2017060304 62.687
2017060305 61.946
2017060306 62.478
2017060307 79.866
2017060308 94.554
2017060309 103.724
2017060310 109.602
2017060311 109.589
2017060312 110.215
2017060313 110.109
2017060314 110.3
2017060315 109.389
2017060316 108.447
2017060317 106.748
2017060318 98.925
2017060319 93.562
2017060320 87.597
2017060321 85.017
2017060322 84.163
2017060323 91.667
2017060400 93.332
2017060401 87.587
2017060402 85.47
2017060403 80.982
2017060404 77.899
2017060405 77.948
2017060406 79.767
2017060407 93.562
2017060408 95.092
2017060409 96.956
2017060410 96.377
2017060411 95.216
2017060412 98.337
2017060413 92.68
2017060414 96.328
2017060415 94.707
2017060416 95.216
2017060417 86.265
2017060418 88.658
2017060419 87.545
2017060420 81.482
2017060421 76.991
2017060422 67.999
2017060423 62.204
2017060500 58.368
2017060501 51.553
2017060502 48.131
2017060503 46.505
2017060504 47.8
2017060505 53.754
2017060506 56.472
2017060507 73.64
2017060508 84.397
2017060509 91.688
2017060510 93.731
2017060511 94.63
2017060512 94.309
2017060513 95.496
2017060514 95.177
2017060515 95.913
2017060516 95.68
2017060517 95.606
2017060518 78.786
2017060519 80.467
2017060520 75.724
2017060521 79.898
2017060522 81.332
2017060523 80.599
2017060600 86.809
2017060601 78.734
2017060602 74.249
2017060603 71.713
2017060604 67.726
2017060605 76.406
2017060606 72.594
2017060607 82.611
2017060608 85.98
2017060609 90.621
2017060610 97.345
2017060611 100.193
2017060612 102.07
2017060613 99.176
2017060614 101.133
2017060615 96.076
2017060616 89.162
2017060617 83.293
2017060618 85.85
2017060619 89.928
2017060620 88.329
2017060621 80.961
2017060622 76.622
2017060623 71.305
2017060700 68.617
2017060701 63.826
2017060702 60.143
2017060703 57.991
2017060704 57.189
2017060705 66.51
2017060706 67.473
2017060707 70.023
2017060708 73.189
2017060709 75.376
2017060710 77.741
2017060711 80.596
2017060712 82.523
2017060713 83.423
2017060714 82.248
2017060715 79.75
2017060716 78.502
2017060717 79.126
2017060718 76.065
2017060719 63.103
2017060720 61.711
2017060721 57.769
2017060722 56.484
2017060723 56.343
2017060800 54.791
2017060801 51.806
2017060802 49.417
2017060803 48.325
2017060804 51.854
2017060805 54.197
2017060806 54.753
2017060807 61.544
2017060808 68.959
2017060809 72.521
2017060810 77.81
2017060811 82.607
2017060812 89.776
2017060813 98.83
2017060814 99.769
2017060815 100.408
2017060816 98.018
2017060817 95.194
2017060818 79.973
2017060819 81.161
2017060820 74.478
2017060821 68.995
2017060822 63.837
2017060823 59.867
2017060900 59.32
2017060901 56.441
2017060902 56.167
2017060903 56.249
2017060904 60.283
2017060905 63.76
2017060906 65.215
2017060907 79.95
2017060908 87.766
2017060909 93.882
2017060910 95.982
2017060911 96.351
2017060912 98.485
2017060913 99.801
2017060914 99.296
2017060915 99.308
2017060916 93.846
2017060917 89.834
2017060918 82.622
2017060919 83.499
2017060920 75.879
2017060921 79.927
2017060922 70.406
2017060923 64.549
2017061000 70.438
2017061001 61.064
2017061002 60.285
2017061003 59.363
2017061004 60.318
2017061005 61.252
2017061006 60.355
2017061007 74.078
2017061008 80.709
2017061009 85.833
2017061010 92.999
2017061011 96.231
2017061012 97.215
2017061013 97.542
2017061014 95.329
2017061015 93.949
2017061016 94.69
2017061017 93.771
2017061018 89.757
2017061019 75.607
2017061020 71.382
2017061021 77.105
2017061022 69.343
2017061023 61.493
