2017060100 6.455
2017060101 6.905
2017060102 6.624
2017060103 6.314
2017060104 6.182
2017060105 5.54
2017060106 4.608
2017060107 5.052
2017060108 3.615
2017060109 2.421
2017060110 1.659
2017060111 1.266
2017060112 1.102
2017060113 1.199
2017060114 1.248
2017060115 1.515
2017060116 1.869
2017060117 2.636
2017060118 3.514
2017060119 4.65
2017060120 5.012
2017060121 5.682
2017060122 6.602
2017060123 6.672
2017060200 7.213
2017060201 6.883
2017060202 6.321
2017060203 5.973
2017060204 5.901
2017060205 4.829
2017060206 3.963
2017060207 4.31
2017060208 3.781
2017060209 1.832
2017060210 1.156
2017060211 0.963
2017060212 0.933
2017060213 0.942
2017060214 1.023
2017060215 1.188
2017060216 1.916
2017060217 3.034
2017060218 3.995
2017060219 5.258
2017060220 5.614
2017060221 6.478
2017060222 6.87
2017060223 6.547
2017060300 6.078
2017060301 5.786
2017060302 5.168
2017060303 5.311
2017060304 5.657
2017060305 4.254
2017060306 3.689
2017060307 3.644
2017060308 3.062
2017060309 2.159
2017060310 1.289
2017060311 1.045
2017060312 0.961
2017060313 1.014
2017060314 1.046
2017060315 1.252
2017060316 1.709
2017060317 2.16
2017060318 2.883
2017060319 3.859
2017060320 4.3
2017060321 4.774
2017060322 5.024
2017060323 5.111
2017060400 4.917
2017060401 4.324
2017060402 3.535
2017060403 3.686
2017060404 3.651
2017060405 3.435
2017060406 2.819
2017060407 2.354
2017060408 1.63
2017060409 1.123
2017060410 0.845
2017060411 0.691
2017060412 0.621
2017060413 0.651
2017060414 0.68
2017060415 0.794
2017060416 0.909
2017060417 1.093
2017060418 1.489
2017060419 2.944
2017060420 3.74
2017060421 4.06
2017060422 3.92
2017060423 4.823
2017060500 5.041
2017060501 5.803
2017060502 6.231
2017060503 6.425
2017060504 6.664
2017060505 6.032
2017060506 5.303
2017060507 5.323
2017060508 4.695
2017060509 3.924
2017060510 3.538
2017060511 2.621
2017060512 2.108
2017060513 1.668
2017060514 1.398
2017060515 1.51
2017060516 1.567
2017060517 2.015
2017060518 3.206
2017060519 4.478
2017060520 4.051
2017060521 4.301
2017060522 5.597
2017060523 6.023
2017060600 6.191
2017060601 5.416
2017060602 5.423
2017060603 5.311
2017060604 4.569
2017060605 4.133
2017060606 3.523
2017060607 2.958
2017060608 2.424
2017060609 1.496
2017060610 1.131
2017060611 0.893
2017060612 0.651
2017060613 0.546
2017060614 0.553
2017060615 0.632
2017060616 0.768
2017060617 1.12
2017060618 1.451
2017060619 1.658
2017060620 2.383
2017060621 2.462
2017060622 2.811
2017060623 2.713
2017060700 2.682
2017060701 2.749
2017060702 2.863
2017060703 2.985
2017060704 2.835
2017060705 2.189
2017060706 1.721
2017060707 1.262
2017060708 1.234
2017060709 0.928
2017060710 0.735
2017060711 0.646
2017060712 0.661
2017060713 0.642
2017060714 0.673
2017060715 0.796
2017060716 1.038
2017060717 1.312
2017060718 2.285
2017060719 3.61
2017060720 3.957
2017060721 3.934
2017060722 4.226
2017060723 4.354
2017060800 4.797
2017060801 4.992
2017060802 5.153
2017060803 5.173
2017060804 5.754
2017060805 4.55
2017060806 3.506
2017060807 4.614
2017060808 3.902
2017060809 2.841
2017060810 1.936
2017060811 1.313
2017060812 1.079
2017060813 0.965
2017060814 0.974
2017060815 1.094
2017060816 1.529
2017060817 2.334
2017060818 3.062
2017060819 4.19
2017060820 5.797
2017060821 5.89
2017060822 5.842
2017060823 5.878
2017060900 6.313
2017060901 5.785
2017060902 5.564
2017060903 5.494
2017060904 5.287
2017060905 4.638
2017060906 4.041
2017060907 3.809
2017060908 3.397
2017060909 2.515
2017060910 1.69
2017060911 1.252
2017060912 0.927
2017060913 0.9
2017060914 0.904
2017060915 0.979
2017060916 1.22
2017060917 1.945
2017060918 2.71
2017060919 3.683
2017060920 4.1
2017060921 4.493
2017060922 4.559
2017060923 5.344
2017061000 5.518
2017061001 5.789
2017061002 6.214
2017061003 6.258
2017061004 6.667
2017061005 5.491
2017061006 5.188
2017061007 5.037
2017061008 3.332
2017061009 2.138
2017061010 1.27
2017061011 0.873
2017061012 0.652
2017061013 0.624
2017061014 0.68
2017061015 0.743
2017061016 0.883
2017061017 1.177
2017061018 1.903
2017061019 3.65
2017061020 4.847
2017061021 4.928
2017061022 5.067
2017061023 5.581
