2017060100 72.498
2017060101 69.222
2017060102 65.866
2017060103 60.373
2017060104 65.788
2017060105 69.112
2017060106 71.204
2017060107 79.139
2017060108 84.801
2017060109 90.513
2017060110 94.682
2017060111 98.473
2017060112 101.523
2017060113 104.984
2017060114 109.45
2017060115 112.197
2017060116 114.305
2017060117 111.807
2017060118 104.969
2017060119 91.888
2017060120 80.577
2017060121 74.467
2017060122 65.231
2017060123 60.285
2017060200 62.647
2017060201 60.232
2017060202 59.369
2017060203 56.974
2017060204 61.737
2017060205 65.415
2017060206 63.915
2017060207 83.934
2017060208 90.527
2017060209 96.123
2017060210 102.475
2017060211 108.734
2017060212 109.785
2017060213 110.626
2017060214 111.447
2017060215 113.64
2017060216 110.085
2017060217 109.271
2017060218 100.17
2017060219 96.745
2017060220 94.528
2017060221 87.667
2017060222 79.616
2017060223 74.279
2017060300 80.443
2017060301 71.106
2017060302 69.428
2017060303 71.002
2017060304 75.993
2017060305 74.237
2017060306 71.195
2017060307 97.539
2017060308 103.696
2017060309 113.138
2017060310 120.037
2017060311 120.871
2017060312 121.36
2017060313 121.393
2017060314 121.48
2017060315 120.125
2017060316 115.528
2017060317 108.095
2017060318 100.844
2017060319 96.951
2017060320 93.089
2017060321 91.303
2017060322 93.515
2017060323 98.624
2017060400 107.642
2017060401 88.463
2017060402 80.766
2017060403 76.99
2017060404 75.905
2017060405 75.651
2017060406 74.298
2017060407 81.918
2017060408 84.105
2017060409 87.262
2017060410 92.803
2017060411 85.942
2017060412 88.082
2017060413 94.473
2017060414 87.928
2017060415 83.735
2017060416 80.382
2017060417 81.668
2017060418 82.644
2017060419 80.689
2017060420 78.623
2017060421 76.512
2017060422 68.473
2017060423 69.498
2017060500 64.806
2017060501 64.13
2017060502 64.452
2017060503 58.875
2017060504 69.548
2017060505 74.265
2017060506 75.451
2017060507 84.996
2017060508 90.399
2017060509 92.304
2017060510 93.842
2017060511 94.945
2017060512 95.808
2017060513 95.393
2017060514 94.612
2017060515 95.53
2017060516 92.153
2017060517 94.681
2017060518 93.825
2017060519 92.664
2017060520 86.981
2017060521 83.035
2017060522 84.44
2017060523 83.632
2017060600 79.541
2017060601 76.969
2017060602 73.563
2017060603 68.516
2017060604 70.87
2017060605 68.795
2017060606 65.761
2017060607 75.494
2017060608 85.501
2017060609 90.2
2017060610 94.39
2017060611 97.983
2017060612 98.998
2017060613 95.922
2017060614 89.688
2017060615 88.325
2017060616 85.979
2017060617 85.619
2017060618 88.583
2017060619 88.353
2017060620 84.313
2017060621 82.294
2017060622 79.903
2017060623 71.559
2017060700 70.994
2017060701 65.656
2017060702 63.604
2017060703 58.569
2017060704 57.48
2017060705 63.36
2017060706 65.442
2017060707 69.688
2017060708 71.033
2017060709 73.661
2017060710 74.774
2017060711 76.867
2017060712 76.749
2017060713 77.305
2017060714 76.388
2017060715 75.268
2017060716 74.94
2017060717 75.208
2017060718 77.271
2017060719 63.755
2017060720 63.663
2017060721 60.908
2017060722 63.789
2017060723 64.123
2017060800 62.394
2017060801 59.018
2017060802 57.789
2017060803 57.732
2017060804 56.053
2017060805 64.351
2017060806 66.981
2017060807 72.618
2017060808 78.368
2017060809 79.33
2017060810 81.715
2017060811 84.691
2017060812 87.435
2017060813 91.109
2017060814 92.685
2017060815 94.268
2017060816 92.372
2017060817 85.898
2017060818 81.011
2017060819 73.707
2017060820 68.088
2017060821 63.405
2017060822 66.461
2017060823 66.07
2017060900 69.319
2017060901 63.832
2017060902 63.674
2017060903 64.599
2017060904 75.239
2017060905 74.235
2017060906 70.514
2017060907 79.281
2017060908 83.444
2017060909 92.975
2017060910 93.955
2017060911 94.182
2017060912 94.47
2017060913 94.282
2017060914 95.713
2017060915 99.688
2017060916 101.628
2017060917 98.229
2017060918 99.97
2017060919 95.109
2017060920 88.273
2017060921 84.834
2017060922 78.307
2017060923 74.856
2017061000 76.433
2017061001 69.458
2017061002 65.667
2017061003 68.211
2017061004 66.514
2017061005 66.386
2017061006 70.331
2017061007 73.433
2017061008 81.036
2017061009 87.018
2017061010 90.395
2017061011 94.499
2017061012 98.542
2017061013 101.578
2017061014 103.209
2017061015 104.525
2017061016 101.022
2017061017 98.085
2017061018 92.782
2017061019 86.965
2017061020 81.004
2017061021 76.944
2017061022 72.909
2017061023 68.464
