2017060100 180.218
2017060101 181.37
2017060102 181.327
2017060103 180.582
2017060104 178.06
2017060105 170.291
2017060106 167.879
2017060107 166.758
2017060108 174.787
2017060109 171.401
2017060110 168.644
2017060111 168.549
2017060112 167.548
2017060113 172.371
2017060114 177.274
2017060115 178.761
2017060116 184.449
2017060117 193.826
2017060118 199.891
2017060119 187.796
2017060120 182.194
2017060121 186.876
2017060122 192.11
2017060123 195.762
2017060200 195.722
2017060201 184.62
2017060202 169.534
2017060203 155.869
2017060204 149.744
2017060205 152.492
2017060206 155.076
2017060207 160.562
2017060208 174.312
2017060209 154.316
2017060210 148.355
2017060211 148.352
2017060212 149.966
2017060213 152.096
2017060214 159.764
2017060215 165.835
2017060216 162.445
2017060217 171.942
2017060218 180.887
2017060219 185.346
2017060220 187.59
2017060221 187.128
2017060222 183.204
2017060223 176.208
2017060300 170.916
2017060301 163.286
2017060302 157.562
2017060303 154.613
2017060304 155.734
2017060305 154.794
2017060306 152.646
2017060307 154.997
2017060308 146.678
2017060309 152.272
2017060310 151.068
2017060311 149.919
2017060312 148.531
2017060313 148.331
2017060314 152.635
2017060315 151.936
2017060316 153.885
2017060317 152.375
2017060318 151.647
2017060319 148.536
2017060320 154.969
2017060321 161.869
2017060322 162.182
2017060323 160.279
2017060400 153.364
2017060401 139.976
2017060402 138.569
2017060403 140.963
2017060404 136.344
2017060405 139.303
2017060406 136.778
2017060407 136.725
2017060408 129.707
2017060409 129.216
2017060410 131.038
2017060411 130.074
2017060412 128.101
2017060413 125.381
2017060414 123.837
2017060415 117.791
2017060416 119.172
2017060417 121.257
2017060418 123.638
2017060419 127.157
2017060420 129.524
2017060421 132.346
2017060422 130.9
2017060423 130.465
2017060500 134.026
2017060501 144.298
2017060502 149.768
2017060503 152.049
2017060504 153.104
2017060505 164.126
2017060506 180.936
2017060507 180.537
2017060508 173.636
2017060509 167.397
2017060510 168.598
2017060511 170.367
2017060512 170.048
2017060513 168.472
2017060514 167.492
2017060515 163.339
2017060516 162.754
2017060517 162.216
2017060518 163.172
2017060519 163.765
2017060520 164.967
2017060521 165.356
2017060522 166.709
2017060523 169.094
2017060600 160.907
2017060601 160.6
2017060602 161.71
2017060603 161.042
2017060604 158.344
2017060605 153.917
2017060606 156.631
2017060607 146.34
2017060608 139.134
2017060609 128.593
2017060610 125.009
2017060611 121.445
2017060612 117.051
2017060613 114.756
2017060614 115.766
2017060615 110.31
2017060616 110.447
2017060617 108.578
2017060618 106.426
2017060619 104.533
2017060620 105.099
2017060621 108.632
2017060622 108.757
2017060623 109.046
2017060700 108.639
2017060701 109.505
2017060702 108.312
2017060703 109.62
2017060704 105.97
2017060705 117.657
2017060706 120.667
2017060707 125.752
2017060708 114.346
2017060709 106.974
2017060710 102.998
2017060711 101.856
2017060712 102.06
2017060713 103.775
2017060714 103.256
2017060715 104.417
2017060716 106.375
2017060717 106.936
2017060718 105.923
2017060719 109.88
2017060720 125.24
2017060721 125.119
2017060722 124.242
2017060723 122.265
2017060800 121.675
2017060801 120.686
2017060802 120.034
2017060803 115.311
2017060804 116.809
2017060805 116.072
2017060806 126.791
2017060807 134.706
2017060808 134.693
2017060809 137.661
2017060810 133.844
2017060811 133.526
2017060812 130.914
2017060813 131.823
2017060814 133.192
2017060815 129.343
2017060816 132.164
2017060817 136.537
2017060818 139.164
2017060819 142.752
2017060820 133.232
2017060821 134.34
2017060822 135.424
2017060823 136.403
2017060900 133.829
2017060901 132.683
2017060902 130.33
2017060903 128.033
2017060904 125.796
2017060905 126.456
2017060906 135.549
2017060907 132.228
2017060908 132.525
2017060909 141.025
2017060910 149.1
2017060911 152.938
2017060912 150.661
2017060913 151.241
2017060914 136.205
2017060915 144.399
2017060916 155.484
2017060917 165.586
2017060918 166.235
2017060919 172.351
2017060920 175.496
2017060921 176.883
2017060922 168.271
2017060923 157.601
2017061000 143.838
2017061001 139.026
2017061002 140.529
2017061003 141.156
2017061004 140.656
2017061005 144.204
2017061006 150.715
2017061007 149.185
2017061008 146.587
2017061009 137.93
2017061010 129.627
2017061011 126.766
2017061012 125.032
2017061013 122.655
2017061014 123.12
2017061015 126.338
2017061016 129.921
2017061017 137.832
2017061018 143.721
2017061019 151.751
2017061020 146.845
2017061021 159.146
2017061022 156.979
2017061023 151.442
