2017060100 195.743
2017060101 187.501
2017060102 180.656
2017060103 178.975
2017060104 165.245
2017060105 156.045
2017060106 160.627
2017060107 155.71
2017060108 149.685
2017060109 135.134
2017060110 131.463
2017060111 127.856
2017060112 125.569
2017060113 123.47
2017060114 121.621
2017060115 120.472
2017060116 124.091
2017060117 131.2
2017060118 146.386
2017060119 160.538
2017060120 171.867
2017060121 175.063
2017060122 177.988
2017060123 181.109
2017060200 195.158
2017060201 198.041
2017060202 195.629
2017060203 193.834
2017060204 191.154
2017060205 184.821
2017060206 184.693
2017060207 158.648
2017060208 138.604
2017060209 129.201
2017060210 120.826
2017060211 118.361
2017060212 117.609
2017060213 119.124
2017060214 121.984
2017060215 124.839
2017060216 128.115
2017060217 131.807
2017060218 141.203
2017060219 151.058
2017060220 154.626
2017060221 165.467
2017060222 177.276
2017060223 178.852
2017060300 175.114
2017060301 179.668
2017060302 182.13
2017060303 182.464
2017060304 182.866
2017060305 179.504
2017060306 184.514
2017060307 180.151
2017060308 178.914
2017060309 170.836
2017060310 165.225
2017060311 158.823
2017060312 151.06
2017060313 145.952
2017060314 143.013
2017060315 141.655
2017060316 141.61
2017060317 142.566
2017060318 146.812
2017060319 151.682
2017060320 156.319
2017060321 157.963
2017060322 156.613
2017060323 155.459
2017060400 158.063
2017060401 159.003
2017060402 160.296
2017060403 158.152
2017060404 156.113
2017060405 154.153
2017060406 151.357
2017060407 143.543
2017060408 148.046
2017060409 146.376
2017060410 140.46
2017060411 140.478
2017060412 140.161
2017060413 131.635
2017060414 138.854
2017060415 136.233
2017060416 141.805
2017060417 140.233
2017060418 145.178
2017060419 146.68
2017060420 158.201
2017060421 159.216
2017060422 163.465
2017060423 166.523
2017060500 163.459
2017060501 158.783
2017060502 155.531
2017060503 154.669
2017060504 149.628
2017060505 152.17
2017060506 144.892
2017060507 137.781
2017060508 131.597
2017060509 125.155
2017060510 118.436
2017060511 116.71
2017060512 115.203
2017060513 113.805
2017060514 113.975
2017060515 115.413
2017060516 116.192
2017060517 117.192
2017060518 118.158
2017060519 126.546
2017060520 128.632
2017060521 128.301
2017060522 127.32
2017060523 131.759
2017060600 129.617
2017060601 132.24
2017060602 134.914
2017060603 136.287
2017060604 135.415
2017060605 138.777
2017060606 141.392
2017060607 141.943
2017060608 127.611
2017060609 119.236
2017060610 113.751
2017060611 114.852
2017060612 111.504
2017060613 109.534
2017060614 111.792
2017060615 110.641
2017060616 111.457
2017060617 113.219
2017060618 112.579
2017060619 117.103
2017060620 122.962
2017060621 114.108
2017060622 109.945
2017060623 111.574
2017060700 112.09
2017060701 112.74
2017060702 114.219
2017060703 115.22
2017060704 115.465
2017060705 116.287
2017060706 117.969
2017060707 118.705
2017060708 116.756
2017060709 113.539
2017060710 112.072
2017060711 109.681
2017060712 109.15
2017060713 112.218
2017060714 112.794
2017060715 110.563
2017060716 113.312
2017060717 113.48
2017060718 113.524
2017060719 113.631
2017060720 113.52
2017060721 112.738
2017060722 112.692
2017060723 114.898
2017060800 115.948
2017060801 123.291
2017060802 126.983
2017060803 127.857
2017060804 129.951
2017060805 125.459
2017060806 121.665
2017060807 124.346
2017060808 128.173
2017060809 119.951
2017060810 118.561
2017060811 116.829
2017060812 117.873
2017060813 118.684
2017060814 119.059
2017060815 119.082
2017060816 127.073
2017060817 131.489
2017060818 133.764
2017060819 134.549
2017060820 137.728
2017060821 143.517
2017060822 141.302
2017060823 130.18
2017060900 122.704
2017060901 124.032
2017060902 125.272
2017060903 125.151
2017060904 123.861
2017060905 126.694
2017060906 138.604
2017060907 131.463
2017060908 127.318
2017060909 117.416
2017060910 117.048
2017060911 115.753
2017060912 113.787
2017060913 111.967
2017060914 111.029
2017060915 111.223
2017060916 112.062
2017060917 113.985
2017060918 115.039
2017060919 121.594
2017060920 123.194
2017060921 125.918
2017060922 126.2
2017060923 128.062
2017061000 136.358
2017061001 142.443
2017061002 140.824
2017061003 139.261
2017061004 134.336
2017061005 133.5
2017061006 126
2017061007 120.083
2017061008 124.211
2017061009 123.418
2017061010 125.287
2017061011 126.702
2017061012 126.84
2017061013 126.609
2017061014 124.557
2017061015 124.803
2017061016 127.117
2017061017 126.783
2017061018 130.114
2017061019 143.366
2017061020 150.376
2017061021 155.176
2017061022 153.96
2017061023 152.341
