2017060100 15.971
2017060101 16.692
2017060102 16.857
2017060103 17.034
2017060104 18.413
2017060105 18.921
2017060106 19.111
2017060107 17.758
2017060108 15.313
2017060109 11.998
2017060110 7.614
2017060111 3.981
2017060112 3.044
2017060113 2.844
2017060114 2.97
2017060115 3.796
2017060116 5.374
2017060117 8.574
2017060118 10.914
2017060119 16.213
2017060120 17.907
2017060121 19.832
2017060122 20.672
2017060123 19.873
2017060200 17.843
2017060201 17.13
2017060202 15.27
2017060203 13.756
2017060204 12.701
2017060205 11.388
2017060206 12.506
2017060207 10.988
2017060208 8.885
2017060209 6.618
2017060210 4.023
2017060211 2.918
2017060212 2.514
2017060213 2.855
2017060214 3.491
2017060215 4.217
2017060216 7.271
2017060217 10.255
2017060218 13.328
2017060219 16.761
2017060220 19.779
2017060221 20.448
2017060222 20.81
2017060223 20.08
2017060300 17.252
2017060301 16.357
2017060302 14.63
2017060303 14.555
2017060304 14.831
2017060305 11.415
2017060306 9.689
2017060307 8.292
2017060308 5.647
2017060309 4.4
2017060310 3.185
2017060311 2.526
2017060312 2.378
2017060313 2.49
2017060314 2.583
2017060315 3.026
2017060316 4.873
2017060317 5.622
2017060318 7.238
2017060319 8.779
2017060320 10.453
2017060321 11.423
2017060322 12.069
2017060323 12.043
2017060400 12.658
2017060401 9.313
2017060402 7.128
2017060403 6.561
2017060404 6.965
2017060405 7.123
2017060406 6.258
2017060407 5.299
2017060408 4.827
2017060409 4.179
2017060410 3.034
2017060411 2.136
2017060412 1.713
2017060413 1.869
2017060414 2.013
2017060415 2.531
2017060416 3.688
2017060417 5.272
2017060418 5.969
2017060419 7.498
2017060420 9.226
2017060421 8.773
2017060422 8.665
2017060423 7.53
2017060500 6.813
2017060501 7.517
2017060502 7.932
2017060503 8.436
2017060504 9.11
2017060505 10.033
2017060506 12.826
2017060507 14.517
2017060508 13.099
2017060509 11.315
2017060510 9.706
2017060511 7.82
2017060512 6.505
2017060513 5.904
2017060514 5.838
2017060515 6.655
2017060516 8.364
2017060517 9.639
2017060518 11.547
2017060519 13.511
2017060520 15.753
2017060521 17.529
2017060522 18.978
2017060523 18.13
2017060600 16.861
2017060601 16.188
2017060602 15.181
2017060603 14.271
2017060604 13.364
2017060605 11.529
2017060606 13.411
2017060607 8.662
2017060608 4.917
2017060609 4.096
2017060610 3.487
2017060611 2.415
2017060612 1.858
2017060613 1.846
2017060614 1.788
2017060615 2.065
2017060616 2.378
2017060617 2.707
2017060618 3.012
2017060619 4.358
2017060620 4.848
2017060621 5.826
2017060622 6.085
2017060623 5.98
2017060700 5.685
2017060701 5.334
2017060702 4.87
2017060703 4.388
2017060704 3.82
2017060705 3.707
2017060706 4.467
2017060707 4.201
2017060708 3.747
2017060709 2.704
2017060710 2.206
2017060711 1.744
2017060712 1.667
2017060713 1.844
2017060714 1.833
2017060715 2.405
2017060716 3.164
2017060717 4.428
2017060718 5.943
2017060719 8.512
2017060720 13.595
2017060721 14.693
2017060722 13.851
2017060723 13.857
2017060800 12.845
2017060801 11.979
2017060802 10.558
2017060803 9.183
2017060804 8.063
2017060805 7.317
2017060806 8.654
2017060807 8.687
2017060808 6.86
2017060809 5.027
2017060810 3.7
2017060811 3.147
2017060812 3.047
2017060813 3.183
2017060814 3.378
2017060815 3.647
2017060816 5.45
2017060817 8.52
2017060818 12.534
2017060819 16.035
2017060820 19.614
2017060821 17.755
2017060822 14.2
2017060823 12.672
2017060900 10.406
2017060901 9.504
2017060902 8.992
2017060903 10.65
2017060904 11.8
2017060905 11.683
2017060906 15.876
2017060907 13.326
2017060908 8.771
2017060909 5.933
2017060910 4.305
2017060911 3.535
2017060912 3.405
2017060913 3.229
2017060914 2.793
2017060915 3.054
2017060916 5.032
2017060917 7.401
2017060918 8.262
2017060919 9.434
2017060920 10.989
2017060921 11.158
2017060922 11.992
2017060923 12.409
2017061000 13.024
2017061001 13.651
2017061002 14.282
2017061003 13.696
2017061004 14.731
2017061005 12.283
2017061006 12.632
2017061007 10.884
2017061008 7.456
2017061009 5.406
2017061010 3.615
2017061011 2.786
2017061012 2.374
2017061013 2.294
2017061014 2.469
2017061015 2.685
2017061016 4.2
2017061017 5.946
2017061018 9.228
2017061019 12.704
2017061020 13.335
2017061021 11.954
2017061022 11.25
2017061023 11.65
