2017060100 12.083
2017060101 13.456
2017060102 13.993
2017060103 13.932
2017060104 11.714
2017060105 9.777
2017060106 8.894
2017060107 7.296
2017060108 6.953
2017060109 5.527
2017060110 3.594
2017060111 2.375
2017060112 1.997
2017060113 2.25
2017060114 2.383
2017060115 3.139
2017060116 4.495
2017060117 6.906
2017060118 11.666
2017060119 15.34
2017060120 19.305
2017060121 22.164
2017060122 22.239
2017060123 23.139
2017060200 22.728
2017060201 20.915
2017060202 20.801
2017060203 21.644
2017060204 20.17
2017060205 12.544
2017060206 13.856
2017060207 9.775
2017060208 5.815
2017060209 2.909
2017060210 1.777
2017060211 1.352
2017060212 1.235
2017060213 1.338
2017060214 1.46
2017060215 1.782
2017060216 2.743
2017060217 4.729
2017060218 6.521
2017060219 9.055
2017060220 11.587
2017060221 13.365
2017060222 14.387
2017060223 16.627
2017060300 17.96
2017060301 17.237
2017060302 14.507
2017060303 14.099
2017060304 13.544
2017060305 12.167
2017060306 10.925
2017060307 10.713
2017060308 10.048
2017060309 8.427
2017060310 3.497
2017060311 1.876
2017060312 1.422
2017060313 1.292
2017060314 1.277
2017060315 1.387
2017060316 2.088
2017060317 2.261
2017060318 4.322
2017060319 5.981
2017060320 6.252
2017060321 6.21
2017060322 5.909
2017060323 5.758
2017060400 5.636
2017060401 5.446
2017060402 5.013
2017060403 5.381
2017060404 4.754
2017060405 3.982
2017060406 3.32
2017060407 2.664
2017060408 2.111
2017060409 1.851
2017060410 1.68
2017060411 1.99
2017060412 2.016
2017060413 2.299
2017060414 2.291
2017060415 2.687
2017060416 3.046
2017060417 4.211
2017060418 4.691
2017060419 6.344
2017060420 7.673
2017060421 8.624
2017060422 9.788
2017060423 11.168
2017060500 10.109
2017060501 10.792
2017060502 12.352
2017060503 12.369
2017060504 10.081
2017060505 7.786
2017060506 7.2
2017060507 5.304
2017060508 3.798
2017060509 2.698
2017060510 1.601
2017060511 1.294
2017060512 1.179
2017060513 1.098
2017060514 1.099
2017060515 1.245
2017060516 1.376
2017060517 2
2017060518 3.173
2017060519 4.863
2017060520 5.164
2017060521 5.963
2017060522 6.174
2017060523 6.293
2017060600 5.839
2017060601 6.03
2017060602 5.566
2017060603 5.406
2017060604 4.769
2017060605 4.073
2017060606 3.711
2017060607 2.843
2017060608 2.042
2017060609 1.495
2017060610 1.199
2017060611 1.088
2017060612 1.222
2017060613 1.354
2017060614 1.408
2017060615 1.557
2017060616 2.698
2017060617 3.192
2017060618 3.406
2017060619 4.073
2017060620 3.899
2017060621 3.017
2017060622 2.67
2017060623 2.734
2017060700 3.373
2017060701 3.916
2017060702 4.339
2017060703 4.473
2017060704 3.785
2017060705 3.579
2017060706 3.61
2017060707 4.193
2017060708 3.551
2017060709 2.74
2017060710 2.056
2017060711 1.781
2017060712 1.726
2017060713 1.707
2017060714 1.89
2017060715 2.061
2017060716 3.127
2017060717 3.779
2017060718 3.677
2017060719 4.012
2017060720 3.777
2017060721 3.957
2017060722 5.073
2017060723 5.096
2017060800 5.407
2017060801 5.462
2017060802 5.637
2017060803 5.723
2017060804 5.174
2017060805 4.269
2017060806 4.204
2017060807 3.712
2017060808 3.256
2017060809 2.591
2017060810 2.042
2017060811 1.634
2017060812 1.447
2017060813 1.533
2017060814 1.648
2017060815 2.038
2017060816 2.847
2017060817 4.072
2017060818 7.238
2017060819 9.73
2017060820 9.737
2017060821 9.216
2017060822 8.229
2017060823 6.619
2017060900 6.624
2017060901 5.914
2017060902 6.307
2017060903 6.668
2017060904 6.634
2017060905 5.002
2017060906 4.419
2017060907 2.898
2017060908 1.906
2017060909 1.374
2017060910 1.159
2017060911 1.055
2017060912 1.047
2017060913 1
2017060914 1.037
2017060915 1.195
2017060916 1.587
2017060917 2.07
2017060918 2.664
2017060919 4.45
2017060920 4.822
2017060921 5.047
2017060922 5.322
2017060923 6.158
2017061000 7.69
2017061001 8.444
2017061002 8.529
2017061003 8.166
2017061004 7.762
2017061005 6.219
2017061006 4.99
2017061007 3.677
2017061008 3.605
2017061009 3.217
2017061010 2.385
2017061011 1.962
2017061012 1.763
2017061013 1.71
2017061014 1.721
2017061015 2.051
2017061016 3.021
2017061017 4.547
2017061018 6.835
2017061019 8.483
2017061020 9.846
2017061021 11.931
2017061022 12.224
2017061023 12.846
