2017060100 8.995
2017060101 9.14
2017060102 9.264
2017060103 9.695
2017060104 7.619
2017060105 5.835
2017060106 4.704
2017060107 3.457
2017060108 2.283
2017060109 1.503
2017060110 1.143
2017060111 1.04
2017060112 0.994
2017060113 1.051
2017060114 1.11
2017060115 1.249
2017060116 2.035
2017060117 2.893
2017060118 4.23
2017060119 6.961
2017060120 7.594
2017060121 7.923
2017060122 8.67
2017060123 9.779
2017060200 9.31
2017060201 9.033
2017060202 8.763
2017060203 9.355
2017060204 9.585
2017060205 7.546
2017060206 8.124
2017060207 6.858
2017060208 5.669
2017060209 3.925
2017060210 2.289
2017060211 1.502
2017060212 1.307
2017060213 1.329
2017060214 1.44
2017060215 1.753
2017060216 3.335
2017060217 4.312
2017060218 6.244
2017060219 9.296
2017060220 7.656
2017060221 6.978
2017060222 7.855
2017060223 8.028
2017060300 7.762
2017060301 7.201
2017060302 7.287
2017060303 7.597
2017060304 7.193
2017060305 5.794
2017060306 5.245
2017060307 5.053
2017060308 3.646
2017060309 2.667
2017060310 1.584
2017060311 1.311
2017060312 1.236
2017060313 1.307
2017060314 1.367
2017060315 1.492
2017060316 1.923
2017060317 2.704
2017060318 3.587
2017060319 5.344
2017060320 5.724
2017060321 5.399
2017060322 5.921
2017060323 6.089
2017060400 5.882
2017060401 5.879
2017060402 5.861
2017060403 6.186
2017060404 6.233
2017060405 5.038
2017060406 4.076
2017060407 3.739
2017060408 2.676
2017060409 2.255
2017060410 2.116
2017060411 1.839
2017060412 1.623
2017060413 1.624
2017060414 1.851
2017060415 2.069
2017060416 1.907
2017060417 2.308
2017060418 2.793
2017060419 4.426
2017060420 5.316
2017060421 5.762
2017060422 6.103
2017060423 6.405
2017060500 7.074
2017060501 7.494
2017060502 7.898
2017060503 8.411
2017060504 8.145
2017060505 7.36
2017060506 7.136
2017060507 4.773
2017060508 3.699
2017060509 2.393
2017060510 1.494
2017060511 1.232
2017060512 1.182
2017060513 1.232
2017060514 1.25
2017060515 1.34
2017060516 1.951
2017060517 2.341
2017060518 3.353
2017060519 4.399
2017060520 5.416
2017060521 4.898
2017060522 4.776
2017060523 4.744
2017060600 4.779
2017060601 4.822
2017060602 4.674
2017060603 5.095
2017060604 5.416
2017060605 5.062
2017060606 5.225
2017060607 3.989
2017060608 2.954
2017060609 2.045
2017060610 1.577
2017060611 1.486
2017060612 1.515
2017060613 1.592
2017060614 1.625
2017060615 2.077
2017060616 3.23
2017060617 5.593
2017060618 5.449
2017060619 6.09
2017060620 5.474
2017060621 4.043
2017060622 3.705
2017060623 4.287
2017060700 4.497
2017060701 4.972
2017060702 5.011
2017060703 5.288
2017060704 4.327
2017060705 3.446
2017060706 3.225
2017060707 2.913
2017060708 2.254
2017060709 1.721
2017060710 1.316
2017060711 1.119
2017060712 1.063
2017060713 1.228
2017060714 1.363
2017060715 1.529
2017060716 1.905
2017060717 2.298
2017060718 3.049
2017060719 5.207
2017060720 6.325
2017060721 6.578
2017060722 6.417
2017060723 6.246
2017060800 6.355
2017060801 6.401
2017060802 6.56
2017060803 6.919
2017060804 7.18
2017060805 6.414
2017060806 5.71
2017060807 4.856
2017060808 3.998
2017060809 3.097
2017060810 2.252
2017060811 1.729
2017060812 1.368
2017060813 1.228
2017060814 1.284
2017060815 1.471
2017060816 2.292
2017060817 4.411
2017060818 7.395
2017060819 9.686
2017060820 9.477
2017060821 8.731
2017060822 8.266
2017060823 8.507
2017060900 8.522
2017060901 8.256
2017060902 7.516
2017060903 6.495
2017060904 5.794
2017060905 5.112
2017060906 4.823
2017060907 3.938
2017060908 2.737
2017060909 1.785
2017060910 1.402
2017060911 1.369
2017060912 1.364
2017060913 1.39
2017060914 1.539
2017060915 1.81
2017060916 2.725
2017060917 3.897
2017060918 5.486
2017060919 6.987
2017060920 6.882
2017060921 8.118
2017060922 6.684
2017060923 6.902
2017061000 9.215
2017061001 8.308
2017061002 8.456
2017061003 9.048
2017061004 8.595
2017061005 7.364
2017061006 6.925
2017061007 5.372
2017061008 3.951
2017061009 2.904
2017061010 2.265
2017061011 1.751
2017061012 1.513
2017061013 1.29
2017061014 1.296
2017061015 1.393
2017061016 1.829
2017061017 2.237
2017061018 2.945
2017061019 7.133
2017061020 8.063
2017061021 7.002
2017061022 7.432
2017061023 7.364
