2017060100 203.809
2017060101 211.901
2017060102 211.326
2017060103 213.136
2017060104 216.454
2017060105 200.517
2017060106 233.95
2017060107 246.58
2017060108 236.171
2017060109 208.787
2017060110 189.281
2017060111 165.792
2017060112 153.934
2017060113 150.37
2017060114 148.969
2017060115 156.526
2017060116 182.023
2017060117 207.657
2017060118 223.403
2017060119 233.58
2017060120 243.053
2017060121 255.771
2017060122 262.536
2017060123 253.293
2017060200 247.44
2017060201 244.339
2017060202 238.781
2017060203 236.242
2017060204 236.502
2017060205 226.608
2017060206 242.743
2017060207 238.064
2017060208 213.431
2017060209 201.164
2017060210 186.151
2017060211 170.856
2017060212 165.372
2017060213 165.528
2017060214 170.018
2017060215 177.823
2017060216 195.783
2017060217 211.718
2017060218 222.141
2017060219 252.232
2017060220 264.125
2017060221 273.574
2017060222 278.782
2017060223 274.003
2017060300 254.518
2017060301 242.659
2017060302 228.664
2017060303 216.468
2017060304 211.554
2017060305 213.199
2017060306 222.399
2017060307 186.987
2017060308 175.21
2017060309 170.222
2017060310 154.571
2017060311 150.738
2017060312 146.569
2017060313 145.503
2017060314 145.35
2017060315 148.623
2017060316 158.631
2017060317 161.121
2017060318 159.458
2017060319 155.009
2017060320 156.606
2017060321 162.199
2017060322 169.452
2017060323 175.3
2017060400 177.334
2017060401 149.339
2017060402 146.647
2017060403 146.092
2017060404 143.868
2017060405 144.296
2017060406 141.93
2017060407 140.559
2017060408 125.328
2017060409 121.979
2017060410 117.445
2017060411 119.711
2017060412 120.212
2017060413 120.957
2017060414 121.331
2017060415 122.649
2017060416 125.226
2017060417 130.909
2017060418 135.606
2017060419 130.542
2017060420 146.281
2017060421 150.076
2017060422 150.285
2017060423 142.274
2017060500 141.178
2017060501 143.056
2017060502 143.711
2017060503 148.197
2017060504 155.27
2017060505 164.887
2017060506 187.755
2017060507 196.344
2017060508 194.066
2017060509 188.992
2017060510 181.276
2017060511 179.045
2017060512 178.733
2017060513 186.387
2017060514 189.97
2017060515 192.388
2017060516 202.075
2017060517 213.794
2017060518 220.028
2017060519 222.109
2017060520 216.042
2017060521 224.851
2017060522 237.415
2017060523 236.478
2017060600 240.691
2017060601 231.031
2017060602 226.815
2017060603 224.912
2017060604 213.311
2017060605 207.841
2017060606 209.736
2017060607 175.655
2017060608 144.48
2017060609 132.302
2017060610 130.018
2017060611 124.026
2017060612 120.697
2017060613 117.991
2017060614 117.128
2017060615 116.209
2017060616 116.772
2017060617 118.911
2017060618 117.216
2017060619 115.691
2017060620 117.609
2017060621 119.987
2017060622 118.311
2017060623 118.2
2017060700 117.552
2017060701 116.448
2017060702 113.277
2017060703 111.938
2017060704 116.93
2017060705 121.699
2017060706 127.152
2017060707 126.472
2017060708 123.197
2017060709 115.58
2017060710 113.335
2017060711 110.635
2017060712 109.454
2017060713 110.356
2017060714 110.758
2017060715 112.723
2017060716 121.769
2017060717 125.66
2017060718 126.185
2017060719 128.538
2017060720 157.004
2017060721 160.711
2017060722 164.527
2017060723 152.387
2017060800 156.835
2017060801 155.945
2017060802 159.065
2017060803 163.107
2017060804 162.309
2017060805 166.397
2017060806 178.287
2017060807 174.577
2017060808 159.39
2017060809 151.37
2017060810 144.232
2017060811 144.689
2017060812 146.14
2017060813 146.516
2017060814 150.211
2017060815 150.946
2017060816 159.851
2017060817 173.102
2017060818 207.064
2017060819 219.289
2017060820 226.104
2017060821 219.181
2017060822 198.69
2017060823 191.105
2017060900 180.386
2017060901 181.158
2017060902 184.508
2017060903 195.748
2017060904 206.98
2017060905 198.942
2017060906 197.804
2017060907 180.827
2017060908 171.371
2017060909 168.506
2017060910 176.814
2017060911 167.43
2017060912 162.29
2017060913 142.253
2017060914 140.104
2017060915 137.304
2017060916 151.132
2017060917 156.176
2017060918 156.7
2017060919 161.018
2017060920 154.941
2017060921 146.146
2017060922 140.681
2017060923 140.632
2017061000 153.952
2017061001 156.425
2017061002 151.41
2017061003 150.825
2017061004 156.312
2017061005 169.995
2017061006 195.009
2017061007 165.334
2017061008 159.072
2017061009 155.982
2017061010 144.691
2017061011 140.21
2017061012 138.309
2017061013 137.724
2017061014 137.692
2017061015 139.348
2017061016 146.325
2017061017 155.772
2017061018 180.148
2017061019 184.6
2017061020 198.912
2017061021 186.511
2017061022 177.157
2017061023 176.939
