2017060100 189.536
2017060101 187.764
2017060102 178.974
2017060103 165.503
2017060104 157.506
2017060105 160.673
2017060106 167.563
2017060107 167.729
2017060108 163.372
2017060109 152.111
2017060110 142.932
2017060111 136.712
2017060112 132.267
2017060113 130.433
2017060114 130.282
2017060115 132.666
2017060116 142.156
2017060117 152.965
2017060118 181.131
2017060119 191.358
2017060120 196.718
2017060121 205.669
2017060122 212.035
2017060123 210.228
2017060200 211.49
2017060201 214.183
2017060202 229.495
2017060203 236.904
2017060204 226.329
2017060205 219.794
2017060206 221.474
2017060207 212.721
2017060208 195.728
2017060209 167.137
2017060210 150.467
2017060211 143.53
2017060212 141.543
2017060213 140.891
2017060214 142.317
2017060215 150.967
2017060216 159.504
2017060217 169.367
2017060218 178.75
2017060219 190.666
2017060220 201.758
2017060221 207.442
2017060222 198.982
2017060223 191.235
2017060300 188.793
2017060301 188.817
2017060302 187.93
2017060303 185.828
2017060304 184.642
2017060305 186.145
2017060306 185.444
2017060307 180.73
2017060308 182.627
2017060309 180.471
2017060310 171.648
2017060311 170.148
2017060312 168.148
2017060313 165.088
2017060314 163.544
2017060315 161.014
2017060316 162.958
2017060317 159.058
2017060318 158.693
2017060319 172.504
2017060320 177.526
2017060321 182.381
2017060322 185.973
2017060323 185.919
2017060400 186.094
2017060401 187.113
2017060402 182.561
2017060403 181.117
2017060404 173.813
2017060405 163.837
2017060406 165.352
2017060407 155.853
2017060408 150.875
2017060409 150.491
2017060410 148.029
2017060411 153.152
2017060412 141.471
2017060413 141.194
2017060414 146.866
2017060415 153.672
2017060416 156.913
2017060417 157.966
2017060418 157.232
2017060419 168.353
2017060420 173.691
2017060421 177.902
2017060422 179.425
2017060423 174.565
2017060500 171.607
2017060501 164.128
2017060502 162.331
2017060503 161.175
2017060504 161.385
2017060505 166.228
2017060506 165.807
2017060507 159.687
2017060508 158.791
2017060509 146.169
2017060510 141.93
2017060511 139.558
2017060512 136.015
2017060513 132.327
2017060514 131.071
2017060515 131.408
2017060516 133.559
2017060517 133.538
2017060518 138.912
2017060519 142.684
2017060520 146.147
2017060521 150.1
2017060522 147.858
2017060523 151.453
2017060600 150.996
2017060601 153.648
2017060602 156.841
2017060603 156.757
2017060604 153.58
2017060605 146.622
2017060606 150.207
2017060607 150.799
2017060608 137.966
2017060609 129.352
2017060610 125.661
2017060611 124.08
2017060612 121.796
2017060613 125.011
2017060614 122.658
2017060615 123.666
2017060616 127.759
2017060617 120.711
2017060618 121.31
2017060619 142.7
2017060620 132.211
2017060621 123.023
2017060622 120.149
2017060623 120.598
2017060700 122.013
2017060701 124.785
2017060702 124.836
2017060703 126.575
2017060704 124.017
2017060705 127.578
2017060706 132.619
2017060707 134.672
2017060708 130.006
2017060709 127.205
2017060710 123.924
2017060711 121.769
2017060712 121.011
2017060713 122.257
2017060714 122.985
2017060715 125.475
2017060716 127.297
2017060717 126.364
2017060718 124.476
2017060719 125.374
2017060720 122.833
2017060721 124.256
2017060722 125.916
2017060723 126.629
2017060800 128.697
2017060801 133.832
2017060802 133.786
2017060803 138.029
2017060804 142.946
2017060805 142.949
2017060806 146.344
2017060807 146.026
2017060808 144.209
2017060809 134.305
2017060810 130.894
2017060811 131.199
2017060812 131.965
2017060813 132.756
2017060814 133.809
2017060815 136.564
2017060816 150.733
2017060817 165.466
2017060818 177.727
2017060819 181.271
2017060820 192.04
2017060821 206.787
2017060822 200.481
2017060823 182.005
2017060900 165.193
2017060901 163.728
2017060902 166.241
2017060903 175.608
2017060904 171.265
2017060905 176.266
2017060906 173.743
2017060907 155.085
2017060908 142.409
2017060909 133.43
2017060910 130.2
2017060911 124.336
2017060912 120.597
2017060913 119.854
2017060914 120.915
2017060915 122.195
2017060916 123.482
2017060917 124.163
2017060918 127.486
2017060919 138.424
2017060920 141.234
2017060921 147.071
2017060922 148.894
2017060923 151.643
2017061000 145.038
2017061001 143.721
2017061002 142.594
2017061003 141.864
2017061004 143.575
2017061005 143.576
2017061006 147.613
2017061007 144.211
2017061008 136.777
2017061009 135.532
2017061010 135.436
2017061011 139.707
2017061012 139.688
2017061013 132.427
2017061014 129.607
2017061015 132.739
2017061016 132.587
2017061017 134.028
2017061018 140.337
2017061019 156.714
2017061020 159.499
2017061021 162.38
2017061022 166.025
2017061023 166.75
