2017060100 14.516
2017060101 16.005
2017060102 14.951
2017060103 13.554
2017060104 11.131
2017060105 9.831
2017060106 10.852
2017060107 12.321
2017060108 11.461
2017060109 9.144
2017060110 6.496
2017060111 5.093
2017060112 4.759
2017060113 4.818
2017060114 5.219
2017060115 6.43
2017060116 10.012
2017060117 13.121
2017060118 22.944
2017060119 27.089
2017060120 24.532
2017060121 26.681
2017060122 28.126
2017060123 29.378
2017060200 31.336
2017060201 30.204
2017060202 30.947
2017060203 32.087
2017060204 27.31
2017060205 22.782
2017060206 22.702
2017060207 20.763
2017060208 18.15
2017060209 13.257
2017060210 8.3
2017060211 6.064
2017060212 5.401
2017060213 5.521
2017060214 5.883
2017060215 7.598
2017060216 10.929
2017060217 12.044
2017060218 14.97
2017060219 20.472
2017060220 24.924
2017060221 26.125
2017060222 24.918
2017060223 19.729
2017060300 18.526
2017060301 17.668
2017060302 17.597
2017060303 18.084
2017060304 16.359
2017060305 13.991
2017060306 13.23
2017060307 12.4
2017060308 13.203
2017060309 13.227
2017060310 9.617
2017060311 7
2017060312 5.835
2017060313 5.34
2017060314 5.265
2017060315 5.577
2017060316 6.762
2017060317 7.522
2017060318 9.081
2017060319 11.944
2017060320 14.109
2017060321 15.899
2017060322 15.945
2017060323 14.539
2017060400 13.275
2017060401 11.691
2017060402 11.032
2017060403 10.39
2017060404 9.924
2017060405 7.923
2017060406 7.42
2017060407 6.143
2017060408 4.848
2017060409 4.421
2017060410 3.963
2017060411 3.71
2017060412 3.014
2017060413 3.345
2017060414 3.462
2017060415 4.242
2017060416 5.576
2017060417 7.009
2017060418 8.405
2017060419 10.258
2017060420 10.636
2017060421 11.094
2017060422 11.832
2017060423 12.184
2017060500 12.287
2017060501 12.233
2017060502 13.053
2017060503 12.465
2017060504 11.348
2017060505 10.69
2017060506 11.839
2017060507 13.117
2017060508 11.722
2017060509 9.249
2017060510 7.015
2017060511 5.825
2017060512 5.12
2017060513 5.079
2017060514 4.983
2017060515 5.205
2017060516 6.657
2017060517 6.356
2017060518 9.673
2017060519 11.406
2017060520 11.904
2017060521 12.593
2017060522 13.325
2017060523 13.564
2017060600 12.553
2017060601 11.684
2017060602 11.22
2017060603 11.928
2017060604 9.272
2017060605 7.082
2017060606 8.025
2017060607 7.881
2017060608 5.929
2017060609 4.389
2017060610 3.682
2017060611 3.633
2017060612 3.461
2017060613 4.047
2017060614 4.54
2017060615 5.328
2017060616 6.685
2017060617 6.026
2017060618 5.122
2017060619 5.77
2017060620 5.054
2017060621 4.171
2017060622 4.112
2017060623 4.495
2017060700 4.376
2017060701 4.859
2017060702 4.412
2017060703 4.875
2017060704 5.305
2017060705 5.688
2017060706 6.375
2017060707 6.928
2017060708 5.791
2017060709 4.548
2017060710 3.601
2017060711 3.44
2017060712 3.32
2017060713 4.091
2017060714 4.352
2017060715 5.254
2017060716 6.963
2017060717 7.321
2017060718 7.045
2017060719 8.041
2017060720 7.731
2017060721 7.974
2017060722 8.855
2017060723 8.575
2017060800 7.96
2017060801 8.336
2017060802 8.172
2017060803 7.938
2017060804 7.303
2017060805 6.655
2017060806 7.04
2017060807 6.743
2017060808 5.982
2017060809 4.353
2017060810 3.998
2017060811 4.111
2017060812 4.167
2017060813 4.655
2017060814 5.124
2017060815 6.066
2017060816 9.724
2017060817 15.395
2017060818 21.684
2017060819 24.945
2017060820 29.373
2017060821 32.862
2017060822 26.698
2017060823 22.534
2017060900 17.115
2017060901 17.105
2017060902 17.935
2017060903 20.319
2017060904 17.582
2017060905 12.578
2017060906 12.458
2017060907 10.659
2017060908 7.613
2017060909 4.732
2017060910 3.544
2017060911 3.094
2017060912 3.132
2017060913 3.287
2017060914 3.517
2017060915 4.13
2017060916 5.905
2017060917 6.193
2017060918 8.429
2017060919 11.015
2017060920 12.479
2017060921 13.525
2017060922 12.883
2017060923 11.571
2017061000 9.837
2017061001 7.444
2017061002 7.928
2017061003 7.874
2017061004 8.504
2017061005 7.739
2017061006 7.585
2017061007 6.663
2017061008 6.22
2017061009 5.522
2017061010 4.357
2017061011 3.978
2017061012 3.781
2017061013 3.632
2017061014 3.711
2017061015 3.829
2017061016 5.973
2017061017 5.803
2017061018 7.381
2017061019 12.193
2017061020 12.888
2017061021 13.647
2017061022 14.981
2017061023 15.172
