2017060100 7.871
2017060101 8.158
2017060102 8.433
2017060103 8.493
2017060104 8.347
2017060105 7.744
2017060106 7.961
2017060107 6.266
2017060108 4.676
2017060109 3.061
2017060110 1.975
2017060111 1.672
2017060112 1.651
2017060113 1.635
2017060114 1.746
2017060115 1.999
2017060116 3.197
2017060117 4.403
2017060118 6.663
2017060119 8.092
2017060120 8.221
2017060121 10.007
2017060122 9.733
2017060123 9.643
2017060200 9.006
2017060201 9.063
2017060202 9.436
2017060203 8.999
2017060204 8.5
2017060205 8.388
2017060206 8.699
2017060207 7.33
2017060208 5.586
2017060209 4.033
2017060210 2.569
2017060211 2.124
2017060212 1.9
2017060213 1.842
2017060214 1.874
2017060215 2.087
2017060216 3.073
2017060217 4.412
2017060218 6.464
2017060219 7.124
2017060220 7.709
2017060221 8.093
2017060222 8.197
2017060223 8.248
2017060300 7.803
2017060301 8.284
2017060302 8.158
2017060303 8.253
2017060304 8.627
2017060305 7.432
2017060306 8.669
2017060307 6.502
2017060308 4.887
2017060309 2.669
2017060310 1.997
2017060311 1.678
2017060312 1.506
2017060313 1.437
2017060314 1.471
2017060315 1.741
2017060316 2.423
2017060317 3.753
2017060318 5.485
2017060319 6.604
2017060320 7.519
2017060321 8.839
2017060322 8.655
2017060323 9.917
2017060400 10.534
2017060401 10.952
2017060402 10.281
2017060403 10.412
2017060404 9.722
2017060405 7.678
2017060406 7.087
2017060407 4.375
2017060408 2.819
2017060409 2.313
2017060410 1.955
2017060411 1.8
2017060412 1.573
2017060413 1.47
2017060414 1.465
2017060415 1.595
2017060416 1.918
2017060417 2.756
2017060418 3.86
2017060419 5.915
2017060420 7.349
2017060421 6.902
2017060422 6.804
2017060423 8.026
2017060500 9.019
2017060501 9.961
2017060502 9.966
2017060503 9.91
2017060504 8.566
2017060505 8.67
2017060506 7.679
2017060507 5.267
2017060508 3.437
2017060509 2.355
2017060510 1.84
2017060511 1.653
2017060512 1.644
2017060513 1.811
2017060514 1.948
2017060515 3.306
2017060516 4.579
2017060517 5.41
2017060518 4.365
2017060519 4.862
2017060520 4.232
2017060521 5.665
2017060522 7.419
2017060523 7.065
2017060600 8.34
2017060601 8.388
2017060602 8.451
2017060603 8.482
2017060604 8.319
2017060605 7.16
2017060606 6.7
2017060607 5.632
2017060608 3.852
2017060609 2.552
2017060610 2.244
2017060611 1.853
2017060612 1.784
2017060613 1.785
2017060614 2.116
2017060615 2.34
2017060616 2.612
2017060617 3.132
2017060618 3.381
2017060619 3.533
2017060620 3.591
2017060621 3.575
2017060622 3.839
2017060623 3.588
2017060700 3.569
2017060701 3.582
2017060702 3.916
2017060703 4.106
2017060704 4.006
2017060705 2.882
2017060706 2.62
2017060707 2.059
2017060708 1.624
2017060709 1.264
2017060710 1.037
2017060711 0.946
2017060712 0.975
2017060713 1.153
2017060714 1.189
2017060715 1.31
2017060716 1.707
2017060717 2.335
2017060718 2.73
2017060719 4.059
2017060720 4.578
2017060721 4.714
2017060722 5.058
2017060723 5.171
2017060800 5.25
2017060801 5.286
2017060802 5.157
2017060803 5.286
2017060804 5.656
2017060805 5.022
2017060806 4.637
2017060807 3.487
2017060808 2.705
2017060809 2.001
2017060810 1.555
2017060811 1.432
2017060812 1.268
2017060813 1.328
2017060814 1.44
2017060815 1.765
2017060816 2.478
2017060817 3.352
2017060818 5.196
2017060819 9.357
2017060820 9.745
2017060821 8.476
2017060822 7.799
2017060823 8.116
2017060900 8.342
2017060901 7.532
2017060902 7.912
2017060903 8.168
2017060904 7.696
2017060905 6.407
2017060906 6.14
2017060907 5.326
2017060908 3.886
2017060909 2.23
2017060910 1.859
2017060911 1.625
2017060912 1.565
2017060913 1.544
2017060914 1.87
2017060915 2.023
2017060916 2.683
2017060917 3.305
2017060918 3.61
2017060919 4.272
2017060920 5.788
2017060921 6.269
2017060922 6.471
2017060923 6.315
2017061000 6.389
2017061001 6.575
2017061002 6.624
2017061003 6.582
2017061004 5.942
2017061005 4.502
2017061006 4.254
2017061007 3.083
2017061008 2.406
2017061009 1.966
2017061010 1.572
2017061011 1.363
2017061012 1.256
2017061013 1.236
2017061014 1.208
2017061015 1.264
2017061016 1.585
2017061017 2.15
2017061018 3.852
2017061019 5.166
2017061020 6.972
2017061021 7.258
2017061022 7.776
2017061023 7.538
