2017060100 69.22
2017060101 60.482
2017060102 58.416
2017060103 58.061
2017060104 62.681
2017060105 64.669
2017060106 67.212
2017060107 73.351
2017060108 80.275
2017060109 85.729
2017060110 91.937
2017060111 96.729
2017060112 99.388
2017060113 99.91
2017060114 99.062
2017060115 97.323
2017060116 84.388
2017060117 76.708
2017060118 71.49
2017060119 67.91
2017060120 65.978
2017060121 57.691
2017060122 58.095
2017060123 51.85
2017060200 45.259
2017060201 38.691
2017060202 37.827
2017060203 35.23
2017060204 42.625
2017060205 45.094
2017060206 47.053
2017060207 62.254
2017060208 70.766
2017060209 81.59
2017060210 89.215
2017060211 95.619
2017060212 99.748
2017060213 103.291
2017060214 104.639
2017060215 105.371
2017060216 93.013
2017060217 84.366
2017060218 73.401
2017060219 67.046
2017060220 58.259
2017060221 51.049
2017060222 45.368
2017060223 42.235
2017060300 39.542
2017060301 37.068
2017060302 32.528
2017060303 29.632
2017060304 39.244
2017060305 50.778
2017060306 52.183
2017060307 52.152
2017060308 76.43
2017060309 79.71
2017060310 92.776
2017060311 107.84
2017060312 115.649
2017060313 119.659
2017060314 121.266
2017060315 122.474
2017060316 119.569
2017060317 108.117
2017060318 99.572
2017060319 99.775
2017060320 92.473
2017060321 78.402
2017060322 68.983
2017060323 66.294
2017060400 64.551
2017060401 60.283
2017060402 59.45
2017060403 60.051
2017060404 69.454
2017060405 77.727
2017060406 84.071
2017060407 98.358
2017060408 101.531
2017060409 105.872
2017060410 104.137
2017060411 101.673
2017060412 102.034
2017060413 106.108
2017060414 103.523
2017060415 102.778
2017060416 94.826
2017060417 86.042
2017060418 91.961
2017060419 86.206
2017060420 87.721
2017060421 80.561
2017060422 75.428
2017060423 69.954
2017060500 69.787
2017060501 62.484
2017060502 59.269
2017060503 53.368
2017060504 57.732
2017060505 72.456
2017060506 73.029
2017060507 71.295
2017060508 83.925
2017060509 84.241
2017060510 84.433
2017060511 88.219
2017060512 91.565
2017060513 96.349
2017060514 102.733
2017060515 106.167
2017060516 100.486
2017060517 97.151
2017060518 84.419
2017060519 78.53
2017060520 75.451
2017060521 69.903
2017060522 63.098
2017060523 54.185
2017060600 50.013
2017060601 45.261
2017060602 45.235
2017060603 45.195
2017060604 60.302
2017060605 72.258
2017060606 77.874
2017060607 90.608
2017060608 94.465
2017060609 96.372
2017060610 97.959
2017060611 98.284
2017060612 97.448
2017060613 92.4
2017060614 91.693
2017060615 90.967
2017060616 86.826
2017060617 86.219
2017060618 88.55
2017060619 91.719
2017060620 92.431
2017060621 90.372
2017060622 82.421
2017060623 82.389
2017060700 80.221
2017060701 70.736
2017060702 64.797
2017060703 55.747
2017060704 57.271
2017060705 58.211
2017060706 63.338
2017060707 69.06
2017060708 74.443
2017060709 75.279
2017060710 76.888
2017060711 78.346
2017060712 78.763
2017060713 78.715
2017060714 79.763
2017060715 79.257
2017060716 78.296
2017060717 74.823
2017060718 73.966
2017060719 64.197
2017060720 59.512
2017060721 57.52
2017060722 56.164
2017060723 51.837
2017060800 49.274
2017060801 44.529
2017060802 40.614
2017060803 37.116
2017060804 44.788
2017060805 53.207
2017060806 46.631
2017060807 62.375
2017060808 68.5
2017060809 74.74
2017060810 81.122
2017060811 84.659
2017060812 85.933
2017060813 85.659
2017060814 85.929
2017060815 86.088
2017060816 83.507
2017060817 76.092
2017060818 65.164
2017060819 65.322
2017060820 57.609
2017060821 47.863
2017060822 42.422
2017060823 39.902
2017060900 41.935
2017060901 34.76
2017060902 31.276
2017060903 29.098
2017060904 35.529
2017060905 39.27
2017060906 42.414
2017060907 69
2017060908 80.763
2017060909 86.714
2017060910 94.59
2017060911 99.14
2017060912 102.145
2017060913 102.099
2017060914 100.862
2017060915 98.433
2017060916 99.529
2017060917 94.16
2017060918 89.783
2017060919 74.772
2017060920 67.044
2017060921 56.221
2017060922 50.602
2017060923 56.299
2017061000 62.782
2017061001 66.651
2017061002 63.58
2017061003 56.538
2017061004 58.906
2017061005 62.971
2017061006 63.26
2017061007 68.469
2017061008 74.335
2017061009 79.427
2017061010 79.312
2017061011 81.448
2017061012 84.903
2017061013 85.979
2017061014 88.256
2017061015 89.94
2017061016 86.356
2017061017 85.606
2017061018 78.185
2017061019 72.093
2017061020 64.646
2017061021 56.937
2017061022 57.649
2017061023 52.486
