2017060100 58.586
2017060101 53.525
2017060102 49.767
2017060103 46.915
2017060104 49.21
2017060105 56.902
2017060106 63.375
2017060107 79.209
2017060108 88.528
2017060109 96.209
2017060110 101.483
2017060111 104.406
2017060112 105.501
2017060113 106.333
2017060114 106.909
2017060115 107.421
2017060116 106.986
2017060117 103.186
2017060118 100.786
2017060119 88.247
2017060120 80.53
2017060121 80.222
2017060122 78.456
2017060123 72.998
2017060200 68.854
2017060201 64.49
2017060202 60.375
2017060203 55.89
2017060204 58.135
2017060205 51.589
2017060206 53.185
2017060207 75.456
2017060208 87.06
2017060209 97.38
2017060210 105.574
2017060211 111.667
2017060212 114.421
2017060213 114.691
2017060214 115.697
2017060215 117.291
2017060216 113.85
2017060217 113.066
2017060218 112.194
2017060219 98.856
2017060220 93.322
2017060221 92.306
2017060222 88.1
2017060223 84.721
2017060300 87.737
2017060301 75.033
2017060302 72.587
2017060303 66.962
2017060304 69.218
2017060305 65.568
2017060306 60.1
2017060307 78.629
2017060308 90.745
2017060309 103.951
2017060310 106.017
2017060311 105.739
2017060312 102.015
2017060313 102.495
2017060314 103.55
2017060315 103.662
2017060316 100.341
2017060317 93.475
2017060318 87.054
2017060319 83.931
2017060320 76.142
2017060321 69.033
2017060322 64.468
2017060323 59.111
2017060400 61.416
2017060401 56.474
2017060402 52.872
2017060403 51.015
2017060404 58.601
2017060405 64.581
2017060406 67.677
2017060407 79.178
2017060408 87.835
2017060409 86.617
2017060410 86.571
2017060411 91.878
2017060412 92.274
2017060413 82.704
2017060414 79.965
2017060415 81.691
2017060416 88.382
2017060417 96.663
2017060418 90.843
2017060419 83.796
2017060420 81.618
2017060421 76.738
2017060422 67.946
2017060423 61.841
2017060500 58.457
2017060501 54.911
2017060502 51.845
2017060503 47.939
2017060504 47.847
2017060505 49.767
2017060506 48.944
2017060507 79.251
2017060508 89.834
2017060509 93.237
2017060510 96.131
2017060511 97.073
2017060512 96.535
2017060513 97.194
2017060514 97.265
2017060515 98.374
2017060516 92.505
2017060517 90.573
2017060518 83.508
2017060519 85.702
2017060520 84.317
2017060521 88.446
2017060522 79.852
2017060523 75.566
2017060600 72.902
2017060601 67.11
2017060602 61.731
2017060603 53.219
2017060604 57.538
2017060605 59.949
2017060606 59.283
2017060607 72.652
2017060608 84.519
2017060609 89.379
2017060610 92.678
2017060611 94.671
2017060612 90.647
2017060613 97.187
2017060614 92.045
2017060615 89.02
2017060616 87.451
2017060617 85.044
2017060618 84.396
2017060619 81.849
2017060620 76.492
2017060621 75.859
2017060622 71.376
2017060623 71.509
2017060700 69.704
2017060701 63.415
2017060702 57.983
2017060703 51.7
2017060704 51.188
2017060705 63.864
2017060706 64.959
2017060707 66.575
2017060708 68.826
2017060709 71.284
2017060710 73.768
2017060711 75.142
2017060712 75.341
2017060713 75.089
2017060714 77.71
2017060715 80.097
2017060716 78.202
2017060717 75.441
2017060718 78.19
2017060719 72.45
2017060720 69.63
2017060721 66.819
2017060722 64.754
2017060723 62.92
2017060800 61.406
2017060801 56.729
2017060802 52.767
2017060803 49.923
2017060804 53.62
2017060805 53.455
2017060806 59.029
2017060807 64.534
2017060808 70.253
2017060809 79.51
2017060810 84.323
2017060811 89.735
2017060812 94.473
2017060813 96.534
2017060814 96.502
2017060815 97.049
2017060816 96.381
2017060817 86.505
2017060818 79.257
2017060819 71.482
2017060820 68.187
2017060821 58.396
2017060822 60.843
2017060823 56.695
2017060900 57.166
2017060901 50.6
2017060902 46.989
2017060903 44.771
2017060904 50.878
2017060905 60.472
2017060906 60.52
2017060907 70.675
2017060908 81.288
2017060909 92.017
2017060910 94.438
2017060911 96.415
2017060912 96.574
2017060913 92.151
2017060914 89.762
2017060915 90.796
2017060916 95.088
2017060917 99.24
2017060918 91.619
2017060919 88.936
2017060920 81.054
2017060921 71.888
2017060922 64.259
2017060923 63.648
2017061000 69.27
2017061001 64.507
2017061002 64.331
2017061003 60.716
2017061004 67.107
2017061005 73.405
2017061006 71.644
2017061007 81.627
2017061008 86.893
2017061009 92.322
2017061010 94.435
2017061011 97.867
2017061012 97.704
2017061013 99.699
2017061014 100.165
2017061015 100.422
2017061016 98.082
2017061017 97.732
2017061018 83.048
2017061019 75.472
2017061020 71.536
2017061021 74.433
2017061022 69.952
2017061023 63.038
