2017060100 3.93
2017060101 3.774
2017060102 3.653
2017060103 3.498
2017060104 3.251
2017060105 2.643
2017060106 2.557
2017060107 2.222
2017060108 1.589
2017060109 1.037
2017060110 0.674
2017060111 0.576
2017060112 0.566
2017060113 0.623
2017060114 0.674
2017060115 0.802
2017060116 1.098
2017060117 1.557
2017060118 2.189
2017060119 3.19
2017060120 3.566
2017060121 4.054
2017060122 4.402
2017060123 4.338
2017060200 4.844
2017060201 4.528
2017060202 4.193
2017060203 3.789
2017060204 3.382
2017060205 3.442
2017060206 3.041
2017060207 1.92
2017060208 1.317
2017060209 0.897
2017060210 0.672
2017060211 0.614
2017060212 0.603
2017060213 0.695
2017060214 0.778
2017060215 0.961
2017060216 1.267
2017060217 1.812
2017060218 2.601
2017060219 4.021
2017060220 4.722
2017060221 5.198
2017060222 5.615
2017060223 5.665
2017060300 5.602
2017060301 4.745
2017060302 3.923
2017060303 3.911
2017060304 4.06
2017060305 3.142
2017060306 2.122
2017060307 1.403
2017060308 0.956
2017060309 0.793
2017060310 0.684
2017060311 0.623
2017060312 0.588
2017060313 0.554
2017060314 0.546
2017060315 0.572
2017060316 0.73
2017060317 0.999
2017060318 1.456
2017060319 2.415
2017060320 2.72
2017060321 2.75
2017060322 2.811
2017060323 2.415
2017060400 2.471
2017060401 2.228
2017060402 2.214
2017060403 2.27
2017060404 2.256
2017060405 1.52
2017060406 1.002
2017060407 0.735
2017060408 0.639
2017060409 0.564
2017060410 0.573
2017060411 0.592
2017060412 0.611
2017060413 0.694
2017060414 0.814
2017060415 0.991
2017060416 1.309
2017060417 1.611
2017060418 2.008
2017060419 2.862
2017060420 3.139
2017060421 2.917
2017060422 2.978
2017060423 3.115
2017060500 3.128
2017060501 3.338
2017060502 3.644
2017060503 3.416
2017060504 3.152
2017060505 2.776
2017060506 2.975
2017060507 3.202
2017060508 2.61
2017060509 1.784
2017060510 1.255
2017060511 0.961
2017060512 0.792
2017060513 0.743
2017060514 0.767
2017060515 0.824
2017060516 0.917
2017060517 1.222
2017060518 1.635
2017060519 2.239
2017060520 2.545
2017060521 2.759
2017060522 2.759
2017060523 2.284
2017060600 2.17
2017060601 1.833
2017060602 1.674
2017060603 1.584
2017060604 1.516
2017060605 1.342
2017060606 1.288
2017060607 1.26
2017060608 1.04
2017060609 0.763
2017060610 0.697
2017060611 0.685
2017060612 0.628
2017060613 0.538
2017060614 0.564
2017060615 0.72
2017060616 1.345
2017060617 1.946
2017060618 2.151
2017060619 2.439
2017060620 2.598
2017060621 2.294
2017060622 2.26
2017060623 1.984
2017060700 1.842
2017060701 1.741
2017060702 1.641
2017060703 1.542
2017060704 1.767
2017060705 0.85
2017060706 1.116
2017060707 1.181
2017060708 1.013
2017060709 0.893
2017060710 0.774
2017060711 0.662
2017060712 0.6
2017060713 0.627
2017060714 0.774
2017060715 0.836
2017060716 1.037
2017060717 1.385
2017060718 2.003
2017060719 2.432
2017060720 2.665
2017060721 3.158
2017060722 3.788
2017060723 3.815
2017060800 3.477
2017060801 3.073
2017060802 2.693
2017060803 2.4
2017060804 2.176
2017060805 1.701
2017060806 1.635
2017060807 1.173
2017060808 0.887
2017060809 0.649
2017060810 0.507
2017060811 0.434
2017060812 0.435
2017060813 0.443
2017060814 0.404
2017060815 0.498
2017060816 0.774
2017060817 1.105
2017060818 1.693
2017060819 2.766
2017060820 3.844
2017060821 4.148
2017060822 4.08
2017060823 3.681
2017060900 3.563
2017060901 3.329
2017060902 2.86
2017060903 2.594
2017060904 2.464
2017060905 1.674
2017060906 2.12
2017060907 1.629
2017060908 1.074
2017060909 0.742
2017060910 0.575
2017060911 0.508
2017060912 0.51
2017060913 0.533
2017060914 0.569
2017060915 0.612
2017060916 0.91
2017060917 1.254
2017060918 2.009
2017060919 2.571
2017060920 3.374
2017060921 4.237
2017060922 4.201
2017060923 4.495
2017061000 4.755
2017061001 4.144
2017061002 3.661
2017061003 3.521
2017061004 3.939
2017061005 3.342
2017061006 2.44
2017061007 1.472
2017061008 0.861
2017061009 0.668
2017061010 0.575
2017061011 0.506
2017061012 0.471
2017061013 0.449
2017061014 0.471
2017061015 0.503
2017061016 0.634
2017061017 0.928
2017061018 1.517
2017061019 2.466
2017061020 3.214
2017061021 3.123
2017061022 2.743
2017061023 2.441
