2017060100 16.16
2017060101 16.623
2017060102 15.587
2017060103 14.682
2017060104 11.605
2017060105 10.839
2017060106 11.578
2017060107 13.703
2017060108 12.535
2017060109 9.781
2017060110 7.275
2017060111 5.863
2017060112 5.665
2017060113 5.909
2017060114 6.325
2017060115 7.434
2017060116 11.978
2017060117 15.609
2017060118 28.634
2017060119 28.328
2017060120 21.921
2017060121 22.986
2017060122 24.377
2017060123 25.976
2017060200 29.363
2017060201 28.931
2017060202 30.335
2017060203 30.554
2017060204 26.092
2017060205 21.778
2017060206 22.269
2017060207 24.787
2017060208 23.122
2017060209 17.434
2017060210 11.387
2017060211 8.427
2017060212 6.952
2017060213 6.921
2017060214 7.416
2017060215 8.978
2017060216 15.456
2017060217 14.363
2017060218 17.76
2017060219 21.933
2017060220 26.206
2017060221 32.419
2017060222 30.262
2017060223 25.341
2017060300 24.616
2017060301 22.205
2017060302 20.297
2017060303 21.581
2017060304 18.954
2017060305 15.317
2017060306 14.815
2017060307 14.073
2017060308 13.65
2017060309 13.679
2017060310 10.078
2017060311 7.633
2017060312 6.558
2017060313 6.254
2017060314 6.294
2017060315 6.487
2017060316 9.287
2017060317 8.587
2017060318 9.39
2017060319 11.801
2017060320 13.649
2017060321 16.943
2017060322 16.989
2017060323 15.504
2017060400 14.183
2017060401 13.641
2017060402 13.306
2017060403 13.357
2017060404 11.568
2017060405 8.581
2017060406 7.731
2017060407 7.019
2017060408 5.765
2017060409 5.362
2017060410 4.858
2017060411 4.204
2017060412 3.137
2017060413 3.31
2017060414 3.742
2017060415 4.596
2017060416 6.473
2017060417 7.941
2017060418 9.637
2017060419 11.679
2017060420 11.876
2017060421 12.478
2017060422 13.356
2017060423 13.624
2017060500 14.092
2017060501 13.386
2017060502 14.156
2017060503 14.083
2017060504 12.746
2017060505 11.876
2017060506 12.552
2017060507 14.039
2017060508 12.269
2017060509 9.576
2017060510 7.748
2017060511 6.678
2017060512 6.235
2017060513 6.177
2017060514 6.265
2017060515 6.844
2017060516 8.317
2017060517 7.398
2017060518 10.888
2017060519 11.304
2017060520 11.555
2017060521 12.789
2017060522 13.775
2017060523 14.975
2017060600 14.187
2017060601 12.956
2017060602 12.567
2017060603 13.629
2017060604 10.598
2017060605 7.76
2017060606 8.873
2017060607 9.396
2017060608 7.245
2017060609 5.582
2017060610 4.605
2017060611 3.865
2017060612 4.249
2017060613 4.545
2017060614 5.415
2017060615 6.263
2017060616 7.866
2017060617 7.258
2017060618 6.493
2017060619 6.747
2017060620 5.558
2017060621 4.742
2017060622 4.712
2017060623 5.153
2017060700 4.898
2017060701 5.626
2017060702 5.215
2017060703 5.771
2017060704 6
2017060705 6.464
2017060706 6.809
2017060707 7.589
2017060708 7.179
2017060709 5.533
2017060710 4.504
2017060711 4.12
2017060712 3.728
2017060713 4.434
2017060714 4.785
2017060715 5.716
2017060716 8.151
2017060717 8.678
2017060718 8.981
2017060719 9.148
2017060720 8.936
2017060721 9.111
2017060722 10.176
2017060723 9.662
2017060800 8.491
2017060801 9.109
2017060802 9.05
2017060803 8.877
2017060804 8.171
2017060805 7.411
2017060806 8.313
2017060807 8.419
2017060808 7.548
2017060809 5.321
2017060810 5.167
2017060811 4.976
2017060812 5.185
2017060813 5.75
2017060814 6.273
2017060815 7.303
2017060816 12.532
2017060817 19.916
2017060818 23.951
2017060819 25.765
2017060820 28.318
2017060821 31.424
2017060822 32.362
2017060823 26.238
2017060900 21.861
2017060901 20.458
2017060902 20.682
2017060903 23.304
2017060904 20.979
2017060905 14.963
2017060906 13.994
2017060907 12.176
2017060908 8.936
2017060909 5.688
2017060910 4.379
2017060911 3.568
2017060912 3.637
2017060913 3.853
2017060914 4.186
2017060915 4.813
2017060916 7.439
2017060917 7.5
2017060918 9.336
2017060919 11.43
2017060920 12.22
2017060921 13.172
2017060922 13.513
2017060923 13.298
2017061000 10.55
2017061001 8.048
2017061002 8.601
2017061003 8.979
2017061004 10.18
2017061005 8.795
2017061006 9.034
2017061007 8.624
2017061008 7.976
2017061009 6.843
2017061010 5.207
2017061011 4.851
2017061012 4.575
2017061013 4.54
2017061014 4.493
2017061015 4.308
2017061016 6.311
2017061017 6.759
2017061018 8.211
2017061019 11.739
2017061020 12.31
2017061021 13.24
2017061022 15.326
2017061023 16.374
