2017060100 8.183
2017060101 7.419
2017060102 6.754
2017060103 6.109
2017060104 5.729
2017060105 4.991
2017060106 4.913
2017060107 4.608
2017060108 4.497
2017060109 3.941
2017060110 2.674
2017060111 1.711
2017060112 1.335
2017060113 1.533
2017060114 1.738
2017060115 2.055
2017060116 3.342
2017060117 4.796
2017060118 6.435
2017060119 8.488
2017060120 9.544
2017060121 9.928
2017060122 9.947
2017060123 9.52
2017060200 7.96
2017060201 7.44
2017060202 6.723
2017060203 6.041
2017060204 5.428
2017060205 4.495
2017060206 4.247
2017060207 4.023
2017060208 3.777
2017060209 3.077
2017060210 2.009
2017060211 1.642
2017060212 1.524
2017060213 1.83
2017060214 1.846
2017060215 1.962
2017060216 3.341
2017060217 4.957
2017060218 6.955
2017060219 9.166
2017060220 9.999
2017060221 10.303
2017060222 10.33
2017060223 9.93
2017060300 7.262
2017060301 6.44
2017060302 5.902
2017060303 5.627
2017060304 5.033
2017060305 4.173
2017060306 3.975
2017060307 2.324
2017060308 2.064
2017060309 1.722
2017060310 1.535
2017060311 1.39
2017060312 1.328
2017060313 1.247
2017060314 1.213
2017060315 1.281
2017060316 2.593
2017060317 3.06
2017060318 3.476
2017060319 4.383
2017060320 4.752
2017060321 5.082
2017060322 5.55
2017060323 5.93
2017060400 5.641
2017060401 5.864
2017060402 5.854
2017060403 5.856
2017060404 5.7
2017060405 5.001
2017060406 4.787
2017060407 4.672
2017060408 4.543
2017060409 3.992
2017060410 3.284
2017060411 2.6
2017060412 2.06
2017060413 1.954
2017060414 1.921
2017060415 2.225
2017060416 2.567
2017060417 3.868
2017060418 5.481
2017060419 6.876
2017060420 7.24
2017060421 7.242
2017060422 6.631
2017060423 5.62
2017060500 11.768
2017060501 12.152
2017060502 12.123
2017060503 11.767
2017060504 11.965
2017060505 10.287
2017060506 8.916
2017060507 8.339
2017060508 7.349
2017060509 5.295
2017060510 2.422
2017060511 1.557
2017060512 1.211
2017060513 1.352
2017060514 1.465
2017060515 1.763
2017060516 2.979
2017060517 3.87
2017060518 4.357
2017060519 4.452
2017060520 4.355
2017060521 3.734
2017060522 3.525
2017060523 4.352
2017060600 6.702
2017060601 6.328
2017060602 5.874
2017060603 5.555
2017060604 5.009
2017060605 4.117
2017060606 4.03
2017060607 2.439
2017060608 2.097
2017060609 1.736
2017060610 1.096
2017060611 0.802
2017060612 0.72
2017060613 0.632
2017060614 0.661
2017060615 0.753
2017060616 1.302
2017060617 1.635
2017060618 1.997
2017060619 3.662
2017060620 4.561
2017060621 5.167
2017060622 5.279
2017060623 5.216
2017060700 3.422
2017060701 3.575
2017060702 3.648
2017060703 3.732
2017060704 2.8
2017060705 2.335
2017060706 2.205
2017060707 1.986
2017060708 1.659
2017060709 1.353
2017060710 0.806
2017060711 0.618
2017060712 0.553
2017060713 0.6
2017060714 0.66
2017060715 0.799
2017060716 1.549
2017060717 2.102
2017060718 2.806
2017060719 5.635
2017060720 7.456
2017060721 8.396
2017060722 9.167
2017060723 9.544
2017060800 7.909
2017060801 7.31
2017060802 6.521
2017060803 5.756
2017060804 4.937
2017060805 3.763
2017060806 3.441
2017060807 3.264
2017060808 3.394
2017060809 3.177
2017060810 2.42
2017060811 1.896
2017060812 1.611
2017060813 1.541
2017060814 1.514
2017060815 1.598
2017060816 3.161
2017060817 4.25
2017060818 5.358
2017060819 6.577
2017060820 7.11
2017060821 7.397
2017060822 7.654
2017060823 7.691
2017060900 7.811
2017060901 7.683
2017060902 7.207
2017060903 6.493
2017060904 5.633
2017060905 4.634
2017060906 4.346
2017060907 4.495
2017060908 4.498
2017060909 3.558
2017060910 1.506
2017060911 1.234
2017060912 1.136
2017060913 1.521
2017060914 1.713
2017060915 2.202
2017060916 3.856
2017060917 5.395
2017060918 6.612
2017060919 7.866
2017060920 8.171
2017060921 8.133
2017060922 7.757
2017060923 7.035
2017061000 9.956
2017061001 9.712
2017061002 9.65
2017061003 9.996
2017061004 9.817
2017061005 7.785
2017061006 6.591
2017061007 6.26
2017061008 5.568
2017061009 4.025
2017061010 1.717
2017061011 1.286
2017061012 1.195
2017061013 1.288
2017061014 1.326
2017061015 1.413
2017061016 2.697
2017061017 3.852
2017061018 5.082
2017061019 6.455
2017061020 7.281
2017061021 7.829
2017061022 8.334
2017061023 8.53
