2017060100 10.929
2017060101 11.753
2017060102 13.106
2017060103 14.894
2017060104 17.317
2017060105 14.629
2017060106 12.526
2017060107 5.64
2017060108 4.712
2017060109 3.778
2017060110 2.483
2017060111 1.811
2017060112 1.497
2017060113 1.438
2017060114 1.476
2017060115 1.569
2017060116 4.11
2017060117 5.626
2017060118 6.834
2017060119 8.736
2017060120 11.852
2017060121 14.067
2017060122 16.06
2017060123 17.93
2017060200 15.165
2017060201 15.305
2017060202 15.244
2017060203 15.201
2017060204 13.49
2017060205 10.591
2017060206 9.206
2017060207 5.492
2017060208 4.418
2017060209 3.463
2017060210 1.755
2017060211 1.511
2017060212 1.454
2017060213 1.456
2017060214 1.531
2017060215 1.691
2017060216 5.555
2017060217 7.099
2017060218 6.752
2017060219 6.876
2017060220 8.101
2017060221 10.661
2017060222 14.324
2017060223 17.948
2017060300 16.845
2017060301 17.817
2017060302 17.834
2017060303 17.087
2017060304 14.572
2017060305 10.995
2017060306 9.378
2017060307 9.855
2017060308 9.675
2017060309 8.731
2017060310 2.122
2017060311 1.673
2017060312 1.505
2017060313 1.602
2017060314 1.655
2017060315 1.778
2017060316 4.198
2017060317 6.495
2017060318 8.866
2017060319 11.225
2017060320 12.144
2017060321 12.425
2017060322 12.959
2017060323 13.745
2017060400 9.444
2017060401 9.631
2017060402 9.113
2017060403 8.391
2017060404 6.51
2017060405 6.1
2017060406 6.001
2017060407 5.073
2017060408 4.218
2017060409 3.229
2017060410 2.493
2017060411 1.919
2017060412 1.697
2017060413 1.547
2017060414 1.735
2017060415 1.922
2017060416 2.731
2017060417 3.728
2017060418 5.115
2017060419 5.995
2017060420 5.716
2017060421 5.935
2017060422 6.573
2017060423 8.683
2017060500 18.352
2017060501 16.947
2017060502 15.634
2017060503 13.926
2017060504 9.561
2017060505 7.458
2017060506 6.713
2017060507 3.905
2017060508 2.966
2017060509 2.155
2017060510 1.947
2017060511 1.767
2017060512 1.719
2017060513 2.013
2017060514 2.132
2017060515 2.369
2017060516 3.551
2017060517 4.422
2017060518 5.028
2017060519 6.017
2017060520 6.587
2017060521 7.482
2017060522 8.515
2017060523 8.763
2017060600 12.246
2017060601 12.619
2017060602 12.772
2017060603 12.495
2017060604 10.913
2017060605 9.326
2017060606 8.635
2017060607 4.074
2017060608 3.05
2017060609 2.054
2017060610 1.753
2017060611 1.792
2017060612 1.602
2017060613 1.607
2017060614 1.649
2017060615 1.896
2017060616 2.463
2017060617 3.024
2017060618 3.602
2017060619 4.173
2017060620 4.424
2017060621 4.453
2017060622 4.601
2017060623 4.651
2017060700 4.818
2017060701 5.111
2017060702 5.084
2017060703 4.823
2017060704 3.469
2017060705 2.667
2017060706 2.307
2017060707 1.85
2017060708 1.411
2017060709 1.116
2017060710 0.949
2017060711 0.888
2017060712 0.909
2017060713 0.945
2017060714 1.011
2017060715 1.128
2017060716 1.886
2017060717 2.243
2017060718 2.63
2017060719 4.719
2017060720 5.814
2017060721 6.554
2017060722 6.289
2017060723 5.784
2017060800 5.762
2017060801 5.924
2017060802 6.159
2017060803 6.339
2017060804 5.511
2017060805 4.867
2017060806 4.699
2017060807 2.833
2017060808 2.093
2017060809 1.463
2017060810 1.011
2017060811 0.922
2017060812 0.928
2017060813 1.123
2017060814 1.183
2017060815 1.276
2017060816 3.802
2017060817 6.042
2017060818 8.533
2017060819 11.647
2017060820 12.52
2017060821 11.95
2017060822 10.44
2017060823 9.193
2017060900 11.334
2017060901 10.913
2017060902 11.061
2017060903 11.09
2017060904 9.785
2017060905 7.792
2017060906 7.018
2017060907 5.513
2017060908 4.011
2017060909 2.743
2017060910 1.489
2017060911 1.309
2017060912 1.339
2017060913 2.076
2017060914 2.428
2017060915 2.87
2017060916 4.234
2017060917 4.866
2017060918 5.3
2017060919 4.348
2017060920 4.262
2017060921 4.249
2017060922 5.234
2017060923 5.75
2017061000 6.46
2017061001 7.145
2017061002 7.528
2017061003 7.695
2017061004 7.014
2017061005 6.19
2017061006 5.72
2017061007 2.866
2017061008 1.968
2017061009 1.443
2017061010 1.335
2017061011 1.355
2017061012 1.435
2017061013 1.277
2017061014 1.219
2017061015 1.26
2017061016 2.665
2017061017 3.178
2017061018 3.628
2017061019 5.689
2017061020 7.052
2017061021 8.963
2017061022 10.491
2017061023 11.493
