2017060100 13.212
2017060101 15.065
2017060102 15.913
2017060103 15.253
2017060104 8.781
2017060105 7.337
2017060106 7.641
2017060107 5.103
2017060108 4.808
2017060109 4.135
2017060110 3.16
2017060111 2.889
2017060112 2.779
2017060113 2.825
2017060114 2.929
2017060115 3.326
2017060116 6.107
2017060117 8.387
2017060118 8.994
2017060119 12.637
2017060120 14.5
2017060121 15.485
2017060122 18.81
2017060123 21.693
2017060200 21.045
2017060201 21.506
2017060202 22.16
2017060203 22.798
2017060204 19.979
2017060205 15.175
2017060206 14.323
2017060207 11.419
2017060208 10.845
2017060209 9.597
2017060210 4.677
2017060211 3.761
2017060212 3.195
2017060213 2.83
2017060214 2.697
2017060215 2.831
2017060216 9.414
2017060217 11.639
2017060218 11.003
2017060219 11.945
2017060220 13.425
2017060221 15.123
2017060222 16.662
2017060223 16.945
2017060300 17.72
2017060301 17.273
2017060302 16.61
2017060303 16.254
2017060304 14.214
2017060305 12.655
2017060306 13.11
2017060307 12.524
2017060308 12.01
2017060309 10.812
2017060310 3.019
2017060311 2.308
2017060312 2.082
2017060313 2.076
2017060314 2.117
2017060315 2.303
2017060316 6.21
2017060317 8.755
2017060318 9.685
2017060319 11.331
2017060320 11.802
2017060321 11.763
2017060322 11.712
2017060323 11.059
2017060400 8.619
2017060401 8.872
2017060402 9.516
2017060403 10.262
2017060404 9.344
2017060405 9.092
2017060406 10.028
2017060407 8.957
2017060408 8.227
2017060409 6.624
2017060410 3.914
2017060411 2.729
2017060412 2.347
2017060413 2.873
2017060414 3.116
2017060415 3.46
2017060416 5.039
2017060417 6.198
2017060418 7.279
2017060419 9.534
2017060420 10.039
2017060421 9.703
2017060422 9.049
2017060423 9.926
2017060500 11.649
2017060501 12.65
2017060502 14.601
2017060503 17.051
2017060504 18.06
2017060505 15.831
2017060506 15.016
2017060507 10.236
2017060508 7.877
2017060509 4.99
2017060510 3.047
2017060511 2.611
2017060512 2.527
2017060513 2.261
2017060514 2.254
2017060515 2.559
2017060516 7.395
2017060517 9.379
2017060518 9.023
2017060519 9.556
2017060520 10.892
2017060521 11.876
2017060522 10.862
2017060523 10.136
2017060600 11.192
2017060601 11.436
2017060602 11.897
2017060603 12.24
2017060604 11.539
2017060605 10.643
2017060606 11.339
2017060607 7.643
2017060608 6.372
2017060609 4.224
2017060610 3.115
2017060611 2.576
2017060612 2.589
2017060613 2.339
2017060614 2.667
2017060615 3.142
2017060616 4.729
2017060617 5.363
2017060618 5.71
2017060619 5.847
2017060620 5.586
2017060621 5.331
2017060622 4.978
2017060623 4.813
2017060700 4.94
2017060701 5.17
2017060702 5.566
2017060703 5.788
2017060704 4.601
2017060705 3.735
2017060706 3.379
2017060707 2.651
2017060708 2.246
2017060709 1.812
2017060710 1.915
2017060711 1.735
2017060712 1.765
2017060713 1.502
2017060714 1.639
2017060715 1.916
2017060716 3.184
2017060717 3.602
2017060718 3.778
2017060719 6.028
2017060720 6.368
2017060721 6.539
2017060722 6.908
2017060723 6.963
2017060800 6.293
2017060801 6.599
2017060802 6.739
2017060803 6.706
2017060804 5.783
2017060805 5.497
2017060806 5.726
2017060807 3.684
2017060808 3.1
2017060809 2.521
2017060810 1.835
2017060811 1.581
2017060812 1.516
2017060813 1.795
2017060814 1.878
2017060815 2.108
2017060816 5.826
2017060817 7.745
2017060818 8.656
2017060819 10.632
2017060820 10.547
2017060821 10.281
2017060822 10.744
2017060823 11.308
2017060900 16.141
2017060901 16.098
2017060902 15.735
2017060903 14.408
2017060904 10.68
2017060905 8.588
2017060906 8.737
2017060907 6.449
2017060908 5.59
2017060909 4.431
2017060910 2.352
2017060911 1.983
2017060912 1.793
2017060913 2.589
2017060914 2.96
2017060915 3.532
2017060916 5.224
2017060917 6.195
2017060918 6.776
2017060919 8.233
2017060920 7.421
2017060921 6.667
2017060922 6.971
2017060923 7.125
2017061000 7.342
2017061001 7.175
2017061002 8.409
2017061003 10.448
2017061004 9.721
2017061005 9.455
2017061006 9.799
2017061007 5.317
2017061008 4.447
2017061009 3.379
2017061010 2.506
2017061011 2.107
2017061012 1.873
2017061013 1.795
2017061014 1.878
2017061015 2.213
2017061016 3.679
2017061017 4.181
2017061018 4.515
2017061019 7.033
2017061020 8.283
2017061021 10.316
2017061022 13.097
2017061023 14.704
