2017060100 18.14
2017060101 15.722
2017060102 13.046
2017060103 10.84
2017060104 9.009
2017060105 7.315
2017060106 6.625
2017060107 5.939
2017060108 5.14
2017060109 3.551
2017060110 1.786
2017060111 1.3
2017060112 1.222
2017060113 1.764
2017060114 2.155
2017060115 2.707
2017060116 5.876
2017060117 9.156
2017060118 11.255
2017060119 12.245
2017060120 12.538
2017060121 12.721
2017060122 13.777
2017060123 15.528
2017060200 20.151
2017060201 17.914
2017060202 15.342
2017060203 13.083
2017060204 11.098
2017060205 8.969
2017060206 8.596
2017060207 7.942
2017060208 6.931
2017060209 4.969
2017060210 2.09
2017060211 1.806
2017060212 1.769
2017060213 2.589
2017060214 2.854
2017060215 3.317
2017060216 5.483
2017060217 8.064
2017060218 10.316
2017060219 13.734
2017060220 15.054
2017060221 16.085
2017060222 16.761
2017060223 16.285
2017060300 15.679
2017060301 13.596
2017060302 10.871
2017060303 8.785
2017060304 7.362
2017060305 6.13
2017060306 6.058
2017060307 5.655
2017060308 4.86
2017060309 3.769
2017060310 2.063
2017060311 1.744
2017060312 1.645
2017060313 2.089
2017060314 2.345
2017060315 2.729
2017060316 4.639
2017060317 5.344
2017060318 5.846
2017060319 8.976
2017060320 11.486
2017060321 12.996
2017060322 14.037
2017060323 14.306
2017060400 13.863
2017060401 13.826
2017060402 12.755
2017060403 11.084
2017060404 7.822
2017060405 6.111
2017060406 5.7
2017060407 5.332
2017060408 5.044
2017060409 3.522
2017060410 2.942
2017060411 2.408
2017060412 2.251
2017060413 2.399
2017060414 2.995
2017060415 4
2017060416 4.759
2017060417 5.632
2017060418 6.118
2017060419 7.928
2017060420 8.551
2017060421 8.943
2017060422 8.526
2017060423 8.042
2017060500 11.546
2017060501 11.81
2017060502 11.344
2017060503 10.442
2017060504 9.529
2017060505 8.373
2017060506 8.193
2017060507 7.629
2017060508 7.314
2017060509 5.859
2017060510 3.487
2017060511 2.061
2017060512 1.679
2017060513 2.063
2017060514 2.462
2017060515 2.966
2017060516 4.577
2017060517 6.736
2017060518 9.406
2017060519 11.963
2017060520 12.089
2017060521 11.371
2017060522 10.434
2017060523 8.702
2017060600 22.093
2017060601 18.463
2017060602 13.841
2017060603 10.07
2017060604 6.93
2017060605 5.508
2017060606 5.389
2017060607 4.669
2017060608 4.135
2017060609 3.25
2017060610 2.02
2017060611 1.402
2017060612 1.225
2017060613 1.046
2017060614 1.088
2017060615 1.25
2017060616 2.197
2017060617 2.736
2017060618 3.227
2017060619 4.838
2017060620 5.356
2017060621 5.392
2017060622 5.254
2017060623 4.893
2017060700 5.484
2017060701 4.741
2017060702 4.161
2017060703 3.822
2017060704 3.308
2017060705 3.035
2017060706 3.12
2017060707 2.508
2017060708 2.185
2017060709 1.814
2017060710 1.26
2017060711 0.98
2017060712 0.894
2017060713 1.026
2017060714 1.192
2017060715 1.438
2017060716 2.919
2017060717 4.209
2017060718 5.465
2017060719 8.976
2017060720 11.032
2017060721 12.685
2017060722 15.307
2017060723 16.077
2017060800 14.566
2017060801 14.06
2017060802 13.012
2017060803 11.523
2017060804 9.397
2017060805 6.032
2017060806 5.09
2017060807 5.171
2017060808 5.789
2017060809 5.834
2017060810 4.6
2017060811 3.552
2017060812 2.906
2017060813 2.608
2017060814 2.502
2017060815 2.603
2017060816 5.694
2017060817 8.673
2017060818 11.389
2017060819 13.822
2017060820 14.357
2017060821 13.943
2017060822 13.296
2017060823 12.439
2017060900 11.446
2017060901 11.158
2017060902 10.216
2017060903 9.001
2017060904 7.546
2017060905 6.385
2017060906 6.977
2017060907 6.417
2017060908 5.087
2017060909 3.555
2017060910 1.884
2017060911 1.754
2017060912 1.768
2017060913 2.175
2017060914 2.499
2017060915 2.9
2017060916 5.915
2017060917 9.296
2017060918 13.71
2017060919 18.536
2017060920 20.427
2017060921 19.402
2017060922 17.242
2017060923 16.83
2017061000 18.217
2017061001 18.305
2017061002 18.033
2017061003 17.677
2017061004 16.216
2017061005 11.978
2017061006 10.165
2017061007 9.061
2017061008 8.676
2017061009 7.221
2017061010 2.786
2017061011 1.811
2017061012 1.492
2017061013 1.348
2017061014 1.366
2017061015 1.514
2017061016 4.526
2017061017 7.686
2017061018 10.127
2017061019 11.404
2017061020 11.277
2017061021 10.599
2017061022 10.128
2017061023 9.346
