2017060100 134.723
2017060101 129.958
2017060102 126.627
2017060103 125.53
2017060104 126.449
2017060105 129.535
2017060106 137.049
2017060107 134.836
2017060108 143.008
2017060109 153.691
2017060110 152.548
2017060111 146.882
2017060112 140.7
2017060113 144.362
2017060114 148.466
2017060115 152.573
2017060116 162.825
2017060117 170.442
2017060118 174.092
2017060119 178.629
2017060120 179.782
2017060121 176.549
2017060122 169.624
2017060123 160.224
2017060200 153.99
2017060201 148.133
2017060202 142.89
2017060203 138.173
2017060204 135.097
2017060205 135.555
2017060206 141.6
2017060207 144.107
2017060208 151.655
2017060209 162.266
2017060210 164.688
2017060211 170.337
2017060212 173.692
2017060213 172.523
2017060214 162.774
2017060215 153.949
2017060216 164.003
2017060217 173.108
2017060218 181.005
2017060219 187.129
2017060220 188.149
2017060221 185.988
2017060222 180.816
2017060223 173.225
2017060300 137.073
2017060301 130.446
2017060302 125.779
2017060303 123.552
2017060304 120.995
2017060305 117.512
2017060306 117.869
2017060307 111.473
2017060308 113.486
2017060309 116.714
2017060310 121.744
2017060311 126.581
2017060312 130.054
2017060313 128.437
2017060314 123.814
2017060315 118.412
2017060316 125.003
2017060317 120.062
2017060318 117.935
2017060319 118.183
2017060320 117.397
2017060321 117.937
2017060322 119.89
2017060323 121.814
2017060400 115.293
2017060401 116.263
2017060402 117.168
2017060403 118.806
2017060404 120.883
2017060405 124.385
2017060406 130.868
2017060407 136.414
2017060408 144.601
2017060409 153.543
2017060410 159.512
2017060411 160.731
2017060412 153.742
2017060413 146.313
2017060414 143.082
2017060415 149.994
2017060416 163.609
2017060417 186.203
2017060418 196.534
2017060419 195.732
2017060420 184.603
2017060421 177.782
2017060422 170.308
2017060423 155.825
2017060500 171.242
2017060501 174.271
2017060502 176.407
2017060503 177.516
2017060504 179.033
2017060505 182.454
2017060506 189.276
2017060507 195.581
2017060508 198.76
2017060509 196.829
2017060510 175.242
2017060511 167.956
2017060512 167.747
2017060513 170.092
2017060514 168.158
2017060515 165.816
2017060516 169.522
2017060517 167.295
2017060518 160.024
2017060519 150.345
2017060520 142.325
2017060521 130.87
2017060522 126.294
2017060523 131.397
2017060600 176.089
2017060601 167.969
2017060602 161.896
2017060603 156.159
2017060604 149.088
2017060605 143.944
2017060606 141.392
2017060607 124.38
2017060608 122.51
2017060609 120.005
2017060610 112.133
2017060611 108.048
2017060612 107.291
2017060613 105.041
2017060614 105.646
2017060615 106.8
2017060616 110.467
2017060617 110.497
2017060618 109.414
2017060619 113.494
2017060620 115.135
2017060621 116.272
2017060622 115.251
2017060623 113.797
2017060700 107.24
2017060701 106.919
2017060702 106.836
2017060703 107.179
2017060704 102.459
2017060705 102.062
2017060706 104.127
2017060707 104.879
2017060708 104.819
2017060709 105.892
2017060710 103.895
2017060711 103.781
2017060712 103.846
2017060713 104.791
2017060714 105.745
2017060715 107.394
2017060716 112.696
2017060717 114.114
2017060718 114.584
2017060719 123.742
2017060720 129.87
2017060721 133.545
2017060722 136.012
2017060723 137.075
