2017060100 149.379
2017060101 154.159
2017060102 157.731
2017060103 162.776
2017060104 155.638
2017060105 159.731
2017060106 166.62
2017060107 134.823
2017060108 135.583
2017060109 135.428
2017060110 126.366
2017060111 125.298
2017060112 124.835
2017060113 126.634
2017060114 127.278
2017060115 129.524
2017060116 170.966
2017060117 199.322
2017060118 207.054
2017060119 201.355
2017060120 196.767
2017060121 175.167
2017060122 162.856
2017060123 157.878
2017060200 162.543
2017060201 168.763
2017060202 181.293
2017060203 189.752
2017060204 176.518
2017060205 184.052
2017060206 199.243
2017060207 156.446
2017060208 163.881
2017060209 169.013
2017060210 148.958
2017060211 147.66
2017060212 145.663
2017060213 140.671
2017060214 137.234
2017060215 136.007
2017060216 169.791
2017060217 177.615
2017060218 171.037
2017060219 169.351
2017060220 170.415
2017060221 175.229
2017060222 184.184
2017060223 196.683
2017060300 197.634
2017060301 188.734
2017060302 179.938
2017060303 169.827
2017060304 158.665
2017060305 164.672
2017060306 181.17
2017060307 162.674
2017060308 166.53
2017060309 170.137
2017060310 174.345
2017060311 177.408
2017060312 177.731
2017060313 169.332
2017060314 168.171
2017060315 167.867
2017060316 199.159
2017060317 227.288
2017060318 248.588
2017060319 262.923
2017060320 263.403
2017060321 249.51
2017060322 232.603
2017060323 218.171
2017060400 156.047
2017060401 149.618
2017060402 159.038
2017060403 165.295
2017060404 148.092
2017060405 141.657
2017060406 146.022
2017060407 146.174
2017060408 148.144
2017060409 151.117
2017060410 145.655
2017060411 144.139
2017060412 145.146
2017060413 144.477
2017060414 138.322
2017060415 135.002
2017060416 147.403
2017060417 145.422
2017060418 137.374
2017060419 133.522
2017060420 131.06
2017060421 130.517
2017060422 133.849
2017060423 136.398
2017060500 170.269
2017060501 171.237
2017060502 167.984
2017060503 166.485
2017060504 163.087
2017060505 166.081
2017060506 176.824
2017060507 167.35
2017060508 167.429
2017060509 163.979
2017060510 143.008
2017060511 142.825
2017060512 144.133
2017060513 145.621
2017060514 147.461
2017060515 151.319
2017060516 184.827
2017060517 194.988
2017060518 183.759
2017060519 179.648
2017060520 173.16
2017060521 171.064
2017060522 157.722
2017060523 146.173
2017060600 134.904
2017060601 136.653
2017060602 138.637
2017060603 140.151
2017060604 135.749
2017060605 137.667
2017060606 147.971
2017060607 124.651
2017060608 122.274
2017060609 120.545
2017060610 114.941
2017060611 110.473
2017060612 110.295
2017060613 112.066
2017060614 114.999
2017060615 118.738
2017060616 168.911
2017060617 171.996
2017060618 154.601
2017060619 137.936
2017060620 127.078
2017060621 121.704
2017060622 121.941
2017060623 119.564
2017060700 118.464
2017060701 119.367
2017060702 121.459
2017060703 122.789
2017060704 121.638
2017060705 124.605
2017060706 130.924
2017060707 130.063
2017060708 128.14
2017060709 124.816
2017060710 120.502
2017060711 121.18
2017060712 121.496
2017060713 125.425
2017060714 124.654
2017060715 125.418
2017060716 135.384
2017060717 134.708
2017060718 132.526
2017060719 130.95
2017060720 131.47
2017060721 132.308
2017060722 135.215
2017060723 132.135
