2017060100 121.513
2017060101 119.621
2017060102 116.56
2017060103 113.177
2017060104 105.764
2017060105 102.925
2017060106 102.719
2017060107 102.114
2017060108 102.014
2017060109 102.127
2017060110 102.642
2017060111 103.371
2017060112 103.801
2017060113 103.869
2017060114 103.527
2017060115 103.187
2017060116 106.83
2017060117 108.621
2017060118 108.894
2017060119 109.654
2017060120 109.771
2017060121 111.943
2017060122 115.311
2017060123 116.93
2017060200 129.676
2017060201 130.064
2017060202 130.19
2017060203 130.211
2017060204 130.588
2017060205 132.466
2017060206 136.983
2017060207 130.601
2017060208 132.745
2017060209 134.681
2017060210 123.375
2017060211 122.583
2017060212 121.756
2017060213 120.364
2017060214 118.135
2017060215 115.401
2017060216 121.349
2017060217 125.091
2017060218 126.067
2017060219 125.026
2017060220 125.011
2017060221 126.355
2017060222 128.204
2017060223 130.047
2017060300 131.384
2017060301 132.466
2017060302 132.788
2017060303 133.048
2017060304 133.477
2017060305 134.838
2017060306 138.356
2017060307 136.734
2017060308 138.709
2017060309 140.416
2017060310 129.812
2017060311 128.306
2017060312 125.918
2017060313 122.25
2017060314 119.071
2017060315 116.962
2017060316 120.778
2017060317 123.644
2017060318 125.325
2017060319 125.472
2017060320 124.208
2017060321 123.378
2017060322 123.114
2017060323 123.576
2017060400 125.289
2017060401 127.358
2017060402 128.592
2017060403 127.573
2017060404 123.905
2017060405 123.104
2017060406 122.928
2017060407 109.768
2017060408 104.127
2017060409 100.991
2017060410 99.457
2017060411 101.139
2017060412 102.314
2017060413 101.906
2017060414 100.583
2017060415 99.512
2017060416 101.789
2017060417 102.248
2017060418 102.671
2017060419 102.52
2017060420 105.074
2017060421 109.755
2017060422 114.011
2017060423 114.744
2017060500 128.235
2017060501 128.282
2017060502 128.694
2017060503 129.455
2017060504 129.162
2017060505 129.124
2017060506 129.919
2017060507 115.619
2017060508 113.552
2017060509 112.014
2017060510 110.418
2017060511 109.965
2017060512 109.545
2017060513 109.097
2017060514 108.584
2017060515 108.589
2017060516 111.369
2017060517 112.409
2017060518 112.843
2017060519 113.723
2017060520 115.905
2017060521 125.596
2017060522 133.305
2017060523 138.532
2017060600 130.838
2017060601 131.166
2017060602 125.979
2017060603 119.847
2017060604 111.881
2017060605 105.527
2017060606 103.012
2017060607 105.248
2017060608 108.841
2017060609 110.976
2017060610 106.157
2017060611 99.963
2017060612 98.463
2017060613 98.676
2017060614 103.047
2017060615 109.722
2017060616 124.133
2017060617 138.548
2017060618 135.792
2017060619 130.26
2017060620 125.012
2017060621 120.856
2017060622 118.264
2017060623 115.444
2017060700 117.139
2017060701 117.424
2017060702 119.606
2017060703 119.731
2017060704 115.224
2017060705 111.323
2017060706 109.258
2017060707 106.01
2017060708 103.342
2017060709 102.031
2017060710 99.478
2017060711 98.891
2017060712 98.866
2017060713 99.152
2017060714 100.045
2017060715 101.66
2017060716 105.986
2017060717 108.417
2017060718 109.267
2017060719 109.824
2017060720 109.231
2017060721 108.954
2017060722 108.611
2017060723 109.356
