2017060100 217.846
2017060101 210.784
2017060102 202.001
2017060103 192.79
2017060104 180.65
2017060105 180.884
2017060106 187.694
2017060107 176.572
2017060108 174.852
2017060109 170.899
2017060110 145.04
2017060111 133.277
2017060112 127.6
2017060113 137.32
2017060114 146.918
2017060115 157.085
2017060116 189.082
2017060117 213.655
2017060118 208.749
2017060119 195.835
2017060120 192.341
2017060121 195.21
2017060122 203.755
2017060123 212.909
2017060200 250.821
2017060201 233.41
2017060202 218.774
2017060203 207.938
2017060204 202.545
2017060205 205.067
2017060206 219.197
2017060207 195.003
2017060208 196.598
2017060209 194.938
2017060210 162.239
2017060211 163.301
2017060212 167.005
2017060213 175.647
2017060214 174.985
2017060215 175.506
2017060216 191.388
2017060217 202.303
2017060218 198.536
2017060219 207.237
2017060220 207.711
2017060221 213.385
2017060222 218.064
2017060223 216.442
2017060300 224.735
2017060301 207.375
2017060302 186.447
2017060303 175.065
2017060304 170.479
2017060305 171.565
2017060306 182.558
2017060307 163.875
2017060308 157.245
2017060309 151.869
2017060310 136.078
2017060311 136.937
2017060312 138.191
2017060313 146.169
2017060314 150.608
2017060315 154.553
2017060316 159.331
2017060317 147.854
2017060318 138.724
2017060319 150.958
2017060320 160.458
2017060321 167.774
2017060322 173.47
2017060323 176.227
2017060400 146.091
2017060401 143.711
2017060402 138.339
2017060403 133.783
2017060404 128.242
2017060405 131.285
2017060406 140.821
2017060407 145.932
2017060408 156.137
2017060409 160.507
2017060410 161.76
2017060411 155.871
2017060412 146.479
2017060413 150.376
2017060414 159.23
2017060415 179.745
2017060416 205.948
2017060417 220.777
2017060418 216.152
2017060419 205.563
2017060420 194.264
2017060421 183.937
2017060422 161.769
2017060423 152.043
2017060500 185.161
2017060501 188.057
2017060502 189.804
2017060503 190.72
2017060504 190.113
2017060505 194.882
2017060506 206.116
2017060507 203.549
2017060508 206.782
2017060509 205.095
2017060510 185.557
2017060511 167.12
2017060512 165.174
2017060513 178.668
2017060514 188.141
2017060515 190.43
2017060516 194.729
2017060517 196.194
2017060518 195.985
2017060519 194.786
2017060520 186.095
2017060521 174.557
2017060522 158.098
2017060523 145.4
2017060600 314.932
2017060601 280.993
2017060602 248.332
2017060603 219.362
2017060604 177.321
2017060605 160.89
2017060606 159.414
2017060607 149.411
2017060608 143.411
2017060609 135.883
2017060610 127.007
2017060611 121.052
2017060612 118.635
2017060613 115.288
2017060614 115.168
2017060615 115.552
2017060616 121.429
2017060617 120.537
2017060618 118.114
2017060619 120.493
2017060620 119.499
2017060621 117.885
2017060622 115.553
2017060623 112.5
2017060700 115.218
2017060701 111.32
2017060702 108.402
2017060703 106.301
2017060704 104.127
2017060705 106.733
2017060706 113.112
2017060707 112.399
2017060708 112.486
2017060709 112.717
2017060710 110.968
2017060711 109.673
2017060712 109.536
2017060713 112.043
2017060714 115.102
2017060715 117.689
2017060716 129.745
2017060717 134.391
2017060718 134.488
2017060719 143.038
2017060720 147.546
2017060721 153.435
2017060722 164.518
2017060723 168.428
