2017060100 7.426
2017060101 8.547
2017060102 9.035
2017060103 8.542
2017060104 6.021
2017060105 5
2017060106 4.354
2017060107 2.197
2017060108 1.872
2017060109 1.544
2017060110 1.277
2017060111 1.179
2017060112 1.096
2017060113 1.071
2017060114 1.141
2017060115 1.303
2017060116 2.913
2017060117 4.59
2017060118 6.708
2017060119 9.034
2017060120 10.715
2017060121 12.161
2017060122 13.971
2017060123 15.528
2017060200 14.402
2017060201 13.204
2017060202 12.475
2017060203 12.09
2017060204 10.51
2017060205 7.918
2017060206 6.606
2017060207 4.505
2017060208 4.09
2017060209 3.317
2017060210 1.432
2017060211 1.185
2017060212 1.11
2017060213 1.097
2017060214 1.138
2017060215 1.238
2017060216 2.841
2017060217 4.496
2017060218 6.282
2017060219 7.532
2017060220 8.363
2017060221 10.421
2017060222 13.042
2017060223 15.042
2017060300 11.32
2017060301 12.116
2017060302 12.05
2017060303 11.355
2017060304 9.867
2017060305 8.175
2017060306 7.185
2017060307 4.474
2017060308 3.551
2017060309 2.858
2017060310 1.529
2017060311 1.291
2017060312 1.188
2017060313 1.186
2017060314 1.19
2017060315 1.252
2017060316 2.449
2017060317 3.55
2017060318 4.685
2017060319 6.093
2017060320 7.103
2017060321 8.082
2017060322 9.118
2017060323 9.764
2017060400 10.559
2017060401 9.43
2017060402 7.925
2017060403 6.816
2017060404 5.967
2017060405 5.653
2017060406 5.708
2017060407 5.073
2017060408 4.32
2017060409 2.943
2017060410 1.831
2017060411 1.292
2017060412 1.185
2017060413 1.72
2017060414 2.149
2017060415 2.67
2017060416 3.138
2017060417 3.843
2017060418 4.911
2017060419 6.54
2017060420 7.729
2017060421 8.424
2017060422 10.004
2017060423 11.34
2017060500 10.775
2017060501 9.745
2017060502 9.124
2017060503 8.681
2017060504 6.967
2017060505 6.563
2017060506 7.039
2017060507 4.814
2017060508 3.473
2017060509 2.144
2017060510 1.576
2017060511 1.376
2017060512 1.354
2017060513 1.287
2017060514 1.281
2017060515 1.374
2017060516 2.656
2017060517 4.094
2017060518 5.281
2017060519 5.202
2017060520 5.416
2017060521 6.432
2017060522 7.422
2017060523 8.66
2017060600 7.716
2017060601 8.675
2017060602 8.652
2017060603 7.88
2017060604 6.889
2017060605 5.991
2017060606 5.431
2017060607 3.197
2017060608 2.046
2017060609 1.356
2017060610 1.322
2017060611 1.271
2017060612 1.309
2017060613 1.1
2017060614 1.255
2017060615 1.497
2017060616 1.798
2017060617 2.165
2017060618 2.677
2017060619 3.208
2017060620 3.423
2017060621 3.556
2017060622 3.844
2017060623 3.854
2017060700 4.49
2017060701 4.382
2017060702 4.288
2017060703 4.198
2017060704 3.77
2017060705 3.101
2017060706 2.566
2017060707 1.893
2017060708 1.424
2017060709 1.082
2017060710 0.96
2017060711 0.839
2017060712 0.815
2017060713 0.868
2017060714 0.966
2017060715 1.077
2017060716 1.678
2017060717 2.164
2017060718 2.852
2017060719 4.088
2017060720 4.681
2017060721 5.046
2017060722 5.433
2017060723 5.93
2017060800 5.367
2017060801 5.766
2017060802 5.809
2017060803 5.656
2017060804 4.708
2017060805 4.092
2017060806 3.68
2017060807 2.376
2017060808 1.802
2017060809 1.329
2017060810 0.946
2017060811 0.843
2017060812 0.803
2017060813 0.815
2017060814 0.841
2017060815 0.909
2017060816 2.465
2017060817 3.937
2017060818 5.739
2017060819 7.824
2017060820 8.899
2017060821 9.639
2017060822 9.638
2017060823 9.443
2017060900 7.149
2017060901 8.021
2017060902 8.293
2017060903 7.981
2017060904 6.526
2017060905 5.459
2017060906 4.451
2017060907 1.982
2017060908 1.654
2017060909 1.458
2017060910 0.967
2017060911 0.988
2017060912 1.068
2017060913 1.022
2017060914 1.079
2017060915 1.109
2017060916 1.831
2017060917 2.599
2017060918 3.181
2017060919 3.763
2017060920 4.043
2017060921 4.091
2017060922 4.506
2017060923 5.019
2017061000 5.845
2017061001 5.516
2017061002 5.238
2017061003 4.888
2017061004 4.637
2017061005 4.593
2017061006 4.745
2017061007 3.45
2017061008 2.79
2017061009 2.015
2017061010 1.375
2017061011 1.161
2017061012 1.077
2017061013 1.098
2017061014 1.073
2017061015 1.045
2017061016 2
2017061017 2.906
2017061018 3.726
2017061019 4.798
2017061020 5.553
2017061021 6.296
2017061022 7.584
2017061023 8.666
