2017060100 131.802
2017060101 130.13
2017060102 127.277
2017060103 122.796
2017060104 109.398
2017060105 107.946
2017060106 112.634
2017060107 112.216
2017060108 113.103
2017060109 113.217
2017060110 111.95
2017060111 113.005
2017060112 114.52
2017060113 115.717
2017060114 117.113
2017060115 119.617
2017060116 127.26
2017060117 129.452
2017060118 125.604
2017060119 128.001
2017060120 128.459
2017060121 128.974
2017060122 133.247
2017060123 135.944
2017060200 140.155
2017060201 139.439
2017060202 139.439
2017060203 140.285
2017060204 142.096
2017060205 147.211
2017060206 159.16
2017060207 141.975
2017060208 144.901
2017060209 146.271
2017060210 130.845
2017060211 131.52
2017060212 132.571
2017060213 131.7
2017060214 130.295
2017060215 128.879
2017060216 143.971
2017060217 143.427
2017060218 135.803
2017060219 134.377
2017060220 135.482
2017060221 135.251
2017060222 135.526
2017060223 133.66
2017060300 132.103
2017060301 130.511
2017060302 129.847
2017060303 130.275
2017060304 129.092
2017060305 131.808
2017060306 139.214
2017060307 137.682
2017060308 141.383
2017060309 144.599
2017060310 121.799
2017060311 121.0
2017060312 120.119
2017060313 117.989
2017060314 117.279
2017060315 117.779
2017060316 127.065
2017060317 131.918
2017060318 131.6
2017060319 133.039
2017060320 134.41
2017060321 133.929
2017060322 130.488
2017060323 125.16
2017060400 121.469
2017060401 114.758
2017060402 112.766
2017060403 112.736
2017060404 110.205
2017060405 111.811
2017060406 118.364
2017060407 122.049
2017060408 126.586
2017060409 130.997
2017060410 128.986
2017060411 128.544
2017060412 124.573
2017060413 120.404
2017060414 117.532
2017060415 119.187
2017060416 121.817
2017060417 123.595
2017060418 123.393
2017060419 124.045
2017060420 122.454
2017060421 119.125
2017060422 114.721
2017060423 116.913
2017060500 121.97
2017060501 122.195
2017060502 124.414
2017060503 128.305
2017060504 132.343
2017060505 138.689
2017060506 150.668
2017060507 141.067
2017060508 141.422
2017060509 138.512
2017060510 132.762
2017060511 130.198
2017060512 129.054
2017060513 123.833
2017060514 120.098
2017060515 119.501
2017060516 132.957
2017060517 134.654
2017060518 126.79
2017060519 122.204
2017060520 120.901
2017060521 121.844
2017060522 124.028
2017060523 128.962
2017060600 124.976
2017060601 124.325
2017060602 124.826
2017060603 126.947
2017060604 128.997
2017060605 132.351
2017060606 140.252
2017060607 130.624
2017060608 129.721
2017060609 126.228
2017060610 125.724
2017060611 125.744
2017060612 129.968
2017060613 134.882
2017060614 141.614
2017060615 141.311
2017060616 140.735
2017060617 134.356
2017060618 127.742
2017060619 122.461
2017060620 118.254
2017060621 115.365
2017060622 112.338
2017060623 109.856
2017060700 120.345
2017060701 118.39
2017060702 113.573
2017060703 110.485
2017060704 107.192
2017060705 106.934
2017060706 108.911
2017060707 107.62
2017060708 105.644
2017060709 104.057
2017060710 104.483
2017060711 104.015
2017060712 105.289
2017060713 105.531
2017060714 107.657
2017060715 110.091
2017060716 115.041
2017060717 113.623
2017060718 110.181
2017060719 111.37
2017060720 111.253
2017060721 112.998
2017060722 114.815
2017060723 114.774
