2017060100 19.518
2017060101 14.485
2017060102 12.261
2017060103 11.73
2017060104 9.707
2017060105 8.378
2017060106 7.7
2017060107 5.553
2017060108 4.862
2017060109 4.242
2017060110 2.8
2017060111 2.501
2017060112 2.454
2017060113 3.118
2017060114 3.503
2017060115 4.008
2017060116 11.144
2017060117 17.354
2017060118 24.204
2017060119 32.834
2017060120 36.779
2017060121 39.809
2017060122 40.906
2017060123 38.826
2017060200 29.752
2017060201 30.417
2017060202 31.448
2017060203 32.414
2017060204 26.221
2017060205 18.981
2017060206 16.117
2017060207 16.547
2017060208 16.564
2017060209 15.67
2017060210 7.106
2017060211 5.99
2017060212 5.282
2017060213 5.42
2017060214 5.615
2017060215 6.271
2017060216 15.368
2017060217 25.068
2017060218 36.474
2017060219 45.994
2017060220 46.903
2017060221 43.477
2017060222 39.599
2017060223 36.879
2017060300 38.522
2017060301 30.407
2017060302 25.918
2017060303 26.181
2017060304 25.656
2017060305 22.012
2017060306 20.114
2017060307 20.798
2017060308 21.51
2017060309 21.402
2017060310 11.138
2017060311 8.014
2017060312 6.074
2017060313 5.33
2017060314 5.247
2017060315 5.43
2017060316 12.621
2017060317 19.371
2017060318 24.374
2017060319 26.942
2017060320 27.253
2017060321 25.63
2017060322 24.737
2017060323 25.924
2017060400 17.147
2017060401 15.52
2017060402 14.652
2017060403 13.701
2017060404 9.485
2017060405 7.912
2017060406 7.61
2017060407 5.017
2017060408 4.227
2017060409 3.422
2017060410 3.609
2017060411 3.612
2017060412 3.865
2017060413 6.286
2017060414 8.946
2017060415 11.807
2017060416 17.86
2017060417 25.074
2017060418 33.466
2017060419 29.327
2017060420 21.783
2017060421 17.171
2017060422 12.679
2017060423 10.97
2017060500 14.468
2017060501 16.305
2017060502 18.611
2017060503 21.342
2017060504 21.756
2017060505 20.815
2017060506 19.912
2017060507 16.92
2017060508 17.055
2017060509 17.018
2017060510 15.643
2017060511 15.369
2017060512 14.27
2017060513 12.936
2017060514 10.227
2017060515 9.066
2017060516 12.914
2017060517 16.536
2017060518 19.531
2017060519 21.768
2017060520 21.047
2017060521 21.4
2017060522 26.443
2017060523 29.371
2017060600 21.848
2017060601 23.484
2017060602 22.865
2017060603 21.559
2017060604 15.16
2017060605 12.507
2017060606 11.824
2017060607 6.248
2017060608 4.571
2017060609 3.538
2017060610 3.004
2017060611 2.721
2017060612 2.606
2017060613 2.783
2017060614 3.078
2017060615 3.505
2017060616 7.893
2017060617 10.405
2017060618 13.468
2017060619 12.299
2017060620 10.547
2017060621 10.034
2017060622 10.343
2017060623 9.611
2017060700 9.088
2017060701 8.985
2017060702 8.22
2017060703 7.99
2017060704 6.15
2017060705 5.824
2017060706 6.009
2017060707 5.069
2017060708 4.397
2017060709 3.439
2017060710 2.66
2017060711 2.291
2017060712 2.261
2017060713 2.3
2017060714 2.488
2017060715 2.795
2017060716 7.768
2017060717 10.459
2017060718 12.178
2017060719 16.096
2017060720 17.082
2017060721 16.911
2017060722 15.425
2017060723 15.856
2017060800 15.167
2017060801 15.173
2017060802 14.316
2017060803 13.159
2017060804 8.847
2017060805 8.02
2017060806 8.274
2017060807 5.072
2017060808 4.35
2017060809 3.823
2017060810 3.255
2017060811 2.742
2017060812 2.381
2017060813 2.218
2017060814 2.309
2017060815 2.518
2017060816 8.656
2017060817 11.914
2017060818 15.093
2017060819 21.189
2017060820 28.872
2017060821 39.984
2017060822 41.499
2017060823 35.676
2017060900 31.243
2017060901 24.525
2017060902 19.897
2017060903 16.608
2017060904 11.206
2017060905 10.533
2017060906 10.744
2017060907 5.694
2017060908 5.339
2017060909 4.669
2017060910 3.293
2017060911 2.84
2017060912 2.655
2017060913 3.311
2017060914 3.523
2017060915 3.966
2017060916 8.961
2017060917 11.986
2017060918 13.945
2017060919 19.467
2017060920 21.73
2017060921 23.237
2017060922 22.027
2017060923 16.698
2017061000 14.225
2017061001 14.626
2017061002 16.032
2017061003 17.046
2017061004 15.872
2017061005 13.974
2017061006 13.44
2017061007 12.025
2017061008 10.184
2017061009 7.297
2017061010 3.826
2017061011 2.895
2017061012 2.68
2017061013 3.357
2017061014 3.794
2017061015 4.362
2017061016 10.49
2017061017 15.737
2017061018 20.79
2017061019 27.279
2017061020 31.016
2017061021 33.154
2017061022 32.529
2017061023 29.488
