2017060100 119.471
2017060101 125.876
2017060102 132.158
2017060103 137.417
2017060104 137.273
2017060105 143.381
2017060106 150.075
2017060107 131.04
2017060108 126.989
2017060109 126.34
2017060110 121.31
2017060111 119.442
2017060112 118.222
2017060113 118.122
2017060114 117.94
2017060115 116.575
2017060116 124.566
2017060117 133.607
2017060118 137.05
2017060119 141.964
2017060120 162.992
2017060121 174.261
2017060122 164.825
2017060123 155.558
2017060200 164.237
2017060201 170.887
2017060202 174.273
2017060203 176.356
2017060204 172.094
2017060205 173.043
2017060206 175.61
2017060207 136.434
2017060208 136.153
2017060209 135.162
2017060210 133.134
2017060211 128.562
2017060212 119.461
2017060213 109.856
2017060214 106.9
2017060215 106.228
2017060216 111.293
2017060217 115.083
2017060218 118.723
2017060219 122.417
2017060220 125.832
2017060221 128.698
2017060222 132.894
2017060223 137.131
2017060300 163.029
2017060301 163.618
2017060302 167.095
2017060303 169.754
2017060304 167.786
2017060305 168.193
2017060306 172.178
2017060307 150.43
2017060308 143.941
2017060309 139.069
2017060310 134.968
2017060311 134.096
2017060312 135.249
2017060313 131.898
2017060314 132.158
2017060315 131.003
2017060316 135.398
2017060317 139.406
2017060318 143.17
2017060319 145.08
2017060320 144.274
2017060321 139.779
2017060322 135.418
2017060323 131.953
2017060400 131.286
2017060401 135.429
2017060402 138.575
2017060403 138.937
2017060404 140.935
2017060405 144.151
2017060406 147.669
2017060407 137.059
2017060408 133.149
2017060409 134.33
2017060410 135.117
2017060411 132.278
2017060412 124.312
2017060413 121.659
2017060414 122.49
2017060415 122.203
2017060416 119.827
2017060417 114.373
2017060418 111.114
2017060419 109.749
2017060420 108.759
2017060421 109.061
2017060422 110.76
2017060423 116.038
2017060500 162.608
2017060501 165.16
2017060502 163.408
2017060503 160.636
2017060504 158.283
2017060505 159.885
2017060506 162.434
2017060507 159.14
2017060508 161.297
2017060509 162.612
2017060510 141.469
2017060511 138.152
2017060512 134.22
2017060513 128.422
2017060514 121.506
2017060515 116.02
2017060516 119.127
2017060517 123.691
2017060518 126.934
2017060519 126.186
2017060520 119.288
2017060521 114.362
2017060522 110.689
2017060523 112.596
2017060600 116.7
2017060601 120.058
2017060602 122.549
2017060603 121.675
2017060604 113.539
2017060605 111.776
2017060606 113.959
2017060607 104.551
2017060608 102.716
2017060609 101.651
2017060610 97.027
2017060611 96.466
2017060612 95.902
2017060613 95.247
2017060614 94.831
2017060615 94.704
2017060616 97.027
2017060617 128.545
2017060618 128.467
2017060619 113.04
2017060620 105.768
2017060621 102.415
2017060622 102.558
2017060623 102.276
2017060700 103.079
2017060701 104.278
2017060702 105.428
2017060703 106.848
2017060704 105.344
2017060705 106.389
2017060706 108.272
2017060707 110.024
2017060708 109.401
2017060709 109.168
2017060710 105.427
2017060711 105.504
2017060712 105.466
2017060713 105.408
2017060714 105.082
2017060715 104.486
2017060716 109.965
2017060717 113.352
2017060718 113.754
2017060719 112.789
2017060720 113.562
2017060721 118.266
2017060722 121.441
2017060723 119.003
