2017060100 222.398
2017060101 190.718
2017060102 174.326
2017060103 169.038
2017060104 158.001
2017060105 159.373
2017060106 163.417
2017060107 150.763
2017060108 152.29
2017060109 155.411
2017060110 146.247
2017060111 145.248
2017060112 145.104
2017060113 149.331
2017060114 148.481
2017060115 145.828
2017060116 188.195
2017060117 209.697
2017060118 224.239
2017060119 253.092
2017060120 276.377
2017060121 300.233
2017060122 314.679
2017060123 306.781
2017060200 245.28
2017060201 251.72
2017060202 268.107
2017060203 289.48
2017060204 311.045
2017060205 340.498
2017060206 380.291
2017060207 310.793
2017060208 306.771
2017060209 301.928
2017060210 204.095
2017060211 206.983
2017060212 213.2
2017060213 228.178
2017060214 233.725
2017060215 231.263
2017060216 287.091
2017060217 336.294
2017060218 379.605
2017060219 404.321
2017060220 403.9
2017060221 402.408
2017060222 405.515
2017060223 398.813
2017060300 306.701
2017060301 260.123
2017060302 237.397
2017060303 242.863
2017060304 260.132
2017060305 280.523
2017060306 312.503
2017060307 280.78
2017060308 292.545
2017060309 304.292
2017060310 228.611
2017060311 222.717
2017060312 221.373
2017060313 221.577
2017060314 219.194
2017060315 212.511
2017060316 252.47
2017060317 279.078
2017060318 291.917
2017060319 287.577
2017060320 278.375
2017060321 264.161
2017060322 246.59
2017060323 237.455
2017060400 168.465
2017060401 163.384
2017060402 165.762
2017060403 169.803
2017060404 155.918
2017060405 154.432
2017060406 158.587
2017060407 142.929
2017060408 146.577
2017060409 150.035
2017060410 153.922
2017060411 154.02
2017060412 154.451
2017060413 192.794
2017060414 232.497
2017060415 261.405
2017060416 295.771
2017060417 310.472
2017060418 301.977
2017060419 245.477
2017060420 204.985
2017060421 179.528
2017060422 157.913
2017060423 150.561
2017060500 194.78
2017060501 203.705
2017060502 209.772
2017060503 215.626
2017060504 214.477
2017060505 226.519
2017060506 242.764
2017060507 204.727
2017060508 202.059
2017060509 206.688
2017060510 207.286
2017060511 217.949
2017060512 222.285
2017060513 226.889
2017060514 216.446
2017060515 210.784
2017060516 233.731
2017060517 242.203
2017060518 236.54
2017060519 224.778
2017060520 212.774
2017060521 211.409
2017060522 223.504
2017060523 227.565
2017060600 182.614
2017060601 181.906
2017060602 178.899
2017060603 179.732
2017060604 169.802
2017060605 174.833
2017060606 185.092
2017060607 143.727
2017060608 137.894
2017060609 132.056
2017060610 135.0
2017060611 134.733
2017060612 132.243
2017060613 131.483
2017060614 132.818
2017060615 134.312
2017060616 155.252
2017060617 158.357
2017060618 159.881
2017060619 150.008
2017060620 146.846
2017060621 160.418
2017060622 165.65
2017060623 155.182
2017060700 137.76
2017060701 143.157
2017060702 142.18
2017060703 145.788
2017060704 140.685
2017060705 146.494
2017060706 154.609
2017060707 150.814
2017060708 148.71
2017060709 145.627
2017060710 140.796
2017060711 136.284
2017060712 135.752
2017060713 133.972
2017060714 132.435
2017060715 131.09
2017060716 165.17
2017060717 176.803
2017060718 172.798
2017060719 187.477
2017060720 188.768
2017060721 181.178
2017060722 167.192
2017060723 164.674
