2017060100 133.689
2017060101 132.257
2017060102 130.416
2017060103 128.755
2017060104 126.201
2017060105 127.9
2017060106 132.256
2017060107 136.313
2017060108 144.123
2017060109 152.76
2017060110 151.628
2017060111 146.579
2017060112 140.692
2017060113 141.242
2017060114 143.447
2017060115 145.625
2017060116 146.772
2017060117 150.376
2017060118 153.69
2017060119 158.998
2017060120 160.888
2017060121 160.798
2017060122 162.653
2017060123 163.547
2017060200 153.549
2017060201 150.669
2017060202 149.084
2017060203 146.476
2017060204 144.621
2017060205 146.232
2017060206 151.57
2017060207 144.312
2017060208 145.206
2017060209 144.679
2017060210 144.515
2017060211 145.36
2017060212 145.901
2017060213 148.124
2017060214 149.863
2017060215 151.615
2017060216 153.757
2017060217 157.962
2017060218 161.485
2017060219 167.591
2017060220 170.525
2017060221 170.702
2017060222 168.752
2017060223 165.83
2017060300 139.139
2017060301 137.132
2017060302 133.881
2017060303 130.4
2017060304 128.493
2017060305 128.667
2017060306 132.338
2017060307 126.885
2017060308 124.856
2017060309 123.001
2017060310 118.985
2017060311 117.691
2017060312 117.642
2017060313 121.335
2017060314 125.096
2017060315 122.645
2017060316 123.596
2017060317 125.934
2017060318 126.803
2017060319 130.239
2017060320 133.192
2017060321 134.738
2017060322 134.406
2017060323 133.291
2017060400 117.421
2017060401 116.956
2017060402 117.971
2017060403 120.126
2017060404 121.506
2017060405 122.844
2017060406 125.539
2017060407 129.529
2017060408 133.68
2017060409 137.824
2017060410 136.961
2017060411 138.309
2017060412 142.047
2017060413 149.23
2017060414 148.761
2017060415 146.035
2017060416 159.813
2017060417 151.002
2017060418 128.639
2017060419 122.697
2017060420 118.683
2017060421 117.217
2017060422 118.24
2017060423 118.868
2017060500 126.438
2017060501 126.023
2017060502 127.123
2017060503 128.905
2017060504 125.806
2017060505 123.365
2017060506 123.139
2017060507 128.079
2017060508 133.898
2017060509 140.03
2017060510 144.635
2017060511 148.008
2017060512 139.057
2017060513 125.503
2017060514 117.32
2017060515 112.514
2017060516 114.83
2017060517 118.716
2017060518 122.52
2017060519 123.4
2017060520 125.567
2017060521 127.422
2017060522 129.552
2017060523 130.684
2017060600 146.299
2017060601 140.208
2017060602 135.876
2017060603 131.1
2017060604 122.181
2017060605 117.818
2017060606 118.016
2017060607 110.543
2017060608 104.934
2017060609 103.636
2017060610 103.588
2017060611 103.131
2017060612 103.29
2017060613 103.707
2017060614 103.064
2017060615 102.509
2017060616 103.554
2017060617 103.307
2017060618 102.641
2017060619 102.883
2017060620 103.16
2017060621 103.367
2017060622 103.567
2017060623 103.378
2017060700 103.2
2017060701 102.392
2017060702 101.211
2017060703 100.041
2017060704 98.446
2017060705 98.936
2017060706 101.165
2017060707 100.868
2017060708 101.295
2017060709 101.851
2017060710 102.681
2017060711 103.541
2017060712 104.241
2017060713 102.807
2017060714 102.593
2017060715 102.033
2017060716 105.179
2017060717 105.454
2017060718 104.008
2017060719 106.679
2017060720 108.152
2017060721 110.212
2017060722 112.489
2017060723 115.141
