2017060100 12.212
2017060101 12.149
2017060102 12.309
2017060103 12.433
2017060104 10.239
2017060105 9.845
2017060106 10.911
2017060107 5.791
2017060108 5.494
2017060109 4.574
2017060110 2.893
2017060111 2.605
2017060112 2.594
2017060113 3.02
2017060114 3.294
2017060115 3.885
2017060116 17.311
2017060117 28.387
2017060118 35.694
2017060119 37.084
2017060120 35.749
2017060121 27.761
2017060122 23.802
2017060123 22.525
2017060200 23.642
2017060201 25.441
2017060202 28.218
2017060203 28.469
2017060204 21.065
2017060205 18.122
2017060206 19.981
2017060207 10.894
2017060208 11.473
2017060209 10.731
2017060210 5.885
2017060211 4.789
2017060212 4.195
2017060213 3.851
2017060214 3.874
2017060215 4.344
2017060216 16.914
2017060217 22.374
2017060218 23.295
2017060219 24.502
2017060220 24.904
2017060221 26.511
2017060222 30.787
2017060223 35.894
2017060300 30.604
2017060301 25.032
2017060302 20.107
2017060303 17.148
2017060304 14.495
2017060305 13.68
2017060306 15.168
2017060307 10.549
2017060308 9.814
2017060309 8.365
2017060310 8.38
2017060311 7.668
2017060312 6.899
2017060313 5.507
2017060314 5.983
2017060315 7.225
2017060316 18.572
2017060317 30.432
2017060318 42.137
2017060319 51.532
2017060320 53.489
2017060321 49.884
2017060322 44.674
2017060323 40.49
2017060400 20.566
2017060401 15.327
2017060402 13.207
2017060403 12.761
2017060404 9.542
2017060405 8.54
2017060406 9.16
2017060407 6.67
2017060408 5.948
2017060409 4.96
2017060410 3.336
2017060411 2.73
2017060412 2.643
2017060413 2.936
2017060414 3.029
2017060415 3.338
2017060416 7.186
2017060417 8.235
2017060418 8.145
2017060419 8.954
2017060420 8.641
2017060421 8.809
2017060422 10.666
2017060423 11.197
2017060500 10.426
2017060501 12.122
2017060502 12.632
2017060503 13.156
2017060504 12.124
2017060505 11.475
2017060506 12.691
2017060507 9.766
2017060508 9.236
2017060509 7.526
2017060510 4.272
2017060511 3.578
2017060512 3.496
2017060513 4.022
2017060514 4.563
2017060515 5.627
2017060516 16.956
2017060517 23.292
2017060518 23.966
2017060519 26.045
2017060520 24.771
2017060521 24.335
2017060522 20.487
2017060523 16.929
2017060600 12.75
2017060601 12.772
2017060602 12.496
2017060603 12.21
2017060604 10.428
2017060605 10.065
2017060606 11.789
2017060607 6.189
2017060608 4.986
2017060609 3.824
2017060610 3.086
2017060611 2.736
2017060612 2.809
2017060613 3.472
2017060614 3.848
2017060615 4.485
2017060616 7.938
2017060617 8.559
2017060618 8.419
2017060619 8.402
2017060620 7.735
2017060621 7.224
2017060622 8.307
2017060623 7.851
2017060700 6.157
2017060701 5.795
2017060702 5.913
2017060703 5.951
2017060704 5.332
2017060705 5.07
2017060706 5.497
2017060707 4.641
2017060708 4.034
2017060709 3.272
2017060710 2.463
2017060711 2.402
2017060712 2.465
2017060713 3.309
2017060714 3.495
2017060715 3.951
2017060716 7.187
2017060717 8.18
2017060718 8.376
2017060719 8.096
2017060720 8.435
2017060721 8.341
2017060722 9.472
2017060723 8.934
2017060800 10.23
2017060801 10.579
2017060802 11.072
2017060803 11.415
2017060804 9.456
2017060805 8.456
2017060806 8.703
2017060807 4.451
2017060808 3.995
2017060809 3.321
2017060810 2.578
2017060811 2.412
2017060812 2.434
2017060813 3.048
2017060814 3.32
2017060815 3.925
2017060816 17.395
2017060817 27.177
2017060818 36.269
2017060819 37.864
2017060820 36.378
2017060821 34.467
2017060822 37.303
2017060823 38.051
2017060900 23.928
2017060901 24.448
2017060902 24.663
2017060903 25.027
2017060904 22.665
2017060905 19.825
2017060906 21.629
2017060907 15.945
2017060908 17.02
2017060909 14.947
2017060910 4.29
2017060911 3.722
2017060912 3.65
2017060913 3.505
2017060914 3.744
2017060915 4.37
2017060916 15.419
2017060917 20.757
2017060918 21.986
2017060919 26.378
2017060920 26.99
2017060921 21.645
2017060922 14.082
2017060923 12.661
2017061000 12.756
2017061001 11.238
2017061002 10.729
2017061003 10.755
2017061004 10.715
2017061005 9.677
2017061006 9.62
2017061007 8.423
2017061008 6.912
2017061009 5.126
2017061010 3.784
2017061011 3.261
2017061012 3.241
2017061013 2.542
2017061014 2.845
2017061015 3.523
2017061016 9.098
2017061017 11.577
2017061018 12.824
2017061019 13.63
2017061020 13.154
2017061021 12.963
2017061022 12.96
2017061023 12.39
