2017060100 21.732
2017060101 20.091
2017060102 17.605
2017060103 15.011
2017060104 12.181
2017060105 9.58
2017060106 8.391
2017060107 7.244
2017060108 6.24
2017060109 4.329
2017060110 1.994
2017060111 1.445
2017060112 1.357
2017060113 2.121
2017060114 2.66
2017060115 3.376
2017060116 6.822
2017060117 10.392
2017060118 11.949
2017060119 12.559
2017060120 13.349
2017060121 14.255
2017060122 15.933
2017060123 17.612
2017060200 19.329
2017060201 17.672
2017060202 15.576
2017060203 13.634
2017060204 11.804
2017060205 9.58
2017060206 9.157
2017060207 7.736
2017060208 6.897
2017060209 5.149
2017060210 2.32
2017060211 1.992
2017060212 1.968
2017060213 3.222
2017060214 3.614
2017060215 4.046
2017060216 5.593
2017060217 7.783
2017060218 9.599
2017060219 13.372
2017060220 14.638
2017060221 16.244
2017060222 17.526
2017060223 17.3
2017060300 17.297
2017060301 15.023
2017060302 11.656
2017060303 9.559
2017060304 8.365
2017060305 7.119
2017060306 6.884
2017060307 5.653
2017060308 4.751
2017060309 3.66
2017060310 2.065
2017060311 1.765
2017060312 1.683
2017060313 2.2
2017060314 2.437
2017060315 2.841
2017060316 4.935
2017060317 5.786
2017060318 6.247
2017060319 9.716
2017060320 12.23
2017060321 14.089
2017060322 15.702
2017060323 16.56
2017060400 13.445
2017060401 13.164
2017060402 11.618
2017060403 10.103
2017060404 8.213
2017060405 7.007
2017060406 6.595
2017060407 5.58
2017060408 5.429
2017060409 4.218
2017060410 3.489
2017060411 2.825
2017060412 2.376
2017060413 2.857
2017060414 3.538
2017060415 4.627
2017060416 5.123
2017060417 5.813
2017060418 6.27
2017060419 7.496
2017060420 8.176
2017060421 8.912
2017060422 8.489
2017060423 7.763
2017060500 13.161
2017060501 13.809
2017060502 13.486
2017060503 12.484
2017060504 11.137
2017060505 9.296
2017060506 8.743
2017060507 8.189
2017060508 7.586
2017060509 5.849
2017060510 3.398
2017060511 2.151
2017060512 1.824
2017060513 2.203
2017060514 2.522
2017060515 2.988
2017060516 4.709
2017060517 6.922
2017060518 9.43
2017060519 11.997
2017060520 12.299
2017060521 11.673
2017060522 10.161
2017060523 8.174
2017060600 20.665
2017060601 16.623
2017060602 12.554
2017060603 9.539
2017060604 6.515
2017060605 5.324
2017060606 5.297
2017060607 4.481
2017060608 3.959
2017060609 3.083
2017060610 1.995
2017060611 1.44
2017060612 1.289
2017060613 1.118
2017060614 1.175
2017060615 1.35
2017060616 2.377
2017060617 2.868
2017060618 3.271
2017060619 4.772
2017060620 5.156
2017060621 5.176
2017060622 5
2017060623 4.545
2017060700 5.433
2017060701 4.653
2017060702 4.047
2017060703 3.728
2017060704 3.286
2017060705 3.089
2017060706 3.169
2017060707 2.479
2017060708 2.185
2017060709 1.824
2017060710 1.277
2017060711 1.012
2017060712 0.94
2017060713 1.115
2017060714 1.279
2017060715 1.539
2017060716 3.191
2017060717 4.511
2017060718 5.879
2017060719 9.464
2017060720 11.301
2017060721 12.921
2017060722 15.659
2017060723 16.634
2017060800 15.692
2017060801 15.528
2017060802 14.893
2017060803 13.484
2017060804 11.139
2017060805 7.226
2017060806 6.036
2017060807 5.788
2017060808 6.43
2017060809 6.604
2017060810 5.371
2017060811 4.08
2017060812 3.158
2017060813 2.671
2017060814 2.48
2017060815 2.567
2017060816 5.981
2017060817 8.941
2017060818 11.551
2017060819 14.061
2017060820 14.538
2017060821 14.174
2017060822 13.39
2017060823 12.229
2017060900 12.016
2017060901 12.101
2017060902 11.401
2017060903 10.308
2017060904 8.647
2017060905 7.079
2017060906 7.241
2017060907 6.183
2017060908 4.86
2017060909 3.54
2017060910 1.922
2017060911 1.779
2017060912 1.758
2017060913 2.346
2017060914 2.709
2017060915 3.144
2017060916 6.537
2017060917 10.38
2017060918 15.047
2017060919 20.439
2017060920 23.106
2017060921 22.914
2017060922 21.716
2017060923 21.829
2017061000 20.029
2017061001 20.285
2017061002 20.243
2017061003 20.131
2017061004 18.728
2017061005 13.934
2017061006 11.196
2017061007 10.192
2017061008 9.477
2017061009 7.617
2017061010 2.585
2017061011 1.71
2017061012 1.461
2017061013 1.386
2017061014 1.43
2017061015 1.605
2017061016 4.889
2017061017 8.154
2017061018 10.419
2017061019 11.281
2017061020 11.244
2017061021 10.991
2017061022 10.816
2017061023 9.889
