2017060100 122.967
2017060101 126.456
2017060102 128.492
2017060103 130.188
2017060104 128.742
2017060105 127.701
2017060106 127.166
2017060107 113.51
2017060108 113.149
2017060109 113.555
2017060110 113.058
2017060111 113.991
2017060112 114.983
2017060113 114.255
2017060114 113.728
2017060115 112.844
2017060116 117.266
2017060117 118.518
2017060118 119.351
2017060119 121.844
2017060120 125.619
2017060121 128.719
2017060122 131.134
2017060123 132.48
2017060200 125.267
2017060201 124.734
2017060202 124.391
2017060203 124.608
2017060204 124.844
2017060205 126.539
2017060206 130.462
2017060207 120.631
2017060208 120.344
2017060209 120.289
2017060210 114.303
2017060211 113.694
2017060212 113.299
2017060213 111.934
2017060214 111.58
2017060215 111.662
2017060216 119.356
2017060217 120.739
2017060218 117.778
2017060219 115.844
2017060220 116.633
2017060221 119.681
2017060222 124.325
2017060223 128.901
2017060300 133.885
2017060301 133.735
2017060302 133.956
2017060303 134.585
2017060304 134.941
2017060305 136.127
2017060306 139.845
2017060307 135.042
2017060308 137.634
2017060309 139.755
2017060310 120.74
2017060311 122.377
2017060312 123.112
2017060313 125.754
2017060314 126.091
2017060315 125.391
2017060316 131.799
2017060317 134.655
2017060318 132.571
2017060319 128.427
2017060320 123.776
2017060321 120.678
2017060322 120.211
2017060323 120.565
2017060400 113.093
2017060401 112.586
2017060402 111.639
2017060403 110.837
2017060404 109.147
2017060405 110.507
2017060406 112.841
2017060407 111.609
2017060408 110.643
2017060409 109.782
2017060410 108.348
2017060411 106.27
2017060412 107.292
2017060413 106.741
2017060414 108.992
2017060415 110.096
2017060416 118.172
2017060417 129.355
2017060418 130.785
2017060419 119.945
2017060420 111.411
2017060421 110.702
2017060422 112.849
2017060423 119.849
2017060500 140.714
2017060501 134.307
2017060502 129.169
2017060503 125.621
2017060504 119.944
2017060505 120.342
2017060506 122.882
2017060507 121.317
2017060508 121.55
2017060509 122.309
2017060510 124.715
2017060511 126.886
2017060512 127.656
2017060513 126.407
2017060514 122.214
2017060515 119.017
2017060516 120.826
2017060517 121.646
2017060518 120.249
2017060519 118.482
2017060520 116.06
2017060521 114.96
2017060522 115.684
2017060523 116.896
2017060600 122.759
2017060601 122.513
2017060602 122.806
2017060603 122.853
2017060604 120.88
2017060605 120.627
2017060606 121.916
2017060607 117.636
2017060608 118.265
2017060609 121.695
2017060610 126.206
2017060611 133.424
2017060612 135.712
2017060613 133.445
2017060614 129.414
2017060615 127.078
2017060616 125.508
2017060617 122.041
2017060618 117.263
2017060619 113.943
2017060620 111.906
2017060621 109.363
2017060622 108.297
2017060623 107.748
2017060700 112.191
2017060701 109.125
2017060702 107.054
2017060703 104.93
2017060704 102.594
2017060705 101.838
2017060706 101.97
2017060707 100.536
2017060708 98.993
2017060709 98.232
2017060710 98.486
2017060711 99.531
2017060712 101.721
2017060713 103.418
2017060714 104.698
2017060715 105.03
2017060716 106.436
2017060717 105.189
2017060718 104.64
2017060719 107.337
2017060720 109.483
2017060721 110.808
2017060722 110.992
2017060723 111.196
