2017060100 7.756
2017060101 8.819
2017060102 9.121
2017060103 9.627
2017060104 8.707
2017060105 8.335
2017060106 8.468
2017060107 5.541
2017060108 4.386
2017060109 3.402
2017060110 2.166
2017060111 1.707
2017060112 1.592
2017060113 1.707
2017060114 1.894
2017060115 2.141
2017060116 5.122
2017060117 8.886
2017060118 11.92
2017060119 15.206
2017060120 22.955
2017060121 26.685
2017060122 23.968
2017060123 21.822
2017060200 25.346
2017060201 26.995
2017060202 26.411
2017060203 24.604
2017060204 19
2017060205 13.118
2017060206 11.486
2017060207 7.717
2017060208 6.609
2017060209 5.177
2017060210 3.67
2017060211 2.448
2017060212 1.7
2017060213 1.25
2017060214 1.232
2017060215 1.362
2017060216 3.354
2017060217 4.867
2017060218 6.635
2017060219 8.323
2017060220 8.684
2017060221 7.485
2017060222 7.731
2017060223 9.395
2017060300 18.411
2017060301 17.748
2017060302 16.572
2017060303 15.013
2017060304 15.292
2017060305 13.031
2017060306 11.947
2017060307 8.527
2017060308 5.851
2017060309 3.685
2017060310 2.654
2017060311 2.18
2017060312 2.04
2017060313 1.729
2017060314 1.828
2017060315 2.018
2017060316 4.06
2017060317 6.118
2017060318 8.406
2017060319 10.072
2017060320 10.244
2017060321 9.536
2017060322 9.194
2017060323 9.085
2017060400 6.73
2017060401 7.467
2017060402 7.733
2017060403 7.49
2017060404 6.567
2017060405 6.014
2017060406 5.791
2017060407 4.526
2017060408 3.038
2017060409 1.964
2017060410 1.462
2017060411 1.332
2017060412 1.186
2017060413 1.166
2017060414 1.196
2017060415 1.274
2017060416 2.044
2017060417 2.401
2017060418 2.674
2017060419 2.979
2017060420 3.205
2017060421 3.588
2017060422 4.173
2017060423 4.884
2017060500 9.589
2017060501 10.486
2017060502 10.794
2017060503 11.129
2017060504 10.54
2017060505 9.768
2017060506 9.249
2017060507 7.775
2017060508 6.933
2017060509 5.332
2017060510 2.647
2017060511 1.877
2017060512 1.575
2017060513 1.577
2017060514 1.524
2017060515 1.582
2017060516 3.081
2017060517 4.258
2017060518 5.397
2017060519 6.507
2017060520 6.099
2017060521 5.938
2017060522 5.062
2017060523 4.643
2017060600 6.978
2017060601 7.084
2017060602 7.006
2017060603 6.57
2017060604 5.106
2017060605 4.704
2017060606 4.654
2017060607 2.69
2017060608 1.866
2017060609 1.44
2017060610 1.138
2017060611 1.088
2017060612 1.069
2017060613 1.153
2017060614 1.234
2017060615 1.378
2017060616 1.968
2017060617 3.216
2017060618 3.405
2017060619 3.159
2017060620 2.9
2017060621 2.707
2017060622 3.142
2017060623 3.231
2017060700 2.937
2017060701 2.851
2017060702 3.132
2017060703 3.417
2017060704 2.914
2017060705 2.738
2017060706 2.769
2017060707 2.799
2017060708 2.289
2017060709 1.858
2017060710 1.121
2017060711 0.985
2017060712 0.952
2017060713 1.027
2017060714 1.132
2017060715 1.294
2017060716 3.177
2017060717 4.835
2017060718 5.816
2017060719 5.546
2017060720 5.121
2017060721 5.731
2017060722 6.397
2017060723 6.169
2017060800 6.198
2017060801 6.85
2017060802 7.472
2017060803 7.805
2017060804 5.952
2017060805 4.824
2017060806 4.364
2017060807 2.087
2017060808 2.193
2017060809 2.204
2017060810 1.948
2017060811 1.568
2017060812 1.375
2017060813 1.403
2017060814 1.464
2017060815 1.628
2017060816 4.069
2017060817 6.017
2017060818 7.052
2017060819 7.803
2017060820 8.119
2017060821 8.621
2017060822 9.169
2017060823 9.204
2017060900 9.385
2017060901 9.684
2017060902 9.555
2017060903 9.114
2017060904 7.682
2017060905 6.39
2017060906 6.068
2017060907 5.623
2017060908 4.852
2017060909 3.694
2017060910 2.084
2017060911 1.822
2017060912 1.666
2017060913 1.692
2017060914 1.694
2017060915 1.792
2017060916 3.308
2017060917 4.31
2017060918 5.229
2017060919 7.073
2017060920 8.854
2017060921 11.14
2017060922 9.347
2017060923 8.149
2017061000 10.02
2017061001 10.502
2017061002 9.633
2017061003 9.042
2017061004 8.166
2017061005 7.482
2017061006 6.581
2017061007 5.222
2017061008 3.957
2017061009 2.354
2017061010 1.333
2017061011 1.154
2017061012 1.122
2017061013 1.162
2017061014 1.261
2017061015 1.506
2017061016 2.784
2017061017 4.315
2017061018 5.615
2017061019 7.012
2017061020 6.919
2017061021 6.536
2017061022 6.721
2017061023 7.24
