2017060100 143.65
2017060101 148.601
2017060102 152.537
2017060103 158.205
2017060104 153.4
2017060105 157.653
2017060106 164.317
2017060107 134.52
2017060108 135.383
2017060109 135.304
2017060110 125.447
2017060111 123.984
2017060112 123.226
2017060113 125.213
2017060114 125.852
2017060115 127.865
2017060116 165.684
2017060117 192.277
2017060118 200.007
2017060119 195.94
2017060120 195.464
2017060121 179.783
2017060122 166.378
2017060123 159.796
2017060200 162.104
2017060201 166.798
2017060202 178.674
2017060203 187.655
2017060204 177.559
2017060205 185.483
2017060206 200.548
2017060207 155.735
2017060208 162.736
2017060209 167.785
2017060210 149.689
2017060211 147.395
2017060212 143.369
2017060213 136.856
2017060214 132.909
2017060215 131.338
2017060216 160.869
2017060217 165.063
2017060218 157.818
2017060219 156.352
2017060220 158.375
2017060221 164.601
2017060222 176.002
2017060223 188.567
2017060300 187.279
2017060301 179.917
2017060302 172.113
2017060303 162.232
2017060304 152.193
2017060305 158.491
2017060306 175.119
2017060307 158.232
2017060308 161.305
2017060309 164.581
2017060310 172.654
2017060311 177.192
2017060312 176.717
2017060313 164.564
2017060314 161.362
2017060315 160.619
2017060316 188.67
2017060317 215.28
2017060318 237.073
2017060319 251.133
2017060320 248.786
2017060321 231.601
2017060322 213.041
2017060323 198.413
2017060400 150.125
2017060401 146.771
2017060402 156.153
2017060403 160.544
2017060404 144.238
2017060405 138.916
2017060406 143.222
2017060407 141.96
2017060408 142.374
2017060409 144.288
2017060410 140.329
2017060411 140.176
2017060412 143.04
2017060413 142.622
2017060414 136.077
2017060415 132.512
2017060416 143.806
2017060417 142.597
2017060418 135.929
2017060419 132.805
2017060420 130.602
2017060421 130.357
2017060422 133.791
2017060423 136.482
2017060500 165.366
2017060501 166.471
2017060502 163.433
2017060503 161.829
2017060504 159.292
2017060505 162.422
2017060506 172.701
2017060507 164.532
2017060508 165.642
2017060509 163.496
2017060510 144.735
2017060511 145.247
2017060512 146.765
2017060513 147.13
2017060514 147.237
2017060515 149.635
2017060516 180.253
2017060517 189.143
2017060518 177.386
2017060519 173.155
2017060520 166.428
2017060521 164.092
2017060522 151.941
2017060523 142.078
2017060600 133.445
2017060601 134.979
2017060602 136.003
2017060603 136.225
2017060604 131.378
2017060605 133.028
2017060606 142.588
2017060607 120.868
2017060608 118.233
2017060609 116.533
2017060610 111.454
2017060611 108.074
2017060612 108.387
2017060613 110.128
2017060614 112.585
2017060615 117.944
2017060616 162.845
2017060617 167.312
2017060618 148.514
2017060619 132.699
2017060620 122.618
2017060621 117.981
2017060622 118.527
2017060623 116.415
2017060700 115.498
2017060701 116.336
2017060702 118.371
2017060703 119.656
2017060704 118.853
2017060705 121.495
2017060706 127.38
2017060707 126.666
2017060708 125.305
2017060709 122.647
2017060710 118.86
2017060711 119.357
2017060712 119.543
2017060713 123.025
2017060714 122.132
2017060715 122.743
2017060716 131.695
2017060717 131.239
2017060718 129.426
2017060719 128.116
2017060720 129.666
2017060721 131.284
2017060722 133.38
2017060723 129.467
