2017060100 122.9
2017060101 124.741
2017060102 125.661
2017060103 124.185
2017060104 116.593
2017060105 113.946
2017060106 112.063
2017060107 104.866
2017060108 104.859
2017060109 105.137
2017060110 105.472
2017060111 106.78
2017060112 107.824
2017060113 107.689
2017060114 108.264
2017060115 109.418
2017060116 113.393
2017060117 116.209
2017060118 117.034
2017060119 116.478
2017060120 114.919
2017060121 113.32
2017060122 113.195
2017060123 113.24
2017060200 119.178
2017060201 118.263
2017060202 118.191
2017060203 119.072
2017060204 120.431
2017060205 122.112
2017060206 124.949
2017060207 116.848
2017060208 118.331
2017060209 119.329
2017060210 112.373
2017060211 111.922
2017060212 111.619
2017060213 110.221
2017060214 109.826
2017060215 109.735
2017060216 113.748
2017060217 117.517
2017060218 119.846
2017060219 121.213
2017060220 122.858
2017060221 125.595
2017060222 127.839
2017060223 128.956
2017060300 119.15
2017060301 122.378
2017060302 126.204
2017060303 129.008
2017060304 129.394
2017060305 130.07
2017060306 132.708
2017060307 117.909
2017060308 118.466
2017060309 120.325
2017060310 114.322
2017060311 113.663
2017060312 112.535
2017060313 110.833
2017060314 109.148
2017060315 108.004
2017060316 110.662
2017060317 113.916
2017060318 117.396
2017060319 120.213
2017060320 121.678
2017060321 122.591
2017060322 123.937
2017060323 126.549
2017060400 145.851
2017060401 132.419
2017060402 121.812
2017060403 113.715
2017060404 107.025
2017060405 108.305
2017060406 111.567
2017060407 110.595
2017060408 112.102
2017060409 112.136
2017060410 106.073
2017060411 101.843
2017060412 100.824
2017060413 104.713
2017060414 109.809
2017060415 114.697
2017060416 112.389
2017060417 109.516
2017060418 108.347
2017060419 110.228
2017060420 114.453
2017060421 117.145
2017060422 117.951
2017060423 117.662
2017060500 120.151
2017060501 118.477
2017060502 118.41
2017060503 119.19
2017060504 120.191
2017060505 121.613
2017060506 123.732
2017060507 119.501
2017060508 119.252
2017060509 118.613
2017060510 117.638
2017060511 116.284
2017060512 114.933
2017060513 112.983
2017060514 111.158
2017060515 109.537
2017060516 111.579
2017060517 113.705
2017060518 114.082
2017060519 115.66
2017060520 118.198
2017060521 124.386
2017060522 133.88
2017060523 142.874
2017060600 124.741
2017060601 126.648
2017060602 125.85
2017060603 123.289
2017060604 121.319
2017060605 123.258
2017060606 126.936
2017060607 113.224
2017060608 111.699
2017060609 109.834
2017060610 110.341
2017060611 107.665
2017060612 105.349
2017060613 110.696
2017060614 118.249
2017060615 121.707
2017060616 118.264
2017060617 115.435
2017060618 121.256
2017060619 125.642
2017060620 121.235
2017060621 114.448
2017060622 110.328
2017060623 106.81
2017060700 117.098
2017060701 112.843
2017060702 109.044
2017060703 107.24
2017060704 105.743
2017060705 104.452
2017060706 104.022
2017060707 102.614
2017060708 101.164
2017060709 99.747
2017060710 99.366
2017060711 99.002
2017060712 99.624
2017060713 101.034
2017060714 102.647
2017060715 102.842
2017060716 104.117
2017060717 104.12
2017060718 105.115
2017060719 106.083
2017060720 106.174
2017060721 106.204
2017060722 106.332
2017060723 106.317
