2017060100 7.395
2017060101 7.134
2017060102 6.513
2017060103 5.727
2017060104 4.626
2017060105 3.804
2017060106 3.326
2017060107 3.053
2017060108 2.799
2017060109 2.078
2017060110 1.308
2017060111 0.956
2017060112 0.834
2017060113 0.897
2017060114 1.03
2017060115 1.271
2017060116 1.755
2017060117 2.496
2017060118 3.538
2017060119 5.244
2017060120 6.196
2017060121 6.357
2017060122 6.563
2017060123 6.866
2017060200 8.061
2017060201 7.947
2017060202 7.428
2017060203 6.587
2017060204 5.952
2017060205 5.031
2017060206 4.529
2017060207 4.185
2017060208 3.411
2017060209 2.268
2017060210 1.644
2017060211 1.346
2017060212 1.241
2017060213 1.335
2017060214 1.415
2017060215 1.6
2017060216 2.122
2017060217 2.882
2017060218 3.831
2017060219 5.648
2017060220 6.994
2017060221 7.905
2017060222 8.361
2017060223 8.476
2017060300 6.555
2017060301 6.345
2017060302 5.853
2017060303 5.328
2017060304 4.835
2017060305 4.041
2017060306 3.486
2017060307 2.773
2017060308 2.079
2017060309 1.408
2017060310 1.05
2017060311 0.914
2017060312 0.873
2017060313 0.947
2017060314 1.043
2017060315 1.151
2017060316 1.645
2017060317 2.283
2017060318 3.007
2017060319 4.413
2017060320 5.541
2017060321 6.259
2017060322 6.831
2017060323 6.936
2017060400 6.402
2017060401 6.565
2017060402 6.873
2017060403 7.232
2017060404 7.133
2017060405 5.998
2017060406 4.95
2017060407 4.388
2017060408 3.864
2017060409 2.966
2017060410 1.863
2017060411 1.235
2017060412 1.058
2017060413 1.135
2017060414 1.247
2017060415 1.416
2017060416 1.594
2017060417 1.938
2017060418 2.34
2017060419 3.238
2017060420 3.775
2017060421 4.203
2017060422 4.885
2017060423 5.365
2017060500 6.849
2017060501 6.92
2017060502 6.883
2017060503 6.762
2017060504 5.872
2017060505 4.699
2017060506 3.932
2017060507 3.725
2017060508 3.296
2017060509 2.524
2017060510 1.627
2017060511 1.193
2017060512 0.953
2017060513 0.861
2017060514 0.904
2017060515 1.04
2017060516 1.706
2017060517 2.571
2017060518 3.682
2017060519 4.673
2017060520 5.584
2017060521 6.319
2017060522 7.225
2017060523 7.846
2017060600 5.563
2017060601 5.166
2017060602 4.859
2017060603 4.453
2017060604 3.749
2017060605 3.563
2017060606 3.483
2017060607 2.126
2017060608 1.357
2017060609 0.996
2017060610 0.736
2017060611 0.59
2017060612 0.551
2017060613 0.605
2017060614 0.615
2017060615 0.671
2017060616 0.885
2017060617 1.08
2017060618 1.311
2017060619 1.862
2017060620 2.169
2017060621 2.271
2017060622 2.439
2017060623 2.64
2017060700 3.124
2017060701 3.182
2017060702 3.123
2017060703 3.103
2017060704 2.647
2017060705 2.345
2017060706 2.04
2017060707 1.479
2017060708 1.149
2017060709 0.876
2017060710 0.714
2017060711 0.617
2017060712 0.576
2017060713 0.516
2017060714 0.542
2017060715 0.598
2017060716 1.094
2017060717 1.441
2017060718 1.761
2017060719 2.973
2017060720 3.713
2017060721 4.321
2017060722 5.027
2017060723 5.758
2017060800 6.722
2017060801 6.726
2017060802 6.492
2017060803 6.072
2017060804 5.154
2017060805 3.68
2017060806 2.856
2017060807 2.371
2017060808 2.317
2017060809 1.909
2017060810 1.397
2017060811 1.082
2017060812 0.945
2017060813 1.06
2017060814 1.159
2017060815 1.375
2017060816 2.061
2017060817 2.8
2017060818 3.591
2017060819 4.844
2017060820 5.493
2017060821 5.72
2017060822 5.942
2017060823 6.149
2017060900 6.213
2017060901 6.103
2017060902 5.909
2017060903 5.232
2017060904 4.389
2017060905 3.989
2017060906 3.789
2017060907 3.492
2017060908 2.607
2017060909 1.697
2017060910 1.154
2017060911 1.035
2017060912 1.037
2017060913 1.292
2017060914 1.468
2017060915 1.651
2017060916 2.369
2017060917 3.39
2017060918 4.765
2017060919 6.557
2017060920 7.496
2017060921 7.658
2017060922 7.813
2017060923 7.762
2017061000 6.804
2017061001 6.806
2017061002 6.806
2017061003 6.598
2017061004 6.111
2017061005 4.878
2017061006 4.046
2017061007 3.974
2017061008 2.962
2017061009 1.73
2017061010 0.928
2017061011 0.756
2017061012 0.702
2017061013 0.666
2017061014 0.701
2017061015 0.793
2017061016 1.678
2017061017 2.521
2017061018 3.561
2017061019 4.907
2017061020 5.977
2017061021 6.687
2017061022 7.302
2017061023 7.659
