2017060100 202.238
2017060101 189.732
2017060102 178.559
2017060103 169.588
2017060104 159.369
2017060105 159.704
2017060106 167.162
2017060107 162.334
2017060108 163.731
2017060109 162.248
2017060110 141.128
2017060111 130.145
2017060112 125.431
2017060113 133.084
2017060114 140.631
2017060115 147.811
2017060116 175.065
2017060117 197.617
2017060118 200.496
2017060119 193.426
2017060120 188.714
2017060121 186.753
2017060122 190.768
2017060123 199.829
2017060200 264.402
2017060201 242.483
2017060202 224.029
2017060203 210.334
2017060204 202.614
2017060205 203.612
2017060206 217.064
2017060207 196.206
2017060208 197.001
2017060209 192.131
2017060210 154.522
2017060211 155.734
2017060212 158.295
2017060213 161.557
2017060214 157.758
2017060215 159.164
2017060216 182.331
2017060217 198.808
2017060218 201.695
2017060219 210.465
2017060220 213.222
2017060221 217.169
2017060222 219.348
2017060223 216.017
2017060300 218.31
2017060301 201.435
2017060302 184.12
2017060303 172.767
2017060304 166.765
2017060305 166.568
2017060306 176.562
2017060307 166.255
2017060308 161.435
2017060309 157.15
2017060310 138.498
2017060311 138.887
2017060312 139.744
2017060313 147.04
2017060314 152.42
2017060315 156.224
2017060316 159.888
2017060317 144.454
2017060318 135.659
2017060319 147.318
2017060320 158.335
2017060321 165.41
2017060322 169.507
2017060323 170.035
2017060400 151.969
2017060401 150.716
2017060402 148.547
2017060403 143.686
2017060404 130.595
2017060405 131.116
2017060406 140.43
2017060407 146.976
2017060408 154.686
2017060409 152.381
2017060410 147.698
2017060411 141.147
2017060412 139.256
2017060413 145.164
2017060414 155.982
2017060415 169.842
2017060416 187.833
2017060417 210.475
2017060418 213.45
2017060419 213.053
2017060420 200.908
2017060421 186.475
2017060422 163.845
2017060423 154.197
2017060500 177.984
2017060501 179.891
2017060502 181.562
2017060503 182.754
2017060504 182.551
2017060505 188.546
2017060506 200.137
2017060507 197.343
2017060508 203.934
2017060509 206.844
2017060510 190.106
2017060511 169.625
2017060512 162.131
2017060513 175.329
2017060514 186.714
2017060515 191.952
2017060516 196.061
2017060517 196.984
2017060518 197.383
2017060519 195.968
2017060520 185.148
2017060521 172.348
2017060522 160.224
2017060523 148.88
2017060600 339.506
2017060601 306.438
2017060602 269.957
2017060603 235.595
2017060604 191.733
2017060605 169.418
2017060606 163.58
2017060607 153.537
2017060608 147.133
2017060609 138.642
2017060610 127.921
2017060611 121.002
2017060612 117.77
2017060613 114.08
2017060614 113.696
2017060615 114.124
2017060616 119.822
2017060617 119.49
2017060618 117.621
2017060619 120.717
2017060620 120.529
2017060621 119.169
2017060622 116.964
2017060623 114.188
2017060700 115.898
2017060701 112.204
2017060702 109.562
2017060703 107.605
2017060704 104.726
2017060705 106.657
2017060706 112.572
2017060707 111.941
2017060708 111.935
2017060709 112.228
2017060710 110.516
2017060711 109.219
2017060712 108.822
2017060713 110.616
2017060714 113.919
2017060715 116.518
2017060716 127.358
2017060717 131.963
2017060718 132.255
2017060719 141.479
2017060720 147.89
2017060721 154.701
2017060722 166.19
2017060723 169.747
