2017060100 5.394
2017060101 5.057
2017060102 4.635
2017060103 4.218
2017060104 3.714
2017060105 2.984
2017060106 2.668
2017060107 2.318
2017060108 1.643
2017060109 1.031
2017060110 0.762
2017060111 0.672
2017060112 0.651
2017060113 0.637
2017060114 0.704
2017060115 0.844
2017060116 1.585
2017060117 2.484
2017060118 3.726
2017060119 5.161
2017060120 5.943
2017060121 6.537
2017060122 7.072
2017060123 7.482
2017060200 6.036
2017060201 6.066
2017060202 5.886
2017060203 5.561
2017060204 4.798
2017060205 3.653
2017060206 3.124
2017060207 1.895
2017060208 1.183
2017060209 0.765
2017060210 0.644
2017060211 0.604
2017060212 0.603
2017060213 0.598
2017060214 0.689
2017060215 0.853
2017060216 1.619
2017060217 2.513
2017060218 3.731
2017060219 5.254
2017060220 6.105
2017060221 6.794
2017060222 7.352
2017060223 7.609
2017060300 5.762
2017060301 5.605
2017060302 5.214
2017060303 4.74
2017060304 4.296
2017060305 3.465
2017060306 2.988
2017060307 2.097
2017060308 1.509
2017060309 1.055
2017060310 0.849
2017060311 0.756
2017060312 0.732
2017060313 0.734
2017060314 0.817
2017060315 0.995
2017060316 1.685
2017060317 2.432
2017060318 3.351
2017060319 4.412
2017060320 5.004
2017060321 5.423
2017060322 5.854
2017060323 5.952
2017060400 6.21
2017060401 5.996
2017060402 5.508
2017060403 4.882
2017060404 4.234
2017060405 3.314
2017060406 2.849
2017060407 2.362
2017060408 1.739
2017060409 1.144
2017060410 0.734
2017060411 0.596
2017060412 0.561
2017060413 0.597
2017060414 0.654
2017060415 0.738
2017060416 1.002
2017060417 1.306
2017060418 1.709
2017060419 2.747
2017060420 3.382
2017060421 3.794
2017060422 4.162
2017060423 4.436
2017060500 5.306
2017060501 5.05
2017060502 4.921
2017060503 4.805
2017060504 4.316
2017060505 3.628
2017060506 3.298
2017060507 2.905
2017060508 2.335
2017060509 1.591
2017060510 1.054
2017060511 0.764
2017060512 0.665
2017060513 0.605
2017060514 0.657
2017060515 0.789
2017060516 1.461
2017060517 2.231
2017060518 3.327
2017060519 4.838
2017060520 5.695
2017060521 6.331
2017060522 6.848
2017060523 7.225
2017060600 7.849
2017060601 7.991
2017060602 7.92
2017060603 7.567
2017060604 6.204
2017060605 3.984
2017060606 3.092
2017060607 2.479
2017060608 1.568
2017060609 0.979
2017060610 0.602
2017060611 0.49
2017060612 0.463
2017060613 0.553
2017060614 0.62
2017060615 0.748
2017060616 1.177
2017060617 1.749
2017060618 2.596
2017060619 3.933
2017060620 4.732
2017060621 5.296
2017060622 5.933
2017060623 6.32
2017060700 6.102
2017060701 6.023
2017060702 5.708
2017060703 5.296
2017060704 4.5
2017060705 3.197
2017060706 2.658
2017060707 2.445
2017060708 2.15
2017060709 1.656
2017060710 0.956
2017060711 0.636
2017060712 0.511
2017060713 0.558
2017060714 0.612
2017060715 0.725
2017060716 1.349
2017060717 1.871
2017060718 2.884
2017060719 3.778
2017060720 4.207
2017060721 4.495
2017060722 4.884
2017060723 5.161
2017060800 6.895
2017060801 6.907
2017060802 6.807
2017060803 6.65
2017060804 5.808
2017060805 4.111
2017060806 3.378
2017060807 2.917
2017060808 2.54
2017060809 2.048
2017060810 1.311
2017060811 0.932
2017060812 0.748
2017060813 0.735
2017060814 0.759
2017060815 0.852
2017060816 1.535
2017060817 2.285
2017060818 3.223
2017060819 4.351
2017060820 5.021
2017060821 5.672
2017060822 6.29
2017060823 6.719
2017060900 6.574
2017060901 6.504
2017060902 6.11
2017060903 5.577
2017060904 4.711
2017060905 3.433
2017060906 2.882
2017060907 2.625
2017060908 2.125
2017060909 1.564
2017060910 1.185
2017060911 1.03
2017060912 0.974
2017060913 0.916
2017060914 0.944
2017060915 1.053
2017060916 1.604
2017060917 2.268
2017060918 3.025
2017060919 4.181
2017060920 4.887
2017060921 5.407
2017060922 5.904
2017060923 6.182
2017061000 7.006
2017061001 6.905
2017061002 6.522
2017061003 5.963
2017061004 5.06
2017061005 3.84
2017061006 3.255
2017061007 2.571
2017061008 2.006
2017061009 1.401
2017061010 0.999
2017061011 0.778
2017061012 0.68
2017061013 0.643
2017061014 0.694
2017061015 0.809
2017061016 1.514
2017061017 2.23
2017061018 3.1
2017061019 4.02
2017061020 4.43
2017061021 4.724
2017061022 5.035
2017061023 5.321
