2017060100 11.075
2017060101 11.482
2017060102 10.747
2017060103 9.67
2017060104 5.903
2017060105 4.236
2017060106 3.374
2017060107 2.311
2017060108 2.089
2017060109 1.758
2017060110 1.226
2017060111 1.089
2017060112 1.055
2017060113 1.102
2017060114 1.179
2017060115 1.312
2017060116 3.261
2017060117 5.012
2017060118 6.656
2017060119 8.912
2017060120 9.792
2017060121 10.459
2017060122 11.535
2017060123 12.422
2017060200 15.48
2017060201 16.136
2017060202 16.07
2017060203 15.138
2017060204 10.938
2017060205 7.201
2017060206 6.39
2017060207 8.029
2017060208 7.662
2017060209 6.881
2017060210 3.473
2017060211 2.704
2017060212 2.21
2017060213 1.972
2017060214 1.821
2017060215 1.8
2017060216 4.301
2017060217 6.412
2017060218 8.382
2017060219 9.886
2017060220 11.086
2017060221 12.504
2017060222 13.246
2017060223 13.673
2017060300 13.182
2017060301 13.688
2017060302 13.661
2017060303 13.079
2017060304 10.616
2017060305 7.825
2017060306 6.516
2017060307 6.635
2017060308 5.53
2017060309 3.945
2017060310 1.932
2017060311 1.606
2017060312 1.491
2017060313 1.47
2017060314 1.463
2017060315 1.53
2017060316 3.218
2017060317 4.606
2017060318 6.126
2017060319 7.917
2017060320 9.116
2017060321 10.315
2017060322 11.399
2017060323 12.084
2017060400 10.839
2017060401 13.39
2017060402 14.018
2017060403 12.965
2017060404 11.271
2017060405 9.69
2017060406 8.481
2017060407 5.164
2017060408 3.112
2017060409 1.931
2017060410 1.284
2017060411 1.245
2017060412 1.266
2017060413 1.978
2017060414 2.366
2017060415 2.82
2017060416 3.88
2017060417 4.795
2017060418 5.647
2017060419 5.712
2017060420 5.29
2017060421 5.02
2017060422 5.582
2017060423 6.424
2017060500 15.172
2017060501 16.246
2017060502 16.932
2017060503 16.375
2017060504 12.554
2017060505 8.848
2017060506 7.009
2017060507 3.479
2017060508 2.17
2017060509 1.417
2017060510 1.139
2017060511 1.081
2017060512 1.067
2017060513 1.16
2017060514 1.266
2017060515 1.457
2017060516 2.847
2017060517 3.829
2017060518 4.782
2017060519 6.146
2017060520 6.773
2017060521 7.813
2017060522 9.219
2017060523 10.397
2017060600 8.587
2017060601 8.87
2017060602 8.628
2017060603 8.157
2017060604 6.744
2017060605 5.342
2017060606 4.635
2017060607 3.589
2017060608 2.869
2017060609 2.131
2017060610 1.9
2017060611 1.431
2017060612 1.387
2017060613 1.45
2017060614 1.733
2017060615 2.123
2017060616 2.978
2017060617 4.13
2017060618 5.162
2017060619 6.267
2017060620 6.651
2017060621 6.82
2017060622 7.115
2017060623 7.008
2017060700 6.392
2017060701 5.959
2017060702 5.529
2017060703 5.478
2017060704 4.84
2017060705 4.196
2017060706 3.615
2017060707 2.51
2017060708 1.761
2017060709 1.35
2017060710 0.986
2017060711 0.915
2017060712 0.9
2017060713 1.098
2017060714 1.173
2017060715 1.332
2017060716 2.546
2017060717 3.598
2017060718 4.801
2017060719 6.587
2017060720 7.27
2017060721 7.673
2017060722 7.666
2017060723 8.367
2017060800 7.118
2017060801 7.538
2017060802 8.059
2017060803 8.376
2017060804 6.401
2017060805 5.298
2017060806 4.842
2017060807 2.961
2017060808 2.341
2017060809 2.028
2017060810 1.607
2017060811 1.402
2017060812 1.245
2017060813 1.294
2017060814 1.34
2017060815 1.464
2017060816 3.898
2017060817 6.199
2017060818 8.25
2017060819 9.798
2017060820 9.868
2017060821 9.77
2017060822 10.157
2017060823 10.282
2017060900 7.246
2017060901 8.441
2017060902 9.943
2017060903 11.915
2017060904 11.169
2017060905 8.794
2017060906 7.729
2017060907 5.774
2017060908 5.671
2017060909 5.309
2017060910 3.231
2017060911 2.094
2017060912 1.559
2017060913 1.682
2017060914 1.821
2017060915 2.148
2017060916 3.929
2017060917 5.884
2017060918 7.586
2017060919 7.944
2017060920 7.259
2017060921 8.088
2017060922 9.285
2017060923 8.788
2017061000 14.207
2017061001 12.954
2017061002 11.534
2017061003 10.49
2017061004 8.693
2017061005 7.453
2017061006 6.331
2017061007 4.722
2017061008 3.5
2017061009 2.322
2017061010 1.279
2017061011 1.141
2017061012 1.167
2017061013 1.244
2017061014 1.365
2017061015 1.501
2017061016 3.491
2017061017 4.876
2017061018 5.785
2017061019 6.632
2017061020 7.585
2017061021 8.459
2017061022 8.465
2017061023 8.131
