2017060100 11.243
2017060101 11.284
2017060102 11.49
2017060103 11.698
2017060104 9.831
2017060105 9.404
2017060106 10.396
2017060107 5.813
2017060108 5.556
2017060109 4.642
2017060110 2.843
2017060111 2.514
2017060112 2.487
2017060113 2.926
2017060114 3.195
2017060115 3.756
2017060116 16.345
2017060117 26.82
2017060118 33.81
2017060119 35.472
2017060120 35.634
2017060121 29.863
2017060122 25.511
2017060123 23.647
2017060200 24.024
2017060201 25.38
2017060202 27.927
2017060203 28.157
2017060204 21.246
2017060205 18.032
2017060206 19.672
2017060207 11.068
2017060208 11.602
2017060209 10.9
2017060210 6.169
2017060211 4.834
2017060212 4.059
2017060213 3.618
2017060214 3.605
2017060215 4.015
2017060216 15.416
2017060217 19.567
2017060218 19.636
2017060219 20.437
2017060220 20.996
2017060221 22.951
2017060222 28.073
2017060223 33.417
2017060300 26.772
2017060301 21.501
2017060302 17.233
2017060303 14.879
2017060304 13.025
2017060305 12.673
2017060306 14.316
2017060307 9.994
2017060308 9.141
2017060309 7.698
2017060310 8.021
2017060311 7.412
2017060312 6.611
2017060313 5.038
2017060314 5.444
2017060315 6.638
2017060316 17.241
2017060317 28.503
2017060318 39.993
2017060319 49.157
2017060320 50.054
2017060321 45.241
2017060322 39.559
2017060323 35.022
2017060400 18.595
2017060401 14.107
2017060402 12.133
2017060403 11.55
2017060404 8.702
2017060405 7.875
2017060406 8.482
2017060407 6.034
2017060408 5.292
2017060409 4.378
2017060410 3.029
2017060411 2.537
2017060412 2.5
2017060413 2.772
2017060414 2.85
2017060415 3.141
2017060416 6.735
2017060417 7.754
2017060418 7.771
2017060419 8.652
2017060420 8.414
2017060421 8.638
2017060422 10.44
2017060423 10.903
2017060500 10.033
2017060501 11.583
2017060502 12.013
2017060503 12.435
2017060504 11.578
2017060505 10.996
2017060506 12.162
2017060507 9.38
2017060508 9.049
2017060509 7.55
2017060510 4.4
2017060511 3.636
2017060512 3.493
2017060513 3.911
2017060514 4.371
2017060515 5.354
2017060516 15.914
2017060517 21.787
2017060518 22.184
2017060519 24.187
2017060520 23.021
2017060521 22.899
2017060522 19.375
2017060523 16.033
2017060600 12.244
2017060601 12.287
2017060602 11.87
2017060603 11.442
2017060604 9.696
2017060605 9.314
2017060606 10.837
2017060607 5.638
2017060608 4.473
2017060609 3.438
2017060610 2.889
2017060611 2.606
2017060612 2.693
2017060613 3.223
2017060614 3.589
2017060615 4.188
2017060616 7.33
2017060617 7.919
2017060618 7.771
2017060619 7.745
2017060620 7.067
2017060621 6.589
2017060622 7.67
2017060623 7.257
2017060700 5.643
2017060701 5.327
2017060702 5.485
2017060703 5.542
2017060704 5.026
2017060705 4.764
2017060706 5.168
2017060707 4.352
2017060708 3.848
2017060709 3.146
2017060710 2.365
2017060711 2.29
2017060712 2.341
2017060713 3.132
2017060714 3.306
2017060715 3.733
2017060716 6.732
2017060717 7.685
2017060718 7.884
2017060719 7.623
2017060720 8.056
2017060721 8.086
2017060722 9.035
2017060723 8.394
2017060800 9.375
2017060801 9.822
2017060802 10.408
2017060803 10.743
2017060804 8.857
2017060805 7.907
2017060806 8.145
2017060807 4.225
2017060808 3.875
2017060809 3.255
2017060810 2.509
2017060811 2.313
2017060812 2.299
2017060813 2.879
2017060814 3.136
2017060815 3.719
2017060816 16.125
2017060817 25.044
2017060818 33.256
2017060819 34.642
2017060820 32.797
2017060821 30.842
2017060822 33.456
2017060823 33.883
2017060900 22.823
2017060901 22.97
2017060902 22.494
2017060903 22.39
2017060904 20.322
2017060905 17.947
2017060906 19.756
2017060907 14.849
2017060908 16.11
2017060909 14.349
2017060910 4.108
2017060911 3.532
2017060912 3.46
2017060913 3.376
2017060914 3.608
2017060915 4.183
2017060916 14.353
2017060917 19.156
2017060918 20.348
2017060919 24.78
2017060920 25.399
2017060921 19.996
2017060922 12.772
2017060923 11.872
2017061000 12.559
2017061001 11.043
2017061002 10.344
2017061003 10.397
2017061004 10.336
2017061005 9.218
2017061006 9.012
2017061007 7.951
2017061008 6.522
2017061009 4.814
2017061010 3.457
2017061011 2.993
2017061012 2.973
2017061013 2.351
2017061014 2.643
2017061015 3.274
2017061016 8.233
2017061017 10.379
2017061018 11.529
2017061019 12.332
2017061020 11.972
2017061021 11.838
2017061022 12.109
2017061023 11.778
