2017060100 125.787
2017060101 124.867
2017060102 124.152
2017060103 123.288
2017060104 122.428
2017060105 122.126
2017060106 122.425
2017060107 116.08
2017060108 115.087
2017060109 115.569
2017060110 117.726
2017060111 122.652
2017060112 128.469
2017060113 129.038
2017060114 128.087
2017060115 126.794
2017060116 128.832
2017060117 130.823
2017060118 132.355
2017060119 133.436
2017060120 133.808
2017060121 133.671
2017060122 133.335
2017060123 132.976
2017060200 132.726
2017060201 133.732
2017060202 135.131
2017060203 136.819
2017060204 137.71
2017060205 138.865
2017060206 140.675
2017060207 127.148
2017060208 121.486
2017060209 116.352
2017060210 116.436
2017060211 117.397
2017060212 116.611
2017060213 113.445
2017060214 115.151
2017060215 118.265
2017060216 122.373
2017060217 126.008
2017060218 128.866
2017060219 130.876
2017060220 131.957
2017060221 132.27
2017060222 131.744
2017060223 130.481
2017060300 120.874
2017060301 122.63
2017060302 125.381
2017060303 128.291
2017060304 131.305
2017060305 133.495
2017060306 135.883
2017060307 132.952
2017060308 133.068
2017060309 133.363
2017060310 134.951
2017060311 136.831
2017060312 138.13
2017060313 138.468
2017060314 138.731
2017060315 138.867
2017060316 140.339
2017060317 141.639
2017060318 142.476
2017060319 143.242
2017060320 143.644
2017060321 143.418
2017060322 143.662
2017060323 143.04
2017060400 122.771
2017060401 123.896
2017060402 126.088
2017060403 129.103
2017060404 132.164
2017060405 134.622
2017060406 136.952
2017060407 133.654
2017060408 131.624
2017060409 128.193
2017060410 122.759
2017060411 120.429
2017060412 119.093
2017060413 120.029
2017060414 121.826
2017060415 122.483
2017060416 122.863
2017060417 122.43
2017060418 122.404
2017060419 123.516
2017060420 123.801
2017060421 122.993
2017060422 121.948
2017060423 121.085
2017060500 106.93
2017060501 106.259
2017060502 106.188
2017060503 106.854
2017060504 106.836
2017060505 107.6
2017060506 109.13
2017060507 109.42
2017060508 111.337
2017060509 113.951
2017060510 115.669
2017060511 114.558
2017060512 111.01
2017060513 106.139
2017060514 104.016
2017060515 102.478
2017060516 103.835
2017060517 105.07
2017060518 106.316
2017060519 107.859
2017060520 109.178
2017060521 110.132
2017060522 110.308
2017060523 110.386
2017060600 109.522
2017060601 109.673
2017060602 109.606
2017060603 108.91
2017060604 108.154
2017060605 107.517
2017060606 107.126
2017060607 99.303
2017060608 95.604
2017060609 94.238
2017060610 93.47
2017060611 93.629
2017060612 93.545
2017060613 93.734
2017060614 92.533
2017060615 91.502
2017060616 92.077
2017060617 92.386
2017060618 95.495
2017060619 97.949
2017060620 99.866
2017060621 101.511
2017060622 103.0
2017060623 103.982
2017060700 99.996
2017060701 100.944
2017060702 101.781
2017060703 102.609
2017060704 103.427
2017060705 104.437
2017060706 105.955
2017060707 106.68
2017060708 107.352
2017060709 107.877
2017060710 106.186
2017060711 104.998
2017060712 103.976
2017060713 104.652
2017060714 106.304
2017060715 108.592
2017060716 111.241
2017060717 112.635
2017060718 113.6
2017060719 113.434
2017060720 113.434
2017060721 113.184
2017060722 112.761
2017060723 112.137
