2017060100 nan
2017060101 nan
2017060102 1.794e-07
2017060103 1.8988e-07
2017060104 2.3065e-07
2017060105 2.8424e-07
2017060106 2.1085e-07
2017060107 2.0735e-07
2017060108 1.5843e-07
2017060109 1.6425e-07
2017060110 1.7124e-07
2017060111 1.6192e-07
2017060112 nan
2017060113 1.5027e-07
2017060114 1.5377e-07
2017060115 1.4445e-07
2017060116 1.2232e-07
2017060117 1.0601e-07
2017060118 1.1067e-07
2017060119 1.0834e-07
2017060120 1.4794e-07
2017060121 1.8638e-07
2017060122 2.9472e-07
2017060123 2.2483e-07
2017060200 2.0735e-07
2017060201 nan
2017060202 1.8871e-07
2017060203 1.7008e-07
2017060204 1.4678e-07
2017060205 2.1318e-07
2017060206 2.3182e-07
2017060207 4.1354e-07
2017060208 2.6443e-07
2017060209 2.2366e-07
2017060210 2.1201e-07
2017060211 nan
2017060212 1.7008e-07
2017060213 1.7124e-07
2017060214 1.6076e-07
2017060215 1.759e-07
2017060216 1.759e-07
2017060217 1.4911e-07
2017060218 1.5144e-07
2017060219 1.6192e-07
2017060220 1.8755e-07
2017060221 2.9589e-07
2017060222 2.7841e-07
2017060223 2.6327e-07
2017060300 2.8074e-07
2017060301 nan
2017060302 2.3997e-07
2017060303 2.3881e-07
2017060304 2.2133e-07
2017060305 1.9687e-07
2017060306 2.1434e-07
2017060307 2.3298e-07
2017060308 2.3065e-07
2017060309 2.3182e-07
2017060310 nan
2017060311 2.0153e-07
2017060312 1.6542e-07
2017060313 1.7474e-07
2017060314 1.8871e-07
2017060315 1.7823e-07
2017060316 1.7474e-07
2017060317 2.0153e-07
2017060318 2.1784e-07
2017060319 2.1318e-07
2017060320 2.2366e-07
2017060321 2.4812e-07
2017060322 2.0036e-07
2017060323 2.0502e-07
2017060400 1.992e-07
2017060401 nan
2017060402 2.0153e-07
2017060403 2.0968e-07
2017060404 2.2017e-07
2017060405 2.225e-07
2017060406 2.225e-07
2017060407 2.19e-07
2017060408 2.1434e-07
2017060409 nan
2017060410 2.3298e-07
2017060411 2.423e-07
2017060412 2.3415e-07
2017060413 2.2949e-07
2017060414 2.2599e-07
2017060415 2.3182e-07
2017060416 2.1434e-07
2017060417 2.0502e-07
2017060418 2.0852e-07
2017060419 1.9803e-07
2017060420 1.9221e-07
2017060421 1.7707e-07
2017060422 1.7707e-07
2017060423 1.6891e-07
2017060500 1.6775e-07
2017060501 nan
2017060502 1.8522e-07
2017060503 1.6542e-07
2017060504 1.759e-07
2017060505 2.5278e-07
2017060506 2.7958e-07
2017060507 2.5861e-07
2017060508 nan
2017060509 2.3881e-07
2017060510 2.1318e-07
2017060511 1.9337e-07
2017060512 1.7124e-07
2017060513 1.7357e-07
2017060514 1.6076e-07
2017060515 1.5377e-07
2017060516 1.5493e-07
2017060517 1.6775e-07
2017060518 1.8522e-07
2017060519 2.0153e-07
2017060520 2.225e-07
2017060521 2.4579e-07
2017060522 2.1318e-07
2017060523 1.8755e-07
2017060600 1.7241e-07
2017060601 nan
2017060602 1.7357e-07
2017060603 1.6425e-07
2017060604 1.7707e-07
2017060605 2.3648e-07
2017060606 2.9006e-07
2017060607 nan
2017060608 3.0171e-07
2017060609 2.5628e-07
2017060610 2.3764e-07
2017060611 2.3182e-07
2017060612 2.4113e-07
2017060613 2.5628e-07
2017060614 2.889e-07
2017060615 3.9956e-07
2017060616 4.1587e-07
2017060617 3.4714e-07
2017060618 3.4947e-07
2017060619 2.7259e-07
2017060620 2.0502e-07
2017060621 2.0386e-07
2017060622 2.0502e-07
2017060623 1.9104e-07
2017060700 1.8638e-07
2017060701 nan
2017060702 1.9221e-07
2017060703 1.8056e-07
2017060704 1.7008e-07
2017060705 1.7124e-07
2017060706 nan
2017060707 1.6309e-07
2017060708 1.4678e-07
2017060709 1.4911e-07
2017060710 1.4445e-07
2017060711 1.5027e-07
2017060712 1.3163e-07
2017060713 1.3862e-07
2017060714 1.3746e-07
2017060715 1.3396e-07
2017060716 1.1999e-07
2017060717 1.2232e-07
2017060718 1.2115e-07
2017060719 1.293e-07
2017060720 1.3513e-07
2017060721 1.6192e-07
2017060722 1.5377e-07
2017060723 1.3746e-07
2017060800 1.2697e-07
2017060801 nan
2017060802 1.3047e-07
2017060803 1.3513e-07
2017060804 1.5959e-07
2017060805 nan
2017060806 3.0287e-07
2017060807 2.1201e-07
2017060808 1.7357e-07
2017060809 1.7241e-07
2017060810 1.7357e-07
2017060811 1.5959e-07
2017060812 1.5843e-07
2017060813 1.5726e-07
2017060814 1.7124e-07
2017060815 1.6192e-07
2017060816 1.526e-07
2017060817 1.5377e-07
2017060818 1.5377e-07
2017060819 1.5027e-07
2017060820 1.6309e-07
2017060821 2.4579e-07
2017060822 2.19e-07
2017060823 2.1201e-07
2017060900 1.9337e-07
2017060901 nan
2017060902 1.8172e-07
2017060903 1.8405e-07
2017060904 nan
2017060905 2.4929e-07
2017060906 2.4579e-07
2017060907 2.6793e-07
2017060908 2.423e-07
2017060909 1.9454e-07
2017060910 1.8871e-07
2017060911 1.8056e-07
2017060912 1.8988e-07
2017060913 1.9104e-07
2017060914 1.8405e-07
2017060915 2.0619e-07
2017060916 2.0502e-07
2017060917 1.8988e-07
2017060918 1.8871e-07
2017060919 2.0852e-07
2017060920 1.9221e-07
2017060921 2.1551e-07
2017060922 1.8172e-07
2017060923 1.8289e-07
2017061000 1.8638e-07
2017061001 nan
2017061002 1.8289e-07
2017061003 nan
2017061004 2.0386e-07
2017061005 2.1201e-07
2017061006 2.2017e-07
2017061007 2.3298e-07
2017061008 2.19e-07
2017061009 2.1551e-07
2017061010 2.0153e-07
2017061011 1.9221e-07
2017061012 2.0269e-07
2017061013 2.0153e-07
2017061014 1.8172e-07
2017061015 1.7241e-07
2017061016 1.6542e-07
2017061017 1.992e-07
2017061018 1.8289e-07
2017061019 2.2017e-07
2017061020 2.5628e-07
2017061021 2.7725e-07
2017061022 2.7259e-07
2017061023 4.3917e-07
