2017060100 1.041e-08
2017060101 1.067e-08
2017060102 1.067e-08
2017060103 1.03e-08
2017060104 4.86e-09
2017060105 6.59e-09
2017060106 2.372e-08
2017060107 3.098e-08
2017060108 1.926e-08
2017060109 2.053e-08
2017060110 1.752e-08
2017060111 1.669e-08
2017060112 1.486e-08
2017060113 1.261e-08
2017060114 9.9e-09
2017060115 7.79e-09
2017060116 6.89e-09
2017060117 6.88e-09
2017060118 7.48e-09
2017060119 9.04e-09
2017060120 1.472e-08
2017060121 1.931e-08
2017060122 6.61e-09
2017060123 5.28e-09
2017060200 4.34e-09
2017060201 5.76e-09
2017060202 1.111e-08
2017060203 1.216e-08
2017060204 1.203e-08
2017060205 1.61e-08
2017060206 1.616e-08
2017060207 1.541e-08
2017060208 1.585e-08
2017060209 1.655e-08
2017060210 1.681e-08
2017060211 1.641e-08
2017060212 1.014e-08
2017060213 6.91e-09
2017060214 8.21e-09
2017060215 8.11e-09
2017060216 1.106e-08
2017060217 8.65e-09
2017060218 8.32e-09
2017060219 8.55e-09
2017060220 1.188e-08
2017060221 7.06e-09
2017060222 6.66e-09
2017060223 6.78e-09
2017060300 7.95e-09
2017060301 6.75e-09
2017060302 1.504e-08
2017060303 9.77e-09
2017060304 1.031e-08
2017060305 1.558e-08
2017060306 2.842e-08
2017060307 1.88e-08
2017060308 6.44e-09
2017060309 4.99e-09
2017060310 5.46e-09
2017060311 6.93e-09
2017060312 6.26e-09
2017060313 5.87e-09
2017060314 1.139e-08
2017060315 6.43e-09
2017060316 7.38e-09
2017060317 9.66e-09
2017060318 1.339e-08
2017060319 1.187e-08
2017060320 1.116e-08
2017060321 5.59e-09
2017060322 9.52e-09
2017060323 5.81e-09
2017060400 5.47e-09
2017060401 5.17e-09
2017060402 5.32e-09
2017060403 3.01e-09
2017060404 3.21e-09
2017060405 3.31e-09
2017060406 3.58e-09
2017060407 3.05e-09
2017060408 5.06e-09
2017060409 6.08e-09
2017060410 3.55e-09
2017060411 3.26e-09
2017060412 3.19e-09
2017060413 2.58e-09
2017060414 2.86e-09
2017060415 2.68e-09
2017060416 3.33e-09
2017060417 3.91e-09
2017060418 8.87e-09
2017060419 8.05e-09
2017060420 9.04e-09
2017060421 1.064e-08
2017060422 1.41e-08
2017060423 2.127e-08
2017060500 1.688e-08
2017060501 8.25e-09
2017060502 6.25e-09
2017060503 5.5e-09
2017060504 6.62e-09
2017060505 7.47e-09
2017060506 9.04e-09
2017060507 1.158e-08
2017060508 1.161e-08
2017060509 9.05e-09
2017060510 1.33e-08
2017060511 1.352e-08
2017060512 1.24e-08
2017060513 1.106e-08
2017060514 9.08e-09
2017060515 1.167e-08
2017060516 1.222e-08
2017060517 1.042e-08
2017060518 1.006e-08
2017060519 9.3e-09
2017060520 1.562e-08
2017060521 9.97e-09
2017060522 1.574e-08
2017060523 1.678e-08
2017060600 1.352e-08
2017060601 1.938e-08
2017060602 2.181e-08
2017060603 1.784e-08
2017060604 1.572e-08
2017060605 2.03e-08
2017060606 2.271e-08
2017060607 2.016e-08
2017060608 1.578e-08
2017060609 1.342e-08
2017060610 1.191e-08
2017060611 1.323e-08
2017060612 1.207e-08
2017060613 2.058e-08
2017060614 1.559e-08
2017060615 1.036e-08
2017060616 1.026e-08
2017060617 9.05e-09
2017060618 5.61e-09
2017060619 5.52e-09
2017060620 5.92e-09
2017060621 9.77e-09
2017060622 9.29e-09
2017060623 4.11e-09
2017060700 4.51e-09
2017060701 2.92e-09
2017060702 3.23e-09
2017060703 3.59e-09
2017060704 3.83e-09
2017060705 5.64e-09
2017060706 1.272e-08
2017060707 1.648e-08
2017060708 1.322e-08
2017060709 1.097e-08
2017060710 nan
2017060711 9.41e-09
2017060712 6.89e-09
2017060713 8.45e-09
2017060714 7.74e-09
2017060715 8.04e-09
2017060716 9.58e-09
2017060717 9.12e-09
2017060718 9.97e-09
2017060719 9.72e-09
2017060720 1.29e-08
2017060721 1.692e-08
2017060722 3.627e-08
2017060723 2.824e-08
2017060800 2.713e-08
2017060801 3.403e-08
2017060802 2.985e-08
2017060803 1.739e-08
2017060804 1.801e-08
2017060805 3.555e-08
2017060806 4.19e-08
2017060807 3.864e-08
2017060808 2.763e-08
2017060809 1.649e-08
2017060810 1.457e-08
2017060811 1.189e-08
2017060812 7.53e-09
2017060813 6.76e-09
2017060814 1.136e-08
2017060815 1.566e-08
2017060816 1.939e-08
2017060817 1.9e-08
2017060818 1.435e-08
2017060819 1.228e-08
2017060820 1.621e-08
2017060821 2.327e-08
2017060822 3.263e-08
2017060823 3.146e-08
2017060900 4.904e-08
2017060901 4.213e-08
2017060902 3.432e-08
2017060903 3.267e-08
2017060904 3.105e-08
2017060905 3.556e-08
2017060906 5.079e-08
2017060907 4.886e-08
2017060908 5.7e-08
2017060909 3.935e-08
2017060910 1.766e-08
2017060911 1.666e-08
2017060912 9.99e-09
2017060913 1.12e-08
2017060914 9.71e-09
2017060915 1.311e-08
2017060916 1.408e-08
2017060917 1.568e-08
2017060918 7.49e-09
2017060919 9.18e-09
2017060920 1.2e-08
2017060921 1.237e-08
2017060922 1.832e-08
2017060923 2.779e-08
2017061000 1.898e-08
2017061001 9.14e-09
2017061002 6.94e-09
2017061003 6.35e-09
2017061004 6.42e-09
2017061005 1.221e-08
2017061006 1.27e-08
2017061007 1.219e-08
2017061008 8.31e-09
2017061009 8.91e-09
2017061010 5.85e-09
2017061011 4.56e-09
2017061012 5.37e-09
2017061013 6.76e-09
2017061014 9e-09
2017061015 7.15e-09
2017061016 5.72e-09
2017061017 4.8e-09
2017061018 8.17e-09
2017061019 9.87e-09
2017061020 1.162e-08
2017061021 2.089e-08
2017061022 3.681e-08
2017061023 4.922e-08
