2017060100 7.76e-09
2017060101 7.87e-09
2017060102 7.41e-09
2017060103 6.28e-09
2017060104 5.9e-09
2017060105 1.337e-08
2017060106 2.5e-08
2017060107 3.142e-08
2017060108 1.872e-08
2017060109 1.201e-08
2017060110 1.353e-08
2017060111 1.571e-08
2017060112 1.593e-08
2017060113 1.398e-08
2017060114 1.242e-08
2017060115 2.107e-08
2017060116 2.319e-08
2017060117 2.105e-08
2017060118 1.532e-08
2017060119 1.317e-08
2017060120 2.608e-08
2017060121 3.07e-08
2017060122 3.246e-08
2017060123 1.881e-08
2017060200 1.88e-08
2017060201 1.755e-08
2017060202 1.123e-08
2017060203 1.142e-08
2017060204 1.444e-08
2017060205 3.038e-08
2017060206 3.617e-08
2017060207 2.856e-08
2017060208 1.843e-08
2017060209 1.207e-08
2017060210 8.13e-09
2017060211 7.73e-09
2017060212 6.56e-09
2017060213 5.51e-09
2017060214 8.86e-09
2017060215 2.956e-08
2017060216 2.096e-08
2017060217 2.421e-08
2017060218 2.108e-08
2017060219 1.745e-08
2017060220 2.519e-08
2017060221 2.965e-08
2017060222 1.872e-08
2017060223 1.665e-08
2017060300 1.191e-08
2017060301 9.96e-09
2017060302 1.749e-08
2017060303 1.587e-08
2017060304 1.184e-08
2017060305 1.431e-08
2017060306 1.011e-08
2017060307 8.77e-09
2017060308 1.071e-08
2017060309 1.101e-08
2017060310 1.512e-08
2017060311 8.58e-09
2017060312 7.24e-09
2017060313 6.76e-09
2017060314 6.02e-09
2017060315 1.037e-08
2017060316 9.33e-09
2017060317 1.749e-08
2017060318 1.867e-08
2017060319 1.489e-08
2017060320 2.9e-08
2017060321 3.826e-08
2017060322 3.252e-08
2017060323 4.516e-08
2017060400 4.2e-08
2017060401 3.015e-08
2017060402 1.795e-08
2017060403 7.29e-09
2017060404 5.18e-09
2017060405 3.43e-09
2017060406 2.88e-09
2017060407 3.88e-09
2017060408 5.09e-09
2017060409 3.67e-09
2017060410 3.56e-09
2017060411 5.46e-09
2017060412 8.25e-09
2017060413 6.33e-09
2017060414 1.393e-08
2017060415 8.29e-09
2017060416 8.06e-09
2017060417 8.34e-09
2017060418 6.98e-09
2017060419 6.39e-09
2017060420 1.538e-08
2017060421 7.05e-09
2017060422 5.91e-09
2017060423 4.5e-09
2017060500 4.66e-09
2017060501 3.78e-09
2017060502 3.71e-09
2017060503 3.7e-09
2017060504 3.12e-09
2017060505 5.95e-09
2017060506 5.79e-09
2017060507 4.89e-09
2017060508 4.93e-09
2017060509 3.83e-09
2017060510 3.52e-09
2017060511 3.53e-09
2017060512 2.54e-09
2017060513 2.33e-09
2017060514 2e-09
2017060515 2.94e-09
2017060516 1.88e-09
2017060517 3.52e-09
2017060518 4.46e-09
2017060519 6.46e-09
2017060520 1.471e-08
2017060521 6.49e-09
2017060522 6.95e-09
2017060523 6.97e-09
2017060600 5.24e-09
2017060601 3.71e-09
2017060602 3.99e-09
2017060603 4.07e-09
2017060604 4.79e-09
2017060605 7.01e-09
2017060606 1.27e-08
2017060607 1.002e-08
2017060608 7.22e-09
2017060609 7.93e-09
2017060610 7.48e-09
2017060611 8.86e-09
2017060612 8.25e-09
2017060613 7.56e-09
2017060614 6.66e-09
2017060615 1.017e-08
2017060616 1.213e-08
2017060617 8.5e-09
2017060618 2.245e-08
2017060619 2.067e-08
2017060620 1.207e-08
2017060621 4.52e-09
2017060622 2.47e-09
2017060623 1.22e-09
2017060700 4.8e-10
2017060701 4.6e-10
2017060702 8.3e-10
2017060703 2.35e-09
2017060704 2.46e-09
2017060705 1.186e-08
2017060706 2.283e-08
2017060707 3.127e-08
2017060708 3.191e-08
2017060709 2.615e-08
2017060710 1.575e-08
2017060711 1.839e-08
2017060712 1.768e-08
2017060713 2.211e-08
2017060714 2.861e-08
2017060715 2.319e-08
2017060716 2.506e-08
2017060717 3.238e-08
2017060718 2.509e-08
2017060719 2.254e-08
2017060720 2.313e-08
2017060721 1.614e-08
2017060722 8.85e-09
2017060723 5.72e-09
2017060800 3.43e-09
2017060801 3.66e-09
2017060802 1.164e-08
2017060803 5.59e-09
2017060804 4.96e-09
2017060805 8.51e-09
2017060806 1.961e-08
2017060807 2.381e-08
2017060808 2.191e-08
2017060809 1.343e-08
2017060810 1.173e-08
2017060811 1.203e-08
2017060812 1.447e-08
2017060813 1.248e-08
2017060814 1.131e-08
2017060815 8.38e-09
2017060816 9.33e-09
2017060817 5.92e-09
2017060818 1.488e-08
2017060819 6.08e-09
2017060820 1.822e-08
2017060821 3.559e-08
2017060822 2.867e-08
2017060823 2.06e-08
2017060900 8.61e-09
2017060901 8.53e-09
2017060902 8.92e-09
2017060903 1.457e-08
2017060904 2.295e-08
2017060905 1.805e-08
2017060906 2.581e-08
2017060907 2.227e-08
2017060908 1.277e-08
2017060909 8.86e-09
2017060910 5.17e-09
2017060911 7.18e-09
2017060912 6.04e-09
2017060913 6.7e-09
2017060914 4.72e-09
2017060915 5.41e-09
2017060916 7.12e-09
2017060917 7.81e-09
2017060918 1.518e-08
2017060919 6.06e-09
2017060920 5.91e-09
2017060921 6.51e-09
2017060922 5.29e-09
2017060923 6.28e-09
2017061000 6.99e-09
2017061001 6.46e-09
2017061002 1.241e-08
2017061003 9.09e-09
2017061004 5.8e-09
2017061005 2.2e-09
2017061006 3.18e-09
2017061007 4.6e-09
2017061008 1.136e-08
2017061009 2.32e-08
2017061010 1.732e-08
2017061011 1.165e-08
2017061012 1.09e-08
2017061013 9.54e-09
2017061014 1.022e-08
2017061015 1.102e-08
2017061016 1.173e-08
2017061017 2.095e-08
2017061018 1.79e-08
2017061019 1.484e-08
2017061020 2.036e-08
2017061021 1.052e-08
2017061022 5.17e-09
2017061023 9.71e-09
