2017060100 2.05e-09
2017060101 1.96e-09
2017060102 1.84e-09
2017060103 1.81e-09
2017060104 1.69e-09
2017060105 1.61e-09
2017060106 1.5e-09
2017060107 1.65e-09
2017060108 1.86e-09
2017060109 3.98e-09
2017060110 2.38e-09
2017060111 2.29e-09
2017060112 2.31e-09
2017060113 2.11e-09
2017060114 2.44e-09
2017060115 2.32e-09
2017060116 2.5e-09
2017060117 2.57e-09
2017060118 2e-09
2017060119 2.24e-09
2017060120 2.08e-09
2017060121 2.72e-09
2017060122 2.67e-09
2017060123 2.49e-09
2017060200 2.13e-09
2017060201 1.8e-09
2017060202 1.6e-09
2017060203 1.59e-09
2017060204 1.42e-09
2017060205 1.73e-09
2017060206 1.89e-09
2017060207 1.51e-09
2017060208 2.75e-09
2017060209 4.67e-09
2017060210 3.46e-09
2017060211 2.78e-09
2017060212 2.11e-09
2017060213 2.04e-09
2017060214 1.88e-09
2017060215 1.97e-09
2017060216 2.18e-09
2017060217 2.21e-09
2017060218 2.17e-09
2017060219 2.15e-09
2017060220 2.54e-09
2017060221 2.97e-09
2017060222 2.67e-09
2017060223 2.08e-09
2017060300 1.59e-09
2017060301 1.48e-09
2017060302 1.3e-09
2017060303 1.2e-09
2017060304 1.15e-09
2017060305 1.09e-09
2017060306 1.09e-09
2017060307 1.09e-09
2017060308 1.78e-09
2017060309 1.66e-09
2017060310 1.59e-09
2017060311 1.46e-09
2017060312 1.47e-09
2017060313 1.45e-09
2017060314 1.53e-09
2017060315 1.68e-09
2017060316 2.34e-09
2017060317 2.47e-09
2017060318 2.65e-09
2017060319 2.7e-09
2017060320 2.95e-09
2017060321 3.16e-09
2017060322 3.22e-09
2017060323 3.08e-09
2017060400 2.99e-09
2017060401 2.83e-09
2017060402 2.6e-09
2017060403 2.25e-09
2017060404 2.11e-09
2017060405 1.9e-09
2017060406 1.81e-09
2017060407 1.81e-09
2017060408 1.88e-09
2017060409 2.13e-09
2017060410 1.86e-09
2017060411 1.76e-09
2017060412 1.68e-09
2017060413 1.62e-09
2017060414 1.68e-09
2017060415 1.67e-09
2017060416 1.52e-09
2017060417 1.36e-09
2017060418 1.47e-09
2017060419 1.85e-09
2017060420 2.63e-09
2017060421 1.67e-09
2017060422 1.34e-09
2017060423 1.14e-09
2017060500 1.08e-09
2017060501 1.05e-09
2017060502 9.7e-10
2017060503 1.01e-09
2017060504 9.9e-10
2017060505 1.12e-09
2017060506 1.27e-09
2017060507 1.1e-09
2017060508 1.12e-09
2017060509 1.59e-09
2017060510 2.04e-09
2017060511 1.94e-09
2017060512 1.72e-09
2017060513 1.62e-09
2017060514 1.64e-09
2017060515 1.59e-09
2017060516 1.6e-09
2017060517 1.52e-09
2017060518 2.13e-09
2017060519 2.27e-09
2017060520 2.13e-09
2017060521 1.84e-09
2017060522 1.8e-09
2017060523 1.9e-09
2017060600 1.73e-09
2017060601 1.57e-09
2017060602 1.55e-09
2017060603 1.7e-09
2017060604 2.19e-09
2017060605 1.57e-09
2017060606 1.34e-09
2017060607 1.79e-09
2017060608 1.97e-09
2017060609 3.92e-09
2017060610 3e-09
2017060611 2.69e-09
2017060612 2.73e-09
2017060613 2.81e-09
2017060614 2.78e-09
2017060615 2.82e-09
2017060616 2.9e-09
2017060617 3.12e-09
2017060618 3.35e-09
2017060619 3.43e-09
2017060620 2.77e-09
2017060621 2.69e-09
2017060622 2.26e-09
2017060623 1.7e-09
2017060700 1.55e-09
2017060701 1.21e-09
2017060702 1.16e-09
2017060703 1.03e-09
2017060704 9.1e-10
2017060705 9.5e-10
2017060706 1.12e-09
2017060707 1.29e-09
2017060708 2.55e-09
2017060709 2.71e-09
2017060710 2.34e-09
2017060711 2.3e-09
2017060712 1.9e-09
2017060713 2.43e-09
2017060714 2.62e-09
2017060715 2.58e-09
2017060716 2.54e-09
2017060717 2.64e-09
2017060718 2.81e-09
2017060719 2.87e-09
2017060720 2.79e-09
2017060721 2.68e-09
2017060722 2.05e-09
2017060723 1.96e-09
2017060800 1.99e-09
2017060801 1.72e-09
2017060802 1.44e-09
2017060803 1.33e-09
2017060804 1.24e-09
2017060805 1.06e-09
2017060806 1.17e-09
2017060807 8.7e-10
2017060808 8.2e-10
2017060809 1.48e-09
2017060810 1.96e-09
2017060811 1.57e-09
2017060812 1.42e-09
2017060813 1.5e-09
2017060814 1.33e-09
2017060815 1.34e-09
2017060816 1.47e-09
2017060817 1.86e-09
2017060818 2.24e-09
2017060819 2.79e-09
2017060820 4.16e-09
2017060821 3.82e-09
2017060822 3.11e-09
2017060823 2.63e-09
2017060900 2.26e-09
2017060901 1.88e-09
2017060902 1.8e-09
2017060903 1.56e-09
2017060904 1.64e-09
2017060905 1.41e-09
2017060906 1.19e-09
2017060907 1.08e-09
2017060908 2.23e-09
2017060909 2.87e-09
2017060910 1.98e-09
2017060911 1.97e-09
2017060912 2.14e-09
2017060913 1.92e-09
2017060914 1.72e-09
2017060915 1.69e-09
2017060916 1.86e-09
2017060917 2.07e-09
2017060918 2.22e-09
2017060919 2.41e-09
2017060920 2.38e-09
2017060921 2.21e-09
2017060922 2.12e-09
2017060923 2.21e-09
2017061000 1.99e-09
2017061001 1.89e-09
2017061002 1.76e-09
2017061003 1.64e-09
2017061004 1.62e-09
2017061005 1.81e-09
2017061006 1.82e-09
2017061007 1.66e-09
2017061008 1.79e-09
2017061009 2.13e-09
2017061010 2.86e-09
2017061011 2.35e-09
2017061012 1.81e-09
2017061013 1.69e-09
2017061014 1.59e-09
2017061015 1.75e-09
2017061016 1.72e-09
2017061017 1.7e-09
2017061018 2.01e-09
2017061019 2.38e-09
2017061020 2.73e-09
2017061021 2.8e-09
2017061022 2.49e-09
2017061023 2.17e-09
