2017060100 1.023e-08
2017060101 8.99e-09
2017060102 9.08e-09
2017060103 8.51e-09
2017060104 1.052e-08
2017060105 1.74e-08
2017060106 2.945e-08
2017060107 2.907e-08
2017060108 2.562e-08
2017060109 2.639e-08
2017060110 1.492e-08
2017060111 1.31e-08
2017060112 1.138e-08
2017060113 1.205e-08
2017060114 1.128e-08
2017060115 2.008e-08
2017060116 2.419e-08
2017060117 1.195e-08
2017060118 2.295e-08
2017060119 2.706e-08
2017060120 2.964e-08
2017060121 5.393e-08
2017060122 4.236e-08
2017060123 3.538e-08
2017060200 2.333e-08
2017060201 1.951e-08
2017060202 1.673e-08
2017060203 1.893e-08
2017060204 3.155e-08
2017060205 4.647e-08
2017060206 5.852e-08
2017060207 6.177e-08
2017060208 4.609e-08
2017060209 2.668e-08
2017060210 1.205e-08
2017060211 7.94e-09
2017060212 4.97e-09
2017060213 4.88e-09
2017060214 5.74e-09
2017060215 6.5e-09
2017060216 9.66e-09
2017060217 1.166e-08
2017060218 1.453e-08
2017060219 2.17e-08
2017060220 4.264e-08
2017060221 6.024e-08
2017060222 3.892e-08
2017060223 3.777e-08
2017060300 2.123e-08
2017060301 2.687e-08
2017060302 3.471e-08
2017060303 3.614e-08
2017060304 2.18e-08
2017060305 1.702e-08
2017060306 3.729e-08
2017060307 2.591e-08
2017060308 1.319e-08
2017060309 1.061e-08
2017060310 9.85e-09
2017060311 1.31e-08
2017060312 1.061e-08
2017060313 7.55e-09
2017060314 6.6e-09
2017060315 6.69e-09
2017060316 6.79e-09
2017060317 3.318e-08
2017060318 4.188e-08
2017060319 2.868e-08
2017060320 3.146e-08
2017060321 3.318e-08
2017060322 4.37e-08
2017060323 2.878e-08
2017060400 2.027e-08
2017060401 1.348e-08
2017060402 1.071e-08
2017060403 8.32e-09
2017060404 9.75e-09
2017060405 1.683e-08
2017060406 7.08e-09
2017060407 6.31e-09
2017060408 8.22e-09
2017060409 6.79e-09
2017060410 6.88e-09
2017060411 8.13e-09
2017060412 8.51e-09
2017060413 8.03e-09
2017060414 7.08e-09
2017060415 6.6e-09
2017060416 6.79e-09
2017060417 8.51e-09
2017060418 9.56e-09
2017060419 8.99e-09
2017060420 1.023e-08
2017060421 9.75e-09
2017060422 8.99e-09
2017060423 8.03e-09
2017060500 9.94e-09
2017060501 9.94e-09
2017060502 1.176e-08
2017060503 6.79e-09
2017060504 8.13e-09
2017060505 8.99e-09
2017060506 7.17e-09
2017060507 6.98e-09
2017060508 6.21e-09
2017060509 6.02e-09
2017060510 6.02e-09
2017060511 6.88e-09
2017060512 6.12e-09
2017060513 5.83e-09
2017060514 7.17e-09
2017060515 5.07e-09
2017060516 4.59e-09
2017060517 4.97e-09
2017060518 4.49e-09
2017060519 5.07e-09
2017060520 8.8e-09
2017060521 8.41e-09
2017060522 9.56e-09
2017060523 6.69e-09
2017060600 1.224e-08
2017060601 6.5e-09
2017060602 7.55e-09
2017060603 1.358e-08
2017060604 2.725e-08
2017060605 4.408e-08
2017060606 4.446e-08
2017060607 3.767e-08
2017060608 1.788e-08
2017060609 8.61e-09
2017060610 8.03e-09
2017060611 6.41e-09
2017060612 5.74e-09
2017060613 9.08e-09
2017060614 9.27e-09
2017060615 8.99e-09
2017060616 7.65e-09
2017060617 1.214e-08
2017060618 1.396e-08
2017060619 1.855e-08
2017060620 8.03e-09
2017060621 7.08e-09
2017060622 4.69e-09
2017060623 3.54e-09
2017060700 3.54e-09
2017060701 3.16e-09
2017060702 3.54e-09
2017060703 4.3e-09
2017060704 4.88e-09
2017060705 1.071e-08
2017060706 1.798e-08
2017060707 1.874e-08
2017060708 1.731e-08
2017060709 1.453e-08
2017060710 1.138e-08
2017060711 1.358e-08
2017060712 1.482e-08
2017060713 1.463e-08
2017060714 2.037e-08
2017060715 2.314e-08
2017060716 2.266e-08
2017060717 2.027e-08
2017060718 1.817e-08
2017060719 1.731e-08
2017060720 1.587e-08
2017060721 1.195e-08
2017060722 9.27e-09
2017060723 9.27e-09
2017060800 8.22e-09
2017060801 8.22e-09
2017060802 5.83e-09
2017060803 7.27e-09
2017060804 1.023e-08
2017060805 1.884e-08
2017060806 2.467e-08
2017060807 2.084e-08
2017060808 1.683e-08
2017060809 1.559e-08
2017060810 1.157e-08
2017060811 9.75e-09
2017060812 nan
2017060813 7.08e-09
2017060814 8.22e-09
2017060815 7.74e-09
2017060816 1.1e-08
2017060817 8.22e-09
2017060818 9.56e-09
2017060819 8.89e-09
2017060820 1.014e-08
2017060821 1.482e-08
2017060822 2.104e-08
2017060823 3.385e-08
2017060900 2.629e-08
2017060901 2.735e-08
2017060902 3.404e-08
2017060903 2.285e-08
2017060904 2.056e-08
2017060905 2.572e-08
2017060906 2.046e-08
2017060907 2.811e-08
2017060908 1.186e-08
2017060909 9.94e-09
2017060910 6.02e-09
2017060911 5.07e-09
2017060912 4.49e-09
2017060913 3.82e-09
2017060914 4.49e-09
2017060915 4.88e-09
2017060916 4.3e-09
2017060917 4.49e-09
2017060918 4.21e-09
2017060919 7.46e-09
2017060920 8.13e-09
2017060921 1.425e-08
2017060922 8.61e-09
2017060923 1.061e-08
2017061000 3.49e-08
2017061001 3.203e-08
2017061002 2.065e-08
2017061003 6.69e-09
2017061004 6.79e-09
2017061005 4.88e-09
2017061006 5.45e-09
2017061007 1.645e-08
2017061008 1.243e-08
2017061009 1.1e-08
2017061010 8.7e-09
2017061011 1.1e-08
2017061012 9.75e-09
2017061013 8.89e-09
2017061014 8.7e-09
2017061015 9.08e-09
2017061016 8.22e-09
2017061017 9.08e-09
2017061018 1.281e-08
2017061019 1.769e-08
2017061020 2.237e-08
2017061021 1.377e-08
2017061022 2.553e-08
2017061023 2.448e-08
