2017060100 6.25e-09
2017060101 6.73e-09
2017060102 3.57e-09
2017060103 3.23e-09
2017060104 3.26e-09
2017060105 3.36e-09
2017060106 3.19e-09
2017060107 3.54e-09
2017060108 1.171e-08
2017060109 7.28e-09
2017060110 7.17e-09
2017060111 6.66e-09
2017060112 5.23e-09
2017060113 4.43e-09
2017060114 4.46e-09
2017060115 4.67e-09
2017060116 4.58e-09
2017060117 5.21e-09
2017060118 5.5e-09
2017060119 5.11e-09
2017060120 4.86e-09
2017060121 3.74e-09
2017060122 2.93e-09
2017060123 2.86e-09
2017060200 2.79e-09
2017060201 2.71e-09
2017060202 2.61e-09
2017060203 2.36e-09
2017060204 2.63e-09
2017060205 2.75e-09
2017060206 2.91e-09
2017060207 3.04e-09
2017060208 2.83e-09
2017060209 4.1e-09
2017060210 3.61e-09
2017060211 3.89e-09
2017060212 4.01e-09
2017060213 4.48e-09
2017060214 3.59e-09
2017060215 4.17e-09
2017060216 4.49e-09
2017060217 4.4e-09
2017060218 3.52e-09
2017060219 3.42e-09
2017060220 3.03e-09
2017060221 2.83e-09
2017060222 2.81e-09
2017060223 2.5e-09
2017060300 2.4e-09
2017060301 2.21e-09
2017060302 2.34e-09
2017060303 2.14e-09
2017060304 2.11e-09
2017060305 2.12e-09
2017060306 2.15e-09
2017060307 2.45e-09
2017060308 2.66e-09
2017060309 2.69e-09
2017060310 3.2e-09
2017060311 3.9e-09
2017060312 3.67e-09
2017060313 3.51e-09
2017060314 3.6e-09
2017060315 3.72e-09
2017060316 3.99e-09
2017060317 4.1e-09
2017060318 4.7e-09
2017060319 6.73e-09
2017060320 4.59e-09
2017060321 3.39e-09
2017060322 3.42e-09
2017060323 2.3e-09
2017060400 2.08e-09
2017060401 2.34e-09
2017060402 2.05e-09
2017060403 2.11e-09
2017060404 1.89e-09
2017060405 1.85e-09
2017060406 1.9e-09
2017060407 2.05e-09
2017060408 2.18e-09
2017060409 2.01e-09
2017060410 2.38e-09
2017060411 1.91e-09
2017060412 2.11e-09
2017060413 2.41e-09
2017060414 2.05e-09
2017060415 2e-09
2017060416 1.7e-09
2017060417 1.85e-09
2017060418 2.29e-09
2017060419 3.38e-09
2017060420 4.55e-09
2017060421 4.54e-09
2017060422 4.42e-09
2017060423 4.37e-09
2017060500 5.92e-09
2017060501 4.93e-09
2017060502 5.05e-09
2017060503 5.13e-09
2017060504 5.24e-09
2017060505 5.04e-09
2017060506 5.47e-09
2017060507 5.37e-09
2017060508 5.09e-09
2017060509 4.54e-09
2017060510 5.23e-09
2017060511 5.12e-09
2017060512 5.48e-09
2017060513 6.06e-09
2017060514 5.2e-09
2017060515 5.69e-09
2017060516 5.47e-09
2017060517 5.11e-09
2017060518 6.64e-09
2017060519 6.88e-09
2017060520 5.58e-09
2017060521 4.3e-09
2017060522 2.98e-09
2017060523 2.87e-09
2017060600 2.52e-09
2017060601 2.45e-09
2017060602 2.33e-09
2017060603 2.25e-09
2017060604 2.34e-09
2017060605 2.52e-09
2017060606 2.47e-09
2017060607 2.69e-09
2017060608 2.62e-09
2017060609 2.64e-09
2017060610 nan
2017060611 nan
2017060612 2.88e-09
2017060613 3.22e-09
2017060614 3.4e-09
2017060615 1.87e-09
2017060616 1.36e-09
2017060617 1.31e-09
2017060618 1.84e-09
2017060619 1.92e-09
2017060620 1.91e-09
2017060621 2.41e-09
2017060622 2.79e-09
2017060623 1.63e-09
2017060700 1.6e-09
2017060701 1.74e-09
2017060702 1.33e-09
2017060703 1.26e-09
2017060704 1.75e-09
2017060705 1.92e-09
2017060706 1.61e-09
2017060707 1.91e-09
2017060708 2.79e-09
2017060709 1.98e-09
2017060710 1.97e-09
2017060711 1.62e-09
2017060712 2.26e-09
2017060713 2.28e-09
2017060714 1.98e-09
2017060715 2.08e-09
2017060716 2.03e-09
2017060717 2.17e-09
2017060718 2.02e-09
2017060719 1.97e-09
2017060720 2.29e-09
2017060721 2.67e-09
2017060722 2.25e-09
2017060723 2e-09
2017060800 2.08e-09
2017060801 1.8e-09
2017060802 1.71e-09
2017060803 1.82e-09
2017060804 1.79e-09
2017060805 1.71e-09
2017060806 1.77e-09
2017060807 1.79e-09
2017060808 1.99e-09
2017060809 2.97e-09
2017060810 7.19e-09
2017060811 7.98e-09
2017060812 7.91e-09
2017060813 6.08e-09
2017060814 5.6e-09
2017060815 4.62e-09
2017060816 4.65e-09
2017060817 4.67e-09
2017060818 4.88e-09
2017060819 5.45e-09
2017060820 5.13e-09
2017060821 4.73e-09
2017060822 1.67e-09
2017060823 1.4e-09
2017060900 1.57e-09
2017060901 1.91e-09
2017060902 1.91e-09
2017060903 2.08e-09
2017060904 2.03e-09
2017060905 1.83e-09
2017060906 2.2e-09
2017060907 3.8e-09
2017060908 3.53e-09
2017060909 5.87e-09
2017060910 5.88e-09
2017060911 4.54e-09
2017060912 3.99e-09
2017060913 4.26e-09
2017060914 3.55e-09
2017060915 3.29e-09
2017060916 3.58e-09
2017060917 2.97e-09
2017060918 3.05e-09
2017060919 3.43e-09
2017060920 3.7e-09
2017060921 3.41e-09
2017060922 3.74e-09
2017060923 3.92e-09
2017061000 5.39e-09
2017061001 7.38e-09
2017061002 7.28e-09
2017061003 2.56e-09
2017061004 2.85e-09
2017061005 4.09e-09
2017061006 4.45e-09
2017061007 4.62e-09
2017061008 4.69e-09
2017061009 4.61e-09
2017061010 5.03e-09
2017061011 3.55e-09
2017061012 2.93e-09
2017061013 2.96e-09
2017061014 3.14e-09
2017061015 3.13e-09
2017061016 3.16e-09
2017061017 3.41e-09
2017061018 3.28e-09
2017061019 3.47e-09
2017061020 4.47e-09
2017061021 4.3e-09
2017061022 4.13e-09
2017061023 3.67e-09
