2017060100 2.09e-07
2017060101 nan
2017060102 2.05e-07
2017060103 2.03e-07
2017060104 2e-07
2017060105 2.04e-07
2017060106 2.1e-07
2017060107 2.09e-07
2017060108 2.02e-07
2017060109 2.07e-07
2017060110 2.17e-07
2017060111 2.07e-07
2017060112 2.03e-07
2017060113 2.04e-07
2017060114 2.05e-07
2017060115 2.07e-07
2017060116 2.05e-07
2017060117 2.06e-07
2017060118 1.97e-07
2017060119 1.92e-07
2017060120 2.11e-07
2017060121 nan
2017060122 2.07e-07
2017060123 2.06e-07
2017060200 1.9e-07
2017060201 nan
2017060202 1.82e-07
2017060203 1.62e-07
2017060204 1.63e-07
2017060205 1.61e-07
2017060206 1.6e-07
2017060207 1.63e-07
2017060208 1.71e-07
2017060209 1.64e-07
2017060210 1.81e-07
2017060211 2.06e-07
2017060212 2.05e-07
2017060213 2.02e-07
2017060214 2.05e-07
2017060215 2.13e-07
2017060216 1.86e-07
2017060217 1.78e-07
2017060218 1.78e-07
2017060219 1.84e-07
2017060220 nan
2017060221 1.92e-07
2017060222 2.39e-07
2017060223 2.35e-07
2017060300 2.1e-07
2017060301 nan
2017060302 2e-07
2017060303 1.97e-07
2017060304 1.75e-07
2017060305 1.83e-07
2017060306 1.9e-07
2017060307 1.93e-07
2017060308 1.93e-07
2017060309 1.71e-07
2017060310 1.92e-07
2017060311 1.92e-07
2017060312 2.11e-07
2017060313 1.98e-07
2017060314 1.96e-07
2017060315 2e-07
2017060316 1.88e-07
2017060317 1.84e-07
2017060318 1.97e-07
2017060319 nan
2017060320 1.82e-07
2017060321 1.97e-07
2017060322 1.93e-07
2017060323 1.93e-07
2017060400 1.92e-07
2017060401 nan
2017060402 2.21e-07
2017060403 2.18e-07
2017060404 2.2e-07
2017060405 2.25e-07
2017060406 2.2e-07
2017060407 2.28e-07
2017060408 2.19e-07
2017060409 2.36e-07
2017060410 2.26e-07
2017060411 2.19e-07
2017060412 2.21e-07
2017060413 2.07e-07
2017060414 1.97e-07
2017060415 2.16e-07
2017060416 1.97e-07
2017060417 1.96e-07
2017060418 nan
2017060419 1.72e-07
2017060420 1.85e-07
2017060421 1.72e-07
2017060422 1.71e-07
2017060423 1.78e-07
2017060500 1.69e-07
2017060501 nan
2017060502 1.68e-07
2017060503 1.58e-07
2017060504 1.42e-07
2017060505 1.51e-07
2017060506 1.48e-07
2017060507 1.62e-07
2017060508 1.72e-07
2017060509 1.53e-07
2017060510 1.57e-07
2017060511 1.57e-07
2017060512 1.37e-07
2017060513 1.43e-07
2017060514 1.68e-07
2017060515 1.63e-07
2017060516 1.5e-07
2017060517 nan
2017060518 1.51e-07
2017060519 1.63e-07
2017060520 1.57e-07
2017060521 1.48e-07
2017060522 1.39e-07
2017060523 1.48e-07
2017060600 1.46e-07
2017060601 nan
2017060602 1.65e-07
2017060603 1.77e-07
2017060604 1.85e-07
2017060605 1.89e-07
2017060606 1.86e-07
2017060607 1.97e-07
2017060608 1.99e-07
2017060609 1.95e-07
2017060610 1.86e-07
2017060611 1.83e-07
2017060612 1.78e-07
2017060613 1.71e-07
2017060614 1.64e-07
2017060615 1.61e-07
2017060616 nan
2017060617 2e-07
2017060618 1.95e-07
2017060619 1.64e-07
2017060620 1.67e-07
2017060621 1.61e-07
2017060622 1.62e-07
2017060623 1.44e-07
2017060700 1.37e-07
2017060701 nan
2017060702 1.28e-07
2017060703 1.15e-07
2017060704 1.14e-07
2017060705 1e-07
2017060706 1.06e-07
2017060707 1.11e-07
2017060708 1.08e-07
2017060709 1.16e-07
2017060710 9.8e-08
2017060711 1.03e-07
2017060712 1.05e-07
2017060713 1.01e-07
2017060714 1e-07
2017060715 nan
2017060716 9.4e-08
2017060717 9.4e-08
2017060718 4.7e-08
2017060719 4.7e-08
2017060720 4.7e-08
2017060721 1.04e-07
2017060722 9.7e-08
2017060723 9.7e-08
2017060800 4.7e-08
2017060801 nan
2017060802 9.6e-08
2017060803 4.7e-08
2017060804 4.7e-08
2017060805 4.7e-08
2017060806 4.7e-08
2017060807 9.4e-08
2017060808 9.6e-08
2017060809 9.4e-08
2017060810 1.03e-07
2017060811 4.7e-08
2017060812 4.7e-08
2017060813 1.01e-07
2017060814 nan
2017060815 1.03e-07
2017060816 1e-07
2017060817 9.8e-08
2017060818 9.7e-08
2017060819 9.6e-08
2017060820 1.03e-07
2017060821 1.05e-07
2017060822 1.27e-07
2017060823 1.13e-07
2017060900 1.21e-07
2017060901 nan
2017060902 4.7e-08
2017060903 4.7e-08
2017060904 9.7e-08
2017060905 4.7e-08
2017060906 9.9e-08
2017060907 1.01e-07
2017060908 1.11e-07
2017060909 1.05e-07
2017060910 4.7e-08
2017060911 1.11e-07
2017060912 1.14e-07
2017060913 nan
2017060914 1e-07
2017060915 4.7e-08
2017060916 4.7e-08
2017060917 4.7e-08
2017060918 9.9e-08
2017060919 1.07e-07
2017060920 1.19e-07
2017060921 1.11e-07
2017060922 1e-07
2017060923 1.13e-07
2017061000 1.05e-07
2017061001 nan
2017061002 1.1e-07
2017061003 1.11e-07
2017061004 1.19e-07
2017061005 1.22e-07
2017061006 1.28e-07
2017061007 1.23e-07
2017061008 1.18e-07
2017061009 9.9e-08
2017061010 4.7e-08
2017061011 4.7e-08
2017061012 nan
2017061013 4.7e-08
2017061014 4.7e-08
2017061015 4.7e-08
2017061016 4.7e-08
2017061017 4.7e-08
2017061018 4.7e-08
2017061019 4.7e-08
2017061020 4.7e-08
2017061021 1.11e-07
2017061022 1.08e-07
2017061023 1.18e-07
