2017060100 1.8e-08
2017060101 nan
2017060102 1.55e-08
2017060103 2.6e-08
2017060104 2.7e-08
2017060105 2.93e-08
2017060106 3e-08
2017060107 2.96e-08
2017060108 1.87e-08
2017060109 1.07e-08
2017060110 1.7e-08
2017060111 1.59e-08
2017060112 1.72e-08
2017060113 1.32e-08
2017060114 1.42e-08
2017060115 1.43e-08
2017060116 1.47e-08
2017060117 9.8e-09
2017060118 1.09e-08
2017060119 8.8e-09
2017060120 nan
2017060121 1.22e-08
2017060122 1.24e-08
2017060123 1.05e-08
2017060200 1.05e-08
2017060201 nan
2017060202 2.1e-08
2017060203 1.32e-08
2017060204 1.76e-08
2017060205 2.68e-08
2017060206 2.26e-08
2017060207 2.12e-08
2017060208 2.75e-08
2017060209 3.23e-08
2017060210 2.96e-08
2017060211 1.49e-08
2017060212 1.13e-08
2017060213 1.66e-08
2017060214 1.95e-08
2017060215 1.51e-08
2017060216 1.74e-08
2017060217 8.8e-09
2017060218 8.4e-09
2017060219 nan
2017060220 1.11e-08
2017060221 1.36e-08
2017060222 1.89e-08
2017060223 2.24e-08
2017060300 1.86e-08
2017060301 nan
2017060302 1.68e-08
2017060303 1.59e-08
2017060304 1.59e-08
2017060305 1.78e-08
2017060306 2.18e-08
2017060307 1.78e-08
2017060308 2.28e-08
2017060309 1.86e-08
2017060310 1.49e-08
2017060311 1.32e-08
2017060312 1.15e-08
2017060313 8.2e-09
2017060314 1.28e-08
2017060315 1.05e-08
2017060316 8.6e-09
2017060317 8.2e-09
2017060318 nan
2017060319 1.51e-08
2017060320 1.26e-08
2017060321 1.36e-08
2017060322 1.11e-08
2017060323 7.1e-09
2017060400 7.1e-09
2017060401 nan
2017060402 8.4e-09
2017060403 9.8e-09
2017060404 9.4e-09
2017060405 1.03e-08
2017060406 9.6e-09
2017060407 1.28e-08
2017060408 1.15e-08
2017060409 1.05e-08
2017060410 1.05e-08
2017060411 1.05e-08
2017060412 9.8e-09
2017060413 1.15e-08
2017060414 1.07e-08
2017060415 7.7e-09
2017060416 7.7e-09
2017060417 nan
2017060418 7.5e-09
2017060419 1.13e-08
2017060420 9.8e-09
2017060421 1.28e-08
2017060422 1.59e-08
2017060423 1.4e-08
2017060500 1.22e-08
2017060501 nan
2017060502 9.2e-09
2017060503 1.63e-08
2017060504 1.61e-08
2017060505 1.65e-08
2017060506 1.66e-08
2017060507 1.49e-08
2017060508 1.99e-08
2017060509 2.56e-08
2017060510 1.72e-08
2017060511 1.22e-08
2017060512 1.13e-08
2017060513 1.03e-08
2017060514 1.72e-08
2017060515 1.53e-08
2017060516 nan
2017060517 1.38e-08
2017060518 9.4e-09
2017060519 7.3e-09
2017060520 1.03e-08
2017060521 1.03e-08
2017060522 1.22e-08
2017060523 1.26e-08
2017060600 1.28e-08
2017060601 nan
2017060602 1.49e-08
2017060603 1.43e-08
2017060604 1.63e-08
2017060605 2.41e-08
2017060606 3.08e-08
2017060607 3.39e-08
2017060608 2.49e-08
2017060609 1.86e-08
2017060610 1.8e-08
2017060611 1.3e-08
2017060612 2.05e-08
2017060613 2.66e-08
2017060614 2.12e-08
2017060615 nan
2017060616 2.54e-08
2017060617 2.58e-08
2017060618 2.2e-08
2017060619 1.42e-08
2017060620 1.13e-08
2017060621 9.4e-09
2017060622 7.3e-09
2017060623 5.5e-09
2017060700 4.8e-09
2017060701 nan
2017060702 4.4e-09
2017060703 5.5e-09
2017060704 8.6e-09
2017060705 1.55e-08
2017060706 2.09e-08
2017060707 1.84e-08
2017060708 2.05e-08
2017060709 2.05e-08
2017060710 1.32e-08
2017060711 1.55e-08
2017060712 1.42e-08
2017060713 1.24e-08
2017060714 nan
2017060715 1.51e-08
2017060716 1.4e-08
2017060717 1.34e-08
2017060718 1.22e-08
2017060719 1.26e-08
2017060720 1.09e-08
2017060721 1.4e-08
2017060722 1.65e-08
2017060723 1.07e-08
2017060800 9.4e-09
2017060801 nan
2017060802 9.6e-09
2017060803 9.6e-09
2017060804 1.42e-08
2017060805 2.62e-08
2017060806 2.83e-08
2017060807 2.89e-08
2017060808 2.1e-08
2017060809 1.74e-08
2017060810 1.42e-08
2017060811 1.47e-08
2017060812 1.53e-08
2017060813 nan
2017060814 1.65e-08
2017060815 1.36e-08
2017060816 1.61e-08
2017060817 1.51e-08
2017060818 1.43e-08
2017060819 1.66e-08
2017060820 2.14e-08
2017060821 2.41e-08
2017060822 2.12e-08
2017060823 2.2e-08
2017060900 1.15e-08
2017060901 nan
2017060902 3.16e-08
2017060903 1.72e-08
2017060904 1.8e-08
2017060905 2.12e-08
2017060906 2.53e-08
2017060907 2.7e-08
2017060908 2.49e-08
2017060909 2.14e-08
2017060910 1.49e-08
2017060911 1.22e-08
2017060912 nan
2017060913 1.89e-08
2017060914 2.3e-08
2017060915 2.16e-08
2017060916 1.91e-08
2017060917 1.99e-08
2017060918 1.8e-08
2017060919 1.86e-08
2017060920 1.63e-08
2017060921 1.22e-08
2017060922 1.57e-08
2017060923 1.05e-08
2017061000 1.19e-08
2017061001 nan
2017061002 5.4e-09
2017061003 7.7e-09
2017061004 8.4e-09
2017061005 1.32e-08
2017061006 1.49e-08
2017061007 1.55e-08
2017061008 1.07e-08
2017061009 7.8e-09
2017061010 8.6e-09
2017061011 nan
2017061012 7.5e-09
2017061013 7.5e-09
2017061014 7.8e-09
2017061015 8.6e-09
2017061016 6.5e-09
2017061017 9.2e-09
2017061018 8.6e-09
2017061019 8.2e-09
2017061020 8.4e-09
2017061021 1.21e-08
2017061022 1.61e-08
2017061023 1.86e-08
