2017060100 1.5714e-07
2017060101 1.5714e-07
2017060102 1.5132e-07
2017060103 1.5132e-07
2017060104 1.455e-07
2017060105 1.3968e-07
2017060106 1.3968e-07
2017060107 1.8042e-07
2017060108 1.5132e-07
2017060109 1.5714e-07
2017060110 1.5132e-07
2017060111 1.5132e-07
2017060112 1.6296e-07
2017060113 1.5132e-07
2017060114 1.5132e-07
2017060115 1.5132e-07
2017060116 1.5132e-07
2017060117 1.5132e-07
2017060118 1.5714e-07
2017060119 1.5714e-07
2017060120 1.6296e-07
2017060121 1.8624e-07
2017060122 1.746e-07
2017060123 1.746e-07
2017060200 1.6878e-07
2017060201 1.6296e-07
2017060202 1.6296e-07
2017060203 1.6296e-07
2017060204 1.6296e-07
2017060205 1.6878e-07
2017060206 1.746e-07
2017060207 2.328e-07
2017060208 2.328e-07
2017060209 1.9206e-07
2017060210 1.6296e-07
2017060211 1.5132e-07
2017060212 1.5714e-07
2017060213 1.6296e-07
2017060214 1.6296e-07
2017060215 1.8042e-07
2017060216 1.6296e-07
2017060217 1.746e-07
2017060218 1.746e-07
2017060219 1.8042e-07
2017060220 1.9788e-07
2017060221 2.037e-07
2017060222 2.1534e-07
2017060223 2.0952e-07
2017060300 2.037e-07
2017060301 2.6772e-07
2017060302 2.2116e-07
2017060303 1.8624e-07
2017060304 1.746e-07
2017060305 1.6878e-07
2017060306 1.9788e-07
2017060307 2.1534e-07
2017060308 1.9206e-07
2017060309 1.746e-07
2017060310 1.8042e-07
2017060311 1.9206e-07
2017060312 1.9788e-07
2017060313 1.9788e-07
2017060314 1.8042e-07
2017060315 1.8624e-07
2017060316 1.8042e-07
2017060317 1.746e-07
2017060318 1.9206e-07
2017060319 2.0952e-07
2017060320 2.0952e-07
2017060321 2.1534e-07
2017060322 2.0952e-07
2017060323 2.0952e-07
2017060400 2.2116e-07
2017060401 1.9206e-07
2017060402 1.9206e-07
2017060403 1.6296e-07
2017060404 1.6878e-07
2017060405 1.746e-07
2017060406 1.8624e-07
2017060407 1.6296e-07
2017060408 1.6296e-07
2017060409 1.6878e-07
2017060410 1.6296e-07
2017060411 1.746e-07
2017060412 1.5714e-07
2017060413 1.5714e-07
2017060414 1.5132e-07
2017060415 1.3968e-07
2017060416 1.5132e-07
2017060417 1.5132e-07
2017060418 1.5132e-07
2017060419 1.5132e-07
2017060420 1.5132e-07
2017060421 1.5132e-07
2017060422 1.455e-07
2017060423 1.455e-07
2017060500 1.455e-07
2017060501 1.5714e-07
2017060502 1.5714e-07
2017060503 1.5132e-07
2017060504 1.455e-07
2017060505 1.3968e-07
2017060506 1.3968e-07
2017060507 1.3968e-07
2017060508 1.3968e-07
2017060509 1.3968e-07
2017060510 1.3968e-07
2017060511 1.5132e-07
2017060512 1.5132e-07
2017060513 1.3968e-07
2017060514 1.5132e-07
2017060515 1.5132e-07
2017060516 1.455e-07
2017060517 1.5132e-07
2017060518 1.5132e-07
2017060519 1.5132e-07
2017060520 1.6296e-07
2017060521 1.6296e-07
2017060522 1.6878e-07
2017060523 1.5132e-07
2017060600 1.5132e-07
2017060601 1.5132e-07
2017060602 1.5714e-07
2017060603 1.5132e-07
2017060604 1.6296e-07
2017060605 1.6296e-07
2017060606 1.8042e-07
2017060607 1.8624e-07
2017060608 1.8624e-07
2017060609 1.8042e-07
2017060610 1.746e-07
2017060611 1.6878e-07
2017060612 1.6878e-07
2017060613 2.6772e-07
2017060614 2.5026e-07
2017060615 2.2698e-07
2017060616 1.746e-07
2017060617 2.2116e-07
2017060618 1.5714e-07
2017060619 1.5714e-07
2017060620 1.3968e-07
2017060621 1.3386e-07
2017060622 1.2804e-07
2017060623 1.2222e-07
2017060700 1.164e-07
2017060701 1.2222e-07
2017060702 1.2804e-07
2017060703 1.164e-07
2017060704 1.2804e-07
2017060705 1.2804e-07
2017060706 1.2804e-07
2017060707 1.455e-07
2017060708 1.3968e-07
2017060709 1.3968e-07
2017060710 1.5714e-07
2017060711 1.3968e-07
2017060712 1.455e-07
2017060713 1.455e-07
2017060714 1.3968e-07
2017060715 1.455e-07
2017060716 1.5132e-07
2017060717 1.5132e-07
2017060718 1.5132e-07
2017060719 1.3968e-07
2017060720 1.455e-07
2017060721 1.455e-07
2017060722 1.3968e-07
2017060723 1.3968e-07
2017060800 1.3386e-07
2017060801 1.3386e-07
2017060802 1.2804e-07
2017060803 1.3386e-07
2017060804 1.5132e-07
2017060805 1.3386e-07
2017060806 1.5132e-07
2017060807 1.6296e-07
2017060808 1.5132e-07
2017060809 1.3968e-07
2017060810 1.3968e-07
2017060811 1.3968e-07
2017060812 1.3968e-07
2017060813 1.3968e-07
2017060814 1.3386e-07
2017060815 1.3386e-07
2017060816 1.3386e-07
2017060817 1.3968e-07
2017060818 1.3968e-07
2017060819 1.3386e-07
2017060820 1.8042e-07
2017060821 2.0952e-07
2017060822 1.6878e-07
2017060823 1.6878e-07
2017060900 2.037e-07
2017060901 2.037e-07
2017060902 1.6296e-07
2017060903 1.455e-07
2017060904 1.455e-07
2017060905 1.5714e-07
2017060906 1.6878e-07
2017060907 1.9788e-07
2017060908 1.746e-07
2017060909 2.1534e-07
2017060910 2.1534e-07
2017060911 1.8042e-07
2017060912 1.6296e-07
2017060913 1.6296e-07
2017060914 1.5714e-07
2017060915 1.5714e-07
2017060916 1.5132e-07
2017060917 1.6878e-07
2017060918 1.6878e-07
2017060919 2.0952e-07
2017060920 1.9206e-07
2017060921 1.9788e-07
2017060922 2.2698e-07
2017060923 2.2116e-07
2017061000 1.9206e-07
2017061001 1.9788e-07
2017061002 1.6878e-07
2017061003 1.5132e-07
2017061004 1.455e-07
2017061005 1.2804e-07
2017061006 1.2222e-07
2017061007 1.3968e-07
2017061008 1.5714e-07
2017061009 1.5714e-07
2017061010 1.5132e-07
2017061011 1.5132e-07
2017061012 1.5132e-07
2017061013 1.455e-07
2017061014 1.3968e-07
2017061015 1.455e-07
2017061016 1.3968e-07
2017061017 1.3968e-07
2017061018 1.5132e-07
2017061019 1.5132e-07
2017061020 1.6296e-07
2017061021 1.746e-07
2017061022 1.8624e-07
2017061023 2.037e-07
