2017060100 5.78e-09
2017060101 3.7e-09
2017060102 3.42e-09
2017060103 6.27e-09
2017060104 6.95e-09
2017060105 7.49e-09
2017060106 1.029e-08
2017060107 1.695e-08
2017060108 1.533e-08
2017060109 7.7e-09
2017060110 7.23e-09
2017060111 7.53e-09
2017060112 5.61e-09
2017060113 5.73e-09
2017060114 4.99e-09
2017060115 4.15e-09
2017060116 3e-09
2017060117 4.91e-09
2017060118 4.64e-09
2017060119 5.89e-09
2017060120 5.88e-09
2017060121 9.79e-09
2017060122 1.186e-08
2017060123 1.217e-08
2017060200 1.254e-08
2017060201 7.74e-09
2017060202 9.15e-09
2017060203 6.86e-09
2017060204 7.26e-09
2017060205 1.145e-08
2017060206 1.794e-08
2017060207 1.41e-08
2017060208 1.137e-08
2017060209 6.7e-09
2017060210 6.21e-09
2017060211 6.11e-09
2017060212 5.73e-09
2017060213 6.42e-09
2017060214 6.01e-09
2017060215 5.82e-09
2017060216 5.07e-09
2017060217 4.89e-09
2017060218 5.83e-09
2017060219 8.52e-09
2017060220 1e-08
2017060221 1.199e-08
2017060222 1.33e-08
2017060223 1.523e-08
2017060300 1.225e-08
2017060301 1.15e-08
2017060302 8.04e-09
2017060303 7.65e-09
2017060304 9.61e-09
2017060305 1.082e-08
2017060306 1.122e-08
2017060307 1.258e-08
2017060308 9.72e-09
2017060309 7.8e-09
2017060310 6.51e-09
2017060311 5.33e-09
2017060312 5.33e-09
2017060313 5.41e-09
2017060314 5.25e-09
2017060315 4.44e-09
2017060316 4.27e-09
2017060317 4.26e-09
2017060318 5.02e-09
2017060319 5.6e-09
2017060320 5.09e-09
2017060321 4.78e-09
2017060322 5.28e-09
2017060323 4.11e-09
2017060400 4.14e-09
2017060401 2.91e-09
2017060402 2.7e-09
2017060403 2.5e-09
2017060404 2.1e-09
2017060405 2.36e-09
2017060406 2.89e-09
2017060407 2.5e-09
2017060408 2.35e-09
2017060409 2.53e-09
2017060410 2.37e-09
2017060411 2.21e-09
2017060412 1.72e-09
2017060413 1.59e-09
2017060414 1.61e-09
2017060415 1.51e-09
2017060416 1.59e-09
2017060417 2.63e-09
2017060418 2.98e-09
2017060419 2.94e-09
2017060420 3.26e-09
2017060421 3.3e-09
2017060422 2.88e-09
2017060423 3.29e-09
2017060500 4.6e-09
2017060501 3.59e-09
2017060502 5.63e-09
2017060503 4.69e-09
2017060504 3.99e-09
2017060505 4.27e-09
2017060506 4.65e-09
2017060507 4.62e-09
2017060508 3.95e-09
2017060509 4.54e-09
2017060510 3.76e-09
2017060511 3.38e-09
2017060512 3.05e-09
2017060513 2.89e-09
2017060514 2.85e-09
2017060515 2.77e-09
2017060516 2.77e-09
2017060517 3.63e-09
2017060518 5.16e-09
2017060519 5.46e-09
2017060520 7.1e-09
2017060521 1.061e-08
2017060522 1.088e-08
2017060523 6.19e-09
2017060600 5.62e-09
2017060601 6.32e-09
2017060602 5.67e-09
2017060603 6.34e-09
2017060604 5.84e-09
2017060605 9.98e-09
2017060606 1.376e-08
2017060607 1.501e-08
2017060608 1.134e-08
2017060609 5.44e-09
2017060610 3.98e-09
2017060611 4.86e-09
2017060612 4.74e-09
2017060613 4.51e-09
2017060614 5.07e-09
2017060615 2.73e-09
2017060616 3.22e-09
2017060617 1.84e-09
2017060618 2.18e-09
2017060619 3.3e-09
2017060620 2.95e-09
2017060621 2.57e-09
2017060622 2.56e-09
2017060623 2.49e-09
2017060700 1.7e-09
2017060701 2.47e-09
2017060702 4.65e-09
2017060703 5.15e-09
2017060704 3.19e-09
2017060705 5.13e-09
2017060706 5.92e-09
2017060707 6.29e-09
2017060708 4.42e-09
2017060709 nan
2017060710 nan
2017060711 2.57e-09
2017060712 1.68e-09
2017060713 1.93e-09
2017060714 2.33e-09
2017060715 1.77e-09
2017060716 1.8e-09
2017060717 1.75e-09
2017060718 2.06e-09
2017060719 1.8e-09
2017060720 3.26e-09
2017060721 8.22e-09
2017060722 8.32e-09
2017060723 8.51e-09
2017060800 7.32e-09
2017060801 5.78e-09
2017060802 7.41e-09
2017060803 6.64e-09
2017060804 7.98e-09
2017060805 1.272e-08
2017060806 1.596e-08
2017060807 1.722e-08
2017060808 1.02e-08
2017060809 9.3e-09
2017060810 6.04e-09
2017060811 3.91e-09
2017060812 4.05e-09
2017060813 3.78e-09
2017060814 4.28e-09
2017060815 6.15e-09
2017060816 5.9e-09
2017060817 6.83e-09
2017060818 6.4e-09
2017060819 6.5e-09
2017060820 9.04e-09
2017060821 1.067e-08
2017060822 1.25e-08
2017060823 1.591e-08
2017060900 1.156e-08
2017060901 8.92e-09
2017060902 7.76e-09
2017060903 7.41e-09
2017060904 9.29e-09
2017060905 1.072e-08
2017060906 1.845e-08
2017060907 1.907e-08
2017060908 1.856e-08
2017060909 1.915e-08
2017060910 9.83e-09
2017060911 5.15e-09
2017060912 3.42e-09
2017060913 3.27e-09
2017060914 4.13e-09
2017060915 4.3e-09
2017060916 4.94e-09
2017060917 6.18e-09
2017060918 5.93e-09
2017060919 7.67e-09
2017060920 1.214e-08
2017060921 9.47e-09
2017060922 1.017e-08
2017060923 1.194e-08
2017061000 1.031e-08
2017061001 8.36e-09
2017061002 8.86e-09
2017061003 7.38e-09
2017061004 8.8e-09
2017061005 1.039e-08
2017061006 8.36e-09
2017061007 1.04e-08
2017061008 6.13e-09
2017061009 4.4e-09
2017061010 4.11e-09
2017061011 3.73e-09
2017061012 2.96e-09
2017061013 2.18e-09
2017061014 2.59e-09
2017061015 2.28e-09
2017061016 2.38e-09
2017061017 2.56e-09
2017061018 3.03e-09
2017061019 3.29e-09
2017061020 4.49e-09
2017061021 8.69e-09
2017061022 9.17e-09
2017061023 9.6e-09
