2017060100 1.046e-07
2017060101 9.83e-08
2017060102 9.94e-08
2017060103 1.02e-07
2017060104 1.13e-07
2017060105 1.058e-07
2017060106 1.141e-07
2017060107 1.286e-07
2017060108 1.212e-07
2017060109 1.055e-07
2017060110 1.067e-07
2017060111 1.084e-07
2017060112 1.054e-07
2017060113 1.106e-07
2017060114 1.061e-07
2017060115 9.79e-08
2017060116 9.97e-08
2017060117 9.86e-08
2017060118 1.013e-07
2017060119 1.045e-07
2017060120 1.008e-07
2017060121 1.534e-07
2017060122 1.191e-07
2017060123 1.347e-07
2017060200 1.125e-07
2017060201 1.085e-07
2017060202 1.082e-07
2017060203 1.017e-07
2017060204 1.021e-07
2017060205 1.092e-07
2017060206 1.192e-07
2017060207 1.249e-07
2017060208 1.143e-07
2017060209 1.039e-07
2017060210 1.029e-07
2017060211 1.034e-07
2017060212 1.056e-07
2017060213 1.086e-07
2017060214 1.132e-07
2017060215 1.088e-07
2017060216 9.95e-08
2017060217 1.043e-07
2017060218 1.101e-07
2017060219 1.171e-07
2017060220 1.258e-07
2017060221 1.97e-07
2017060222 1.7e-07
2017060223 1.491e-07
2017060300 1.498e-07
2017060301 1.261e-07
2017060302 1.124e-07
2017060303 1.028e-07
2017060304 1.062e-07
2017060305 1.087e-07
2017060306 1.113e-07
2017060307 1.146e-07
2017060308 1.153e-07
2017060309 1.159e-07
2017060310 1.171e-07
2017060311 1.136e-07
2017060312 1.16e-07
2017060313 1.207e-07
2017060314 1.221e-07
2017060315 1.128e-07
2017060316 1.068e-07
2017060317 1.076e-07
2017060318 1.072e-07
2017060319 1.103e-07
2017060320 1.026e-07
2017060321 1.09e-07
2017060322 1.062e-07
2017060323 1.003e-07
2017060400 1.03e-07
2017060401 9.15e-08
2017060402 9.36e-08
2017060403 8.83e-08
2017060404 8.48e-08
2017060405 8.8e-08
2017060406 8.95e-08
2017060407 8.69e-08
2017060408 8.7e-08
2017060409 8.85e-08
2017060410 8.29e-08
2017060411 8.43e-08
2017060412 8.27e-08
2017060413 8.32e-08
2017060414 8.37e-08
2017060415 8.14e-08
2017060416 8.15e-08
2017060417 9.1e-08
2017060418 9.21e-08
2017060419 9.15e-08
2017060420 9.19e-08
2017060421 9.17e-08
2017060422 8.9e-08
2017060423 9.03e-08
2017060500 9.34e-08
2017060501 9.45e-08
2017060502 9.32e-08
2017060503 9.3e-08
2017060504 9.54e-08
2017060505 1.009e-07
2017060506 1.023e-07
2017060507 1.034e-07
2017060508 9.85e-08
2017060509 9.96e-08
2017060510 1.017e-07
2017060511 9.85e-08
2017060512 9.55e-08
2017060513 9.62e-08
2017060514 9.57e-08
2017060515 1.112e-07
2017060516 9.81e-08
2017060517 1.031e-07
2017060518 1.09e-07
2017060519 1.115e-07
2017060520 1.144e-07
2017060521 1.81e-07
2017060522 1.511e-07
2017060523 1.178e-07
2017060600 1.182e-07
2017060601 1.181e-07
2017060602 1.149e-07
2017060603 1.156e-07
2017060604 1.14e-07
2017060605 1.2e-07
2017060606 1.304e-07
2017060607 1.386e-07
2017060608 1.226e-07
2017060609 9.53e-08
2017060610 8.64e-08
2017060611 9.04e-08
2017060612 9.29e-08
2017060613 8.91e-08
2017060614 8.63e-08
2017060615 8.1e-08
2017060616 8.48e-08
2017060617 8.47e-08
2017060618 8.59e-08
2017060619 8.91e-08
2017060620 8.55e-08
2017060621 8.44e-08
2017060622 8.29e-08
2017060623 8.42e-08
2017060700 8.24e-08
2017060701 8.38e-08
2017060702 8.6e-08
2017060703 9.02e-08
2017060704 8.58e-08
2017060705 8.42e-08
2017060706 8.84e-08
2017060707 9.3e-08
2017060708 9e-08
2017060709 8.62e-08
2017060710 8.76e-08
2017060711 8.73e-08
2017060712 8.56e-08
2017060713 8.57e-08
2017060714 8.76e-08
2017060715 8.71e-08
2017060716 8.76e-08
2017060717 8.56e-08
2017060718 8.69e-08
2017060719 8.56e-08
2017060720 9.07e-08
2017060721 1.059e-07
2017060722 1.149e-07
2017060723 1.054e-07
2017060800 1.006e-07
2017060801 1.016e-07
2017060802 1.038e-07
2017060803 1.029e-07
2017060804 1.023e-07
2017060805 1.043e-07
2017060806 1.254e-07
2017060807 1.412e-07
2017060808 1.178e-07
2017060809 1.202e-07
2017060810 1.049e-07
2017060811 1.016e-07
2017060812 1.009e-07
2017060813 1.006e-07
2017060814 1.036e-07
2017060815 1.13e-07
2017060816 1.094e-07
2017060817 1.174e-07
2017060818 1.176e-07
2017060819 1.12e-07
2017060820 1.266e-07
2017060821 1.335e-07
2017060822 1.393e-07
2017060823 1.443e-07
2017060900 1.328e-07
2017060901 1.226e-07
2017060902 1.159e-07
2017060903 1.121e-07
2017060904 1.2e-07
2017060905 1.129e-07
2017060906 1.239e-07
2017060907 1.358e-07
2017060908 1.302e-07
2017060909 1.283e-07
2017060910 1.156e-07
2017060911 9.66e-08
2017060912 8.48e-08
2017060913 8.34e-08
2017060914 8.69e-08
2017060915 9.3e-08
2017060916 1.031e-07
2017060917 1.064e-07
2017060918 1.075e-07
2017060919 1.147e-07
2017060920 1.207e-07
2017060921 1.209e-07
2017060922 1.26e-07
2017060923 1.36e-07
2017061000 1.326e-07
2017061001 1.094e-07
2017061002 1.099e-07
2017061003 1.183e-07
2017061004 1.043e-07
2017061005 1.096e-07
2017061006 1.161e-07
2017061007 1.212e-07
2017061008 1.063e-07
2017061009 9.47e-08
2017061010 9.88e-08
2017061011 9.67e-08
2017061012 9.35e-08
2017061013 8.65e-08
2017061014 8.79e-08
2017061015 8.72e-08
2017061016 8.9e-08
2017061017 9.3e-08
2017061018 1.017e-07
2017061019 9.88e-08
2017061020 1.12e-07
2017061021 1.268e-07
2017061022 1.27e-07
2017061023 1.286e-07
