2017060100 5.167e-08
2017060101 6.699e-08
2017060102 4.873e-08
2017060103 3.335e-08
2017060104 3.34e-08
2017060105 5.12e-08
2017060106 9.108e-08
2017060107 7.456e-08
2017060108 1.75e-09
2017060109 nan
2017060110 nan
2017060111 nan
2017060112 4.7e-10
2017060113 nan
2017060114 1.039e-08
2017060115 3.452e-08
2017060116 4.525e-08
2017060117 4.03e-08
2017060118 3.254e-08
2017060119 4.654e-08
2017060120 1.1207e-07
2017060121 1.3721e-07
2017060122 1.5845e-07
2017060123 1.3001e-07
2017060200 1.499e-07
2017060201 1.3981e-07
2017060202 1.2641e-07
2017060203 1.2534e-07
2017060204 1.2274e-07
2017060205 1.7382e-07
2017060206 1.5444e-07
2017060207 1.0036e-07
2017060208 nan
2017060209 2.2489e-07
2017060210 1.1732e-07
2017060211 1.3674e-07
2017060212 1.4681e-07
2017060213 1.5383e-07
2017060214 1.4865e-07
2017060215 1.9706e-07
2017060216 1.9403e-07
2017060217 1.8257e-07
2017060218 1.8879e-07
2017060219 1.762e-07
2017060220 1.9617e-07
2017060221 2.3629e-07
2017060222 1.885e-07
2017060223 2.3007e-07
2017060300 1.9651e-07
2017060301 2.1414e-07
2017060302 2.1697e-07
2017060303 2.1681e-07
2017060304 2.0338e-07
2017060305 2.0404e-07
2017060306 1.863e-07
2017060307 1.4162e-07
2017060308 1.4332e-07
2017060309 1.2358e-07
2017060310 1.2497e-07
2017060311 1.2435e-07
2017060312 1.1493e-07
2017060313 9.365e-08
2017060314 1.1071e-07
2017060315 1.0883e-07
2017060316 1.149e-07
2017060317 1.5402e-07
2017060318 1.4295e-07
2017060319 1.3816e-07
2017060320 1.6973e-07
2017060321 2.3859e-07
2017060322 2.2373e-07
2017060323 2.6893e-07
2017060400 2.5818e-07
2017060401 2.3165e-07
2017060402 1.9694e-07
2017060403 1.7539e-07
2017060404 1.6501e-07
2017060405 1.6311e-07
2017060406 1.3831e-07
2017060407 1.1464e-07
2017060408 1.003e-07
2017060409 9.272e-08
2017060410 8.442e-08
2017060411 7.703e-08
2017060412 9.045e-08
2017060413 1.0127e-07
2017060414 1.5958e-07
2017060415 1.5025e-07
2017060416 1.4139e-07
2017060417 1.7048e-07
2017060418 1.8016e-07
2017060419 1.7617e-07
2017060420 1.8451e-07
2017060421 1.7827e-07
2017060422 1.7245e-07
2017060423 1.763e-07
2017060500 1.8736e-07
2017060501 1.7588e-07
2017060502 1.8503e-07
2017060503 1.8975e-07
2017060504 1.9204e-07
2017060505 2.037e-07
2017060506 1.7399e-07
2017060507 1.2075e-07
2017060508 1.1585e-07
2017060509 9.39e-08
2017060510 1.0555e-07
2017060511 9.989e-08
2017060512 8.869e-08
2017060513 1.0141e-07
2017060514 1.303e-07
2017060515 1.7775e-07
2017060516 1.3079e-07
2017060517 1.3708e-07
2017060518 1.3981e-07
2017060519 1.4746e-07
2017060520 1.806e-07
2017060521 1.7833e-07
2017060522 1.8449e-07
2017060523 1.9479e-07
2017060600 1.9115e-07
2017060601 1.8854e-07
2017060602 1.8946e-07
2017060603 1.9214e-07
2017060604 2.0537e-07
2017060605 2.0821e-07
2017060606 1.8217e-07
2017060607 1.4922e-07
2017060608 1.3823e-07
2017060609 1.6479e-07
2017060610 1.6838e-07
2017060611 1.0282e-07
2017060612 1.0877e-07
2017060613 1.2254e-07
2017060614 1.0744e-07
2017060615 1.0662e-07
2017060616 1.3599e-07
2017060617 9.852e-08
2017060618 1.4367e-07
2017060619 1.3244e-07
2017060620 1.4403e-07
2017060621 1.3797e-07
2017060622 1.4392e-07
2017060623 1.465e-07
2017060700 1.4605e-07
2017060701 1.4346e-07
2017060702 1.3042e-07
2017060703 1.241e-07
2017060704 1.0379e-07
2017060705 5.374e-08
2017060706 1.098e-07
2017060707 1.6962e-07
2017060708 1.6605e-07
2017060709 1.4875e-07
2017060710 1.5488e-07
2017060711 1.7321e-07
2017060712 1.7138e-07
2017060713 1.8315e-07
2017060714 2.1432e-07
2017060715 2.2839e-07
2017060716 2.3552e-07
2017060717 2.9018e-07
2017060718 2.7886e-07
2017060719 2.558e-07
2017060720 2.4132e-07
2017060721 2.2971e-07
2017060722 2.01e-07
2017060723 1.9526e-07
2017060800 1.8892e-07
2017060801 1.8057e-07
2017060802 1.7783e-07
2017060803 1.7224e-07
2017060804 1.412e-07
2017060805 1.1199e-07
2017060806 1.8818e-07
2017060807 2.7752e-07
2017060808 2.8287e-07
2017060809 2.4767e-07
2017060810 2.5083e-07
2017060811 2.4492e-07
2017060812 2.5228e-07
2017060813 2.3982e-07
2017060814 2.2489e-07
2017060815 2.1786e-07
2017060816 2.2601e-07
2017060817 2.1786e-07
2017060818 2.2918e-07
2017060819 2.2449e-07
2017060820 2.4869e-07
2017060821 2.9634e-07
2017060822 2.8555e-07
2017060823 2.6222e-07
2017060900 2.3744e-07
2017060901 2.3426e-07
2017060902 2.3099e-07
2017060903 2.2502e-07
2017060904 2.1109e-07
2017060905 1.8099e-07
2017060906 2.7955e-07
2017060907 2.6935e-07
2017060908 2.6308e-07
2017060909 2.4124e-07
2017060910 2.2262e-07
2017060911 1.9482e-07
2017060912 1.9474e-07
2017060913 1.9571e-07
2017060914 1.8965e-07
2017060915 1.9767e-07
2017060916 1.9552e-07
2017060917 2.1794e-07
2017060918 2.0388e-07
2017060919 2.0077e-07
2017060920 2.3204e-07
2017060921 2.7074e-07
2017060922 2.647e-07
2017060923 2.6662e-07
2017061000 2.7582e-07
2017061001 2.7242e-07
2017061002 2.7236e-07
2017061003 2.6819e-07
2017061004 2.7616e-07
2017061005 2.4353e-07
2017061006 2.4399e-07
2017061007 2.5134e-07
2017061008 2.7372e-07
2017061009 2.9063e-07
2017061010 2.5383e-07
2017061011 2.1059e-07
2017061012 1.7499e-07
2017061013 1.5368e-07
2017061014 1.3921e-07
2017061015 1.4139e-07
2017061016 1.7934e-07
2017061017 1.6236e-07
2017061018 1.8962e-07
2017061019 1.8609e-07
2017061020 2.0761e-07
2017061021 2.2129e-07
2017061022 2.2554e-07
2017061023 2.3047e-07
