2017060100 3.89e-07
2017060101 nan
2017060102 3.56e-07
2017060103 3.48e-07
2017060104 nan
2017060105 3.65e-07
2017060106 4.03e-07
2017060107 4.04e-07
2017060108 3.55e-07
2017060109 3.27e-07
2017060110 3.37e-07
2017060111 3.45e-07
2017060112 3.17e-07
2017060113 3.17e-07
2017060114 3.13e-07
2017060115 3.08e-07
2017060116 3.05e-07
2017060117 2.85e-07
2017060118 2.91e-07
2017060119 2.85e-07
2017060120 2.8e-07
2017060121 2.81e-07
2017060122 2.91e-07
2017060123 3.08e-07
2017060200 2.91e-07
2017060201 nan
2017060202 3.09e-07
2017060203 nan
2017060204 2.96e-07
2017060205 2.95e-07
2017060206 3.04e-07
2017060207 3.3e-07
2017060208 3.25e-07
2017060209 2.89e-07
2017060210 2.84e-07
2017060211 2.6e-07
2017060212 2.61e-07
2017060213 2.87e-07
2017060214 2.9e-07
2017060215 2.76e-07
2017060216 2.67e-07
2017060217 2.61e-07
2017060218 2.8e-07
2017060219 2.84e-07
2017060220 3.24e-07
2017060221 3.32e-07
2017060222 3.74e-07
2017060223 3.75e-07
2017060300 4.08e-07
2017060301 nan
2017060302 nan
2017060303 3.59e-07
2017060304 3.6e-07
2017060305 3.65e-07
2017060306 3.69e-07
2017060307 3.6e-07
2017060308 3.6e-07
2017060309 3.49e-07
2017060310 3.48e-07
2017060311 3.25e-07
2017060312 3.05e-07
2017060313 3.09e-07
2017060314 3.05e-07
2017060315 3.18e-07
2017060316 2.97e-07
2017060317 2.92e-07
2017060318 3.2e-07
2017060319 3.82e-07
2017060320 4.17e-07
2017060321 4.03e-07
2017060322 3.93e-07
2017060323 3.68e-07
2017060400 3.68e-07
2017060401 nan
2017060402 3.75e-07
2017060403 3.77e-07
2017060404 3.77e-07
2017060405 3.77e-07
2017060406 3.87e-07
2017060407 4.26e-07
2017060408 3.96e-07
2017060409 4.01e-07
2017060410 3.88e-07
2017060411 4.01e-07
2017060412 3.76e-07
2017060413 3.76e-07
2017060414 3.19e-07
2017060415 3.25e-07
2017060416 3.1e-07
2017060417 2.99e-07
2017060418 2.68e-07
2017060419 2.64e-07
2017060420 2.53e-07
2017060421 2.39e-07
2017060422 2.71e-07
2017060423 2.75e-07
2017060500 nan
2017060501 nan
2017060502 2.53e-07
2017060503 2.52e-07
2017060504 2.55e-07
2017060505 2.48e-07
2017060506 2.71e-07
2017060507 2.77e-07
2017060508 2.91e-07
2017060509 2.61e-07
2017060510 2.32e-07
2017060511 2.22e-07
2017060512 2.24e-07
2017060513 2.12e-07
2017060514 2.27e-07
2017060515 2.11e-07
2017060516 1.95e-07
2017060517 1.99e-07
2017060518 2.04e-07
2017060519 2e-07
2017060520 2.03e-07
2017060521 2.21e-07
2017060522 2.57e-07
2017060523 nan
2017060600 2.19e-07
2017060601 nan
2017060602 2.61e-07
2017060603 2.66e-07
2017060604 2.66e-07
2017060605 2.59e-07
2017060606 2.87e-07
2017060607 2.85e-07
2017060608 2.73e-07
2017060609 2.66e-07
2017060610 2.69e-07
2017060611 2.57e-07
2017060612 2.73e-07
2017060613 2.57e-07
2017060614 2.54e-07
2017060615 2.89e-07
2017060616 2.99e-07
2017060617 2.66e-07
2017060618 2.54e-07
2017060619 2.66e-07
2017060620 2.5e-07
2017060621 2.52e-07
2017060622 nan
2017060623 2.53e-07
2017060700 2.25e-07
2017060701 nan
2017060702 1.97e-07
2017060703 1.86e-07
2017060704 1.74e-07
2017060705 1.81e-07
2017060706 1.68e-07
2017060707 1.69e-07
2017060708 1.74e-07
2017060709 1.53e-07
2017060710 1.41e-07
2017060711 1.39e-07
2017060712 1.25e-07
2017060713 1.3e-07
2017060714 1.35e-07
2017060715 1.19e-07
2017060716 1.3e-07
2017060717 1.42e-07
2017060718 1.33e-07
2017060719 1.33e-07
2017060720 1.47e-07
2017060721 nan
2017060722 1.65e-07
2017060723 1.55e-07
2017060800 1.46e-07
2017060801 nan
2017060802 1.46e-07
2017060803 1.55e-07
2017060804 1.55e-07
2017060805 1.54e-07
2017060806 1.62e-07
2017060807 1.6e-07
2017060808 1.7e-07
2017060809 1.71e-07
2017060810 1.58e-07
2017060811 1.41e-07
2017060812 1.32e-07
2017060813 1.23e-07
2017060814 1.2e-07
2017060815 1.21e-07
2017060816 1.22e-07
2017060817 1.22e-07
2017060818 1.3e-07
2017060819 1.3e-07
2017060820 nan
2017060821 2.04e-07
2017060822 2.29e-07
2017060823 2.26e-07
2017060900 1.88e-07
2017060901 nan
2017060902 1.86e-07
2017060903 1.84e-07
2017060904 1.86e-07
2017060905 1.93e-07
2017060906 2.07e-07
2017060907 2.13e-07
2017060908 2.11e-07
2017060909 2.03e-07
2017060910 1.71e-07
2017060911 1.69e-07
2017060912 1.48e-07
2017060913 1.54e-07
2017060914 1.57e-07
2017060915 1.56e-07
2017060916 1.5e-07
2017060917 1.63e-07
2017060918 1.95e-07
2017060919 nan
2017060920 2.17e-07
2017060921 2.18e-07
2017060922 2.13e-07
2017060923 2.26e-07
2017061000 2.29e-07
2017061001 nan
2017061002 2.34e-07
2017061003 2.34e-07
2017061004 2.35e-07
2017061005 2.26e-07
2017061006 2.18e-07
2017061007 2.06e-07
2017061008 1.95e-07
2017061009 1.83e-07
2017061010 1.76e-07
2017061011 1.64e-07
2017061012 1.47e-07
2017061013 1.47e-07
2017061014 1.49e-07
2017061015 1.51e-07
2017061016 1.51e-07
2017061017 1.5e-07
2017061018 nan
2017061019 1.53e-07
2017061020 1.77e-07
2017061021 2.24e-07
2017061022 2.33e-07
2017061023 3.04e-07
