2017060100 1.63e-07
2017060101 1.562e-07
2017060102 1.59e-07
2017060103 1.553e-07
2017060104 1.427e-07
2017060105 1.483e-07
2017060106 1.731e-07
2017060107 2.062e-07
2017060108 1.821e-07
2017060109 1.874e-07
2017060110 1.919e-07
2017060111 1.74e-07
2017060112 1.732e-07
2017060113 1.651e-07
2017060114 1.601e-07
2017060115 1.567e-07
2017060116 1.546e-07
2017060117 1.59e-07
2017060118 1.571e-07
2017060119 1.655e-07
2017060120 1.889e-07
2017060121 1.957e-07
2017060122 1.482e-07
2017060123 1.445e-07
2017060200 1.386e-07
2017060201 1.419e-07
2017060202 1.583e-07
2017060203 1.586e-07
2017060204 1.597e-07
2017060205 1.67e-07
2017060206 1.715e-07
2017060207 1.708e-07
2017060208 1.751e-07
2017060209 1.742e-07
2017060210 1.695e-07
2017060211 1.753e-07
2017060212 1.651e-07
2017060213 1.551e-07
2017060214 1.57e-07
2017060215 1.468e-07
2017060216 1.624e-07
2017060217 1.538e-07
2017060218 1.639e-07
2017060219 1.615e-07
2017060220 1.677e-07
2017060221 1.547e-07
2017060222 1.492e-07
2017060223 1.514e-07
2017060300 1.596e-07
2017060301 1.514e-07
2017060302 1.748e-07
2017060303 1.636e-07
2017060304 1.679e-07
2017060305 1.69e-07
2017060306 1.936e-07
2017060307 1.796e-07
2017060308 1.464e-07
2017060309 1.458e-07
2017060310 1.528e-07
2017060311 1.654e-07
2017060312 1.616e-07
2017060313 1.589e-07
2017060314 1.598e-07
2017060315 1.545e-07
2017060316 1.582e-07
2017060317 1.713e-07
2017060318 1.819e-07
2017060319 1.776e-07
2017060320 1.655e-07
2017060321 1.461e-07
2017060322 1.623e-07
2017060323 1.521e-07
2017060400 1.516e-07
2017060401 1.5e-07
2017060402 1.44e-07
2017060403 1.347e-07
2017060404 1.351e-07
2017060405 1.328e-07
2017060406 1.324e-07
2017060407 1.319e-07
2017060408 1.327e-07
2017060409 1.318e-07
2017060410 1.263e-07
2017060411 1.259e-07
2017060412 1.242e-07
2017060413 1.19e-07
2017060414 1.184e-07
2017060415 1.207e-07
2017060416 1.211e-07
2017060417 1.236e-07
2017060418 1.271e-07
2017060419 1.339e-07
2017060420 1.389e-07
2017060421 1.504e-07
2017060422 1.659e-07
2017060423 1.85e-07
2017060500 1.66e-07
2017060501 1.446e-07
2017060502 1.406e-07
2017060503 1.384e-07
2017060504 1.367e-07
2017060505 1.423e-07
2017060506 1.403e-07
2017060507 1.511e-07
2017060508 1.516e-07
2017060509 1.473e-07
2017060510 1.555e-07
2017060511 1.569e-07
2017060512 1.557e-07
2017060513 1.544e-07
2017060514 1.556e-07
2017060515 1.624e-07
2017060516 1.671e-07
2017060517 1.622e-07
2017060518 1.642e-07
2017060519 1.639e-07
2017060520 1.798e-07
2017060521 1.748e-07
2017060522 2.022e-07
2017060523 2.093e-07
2017060600 1.929e-07
2017060601 2.199e-07
2017060602 2.27e-07
2017060603 2.034e-07
2017060604 2.011e-07
2017060605 1.99e-07
2017060606 2.222e-07
2017060607 2.383e-07
2017060608 2.088e-07
2017060609 1.882e-07
2017060610 1.582e-07
2017060611 1.454e-07
2017060612 1.412e-07
2017060613 1.468e-07
2017060614 1.384e-07
2017060615 1.388e-07
2017060616 1.442e-07
2017060617 1.396e-07
2017060618 1.353e-07
2017060619 1.25e-07
2017060620 1.231e-07
2017060621 1.337e-07
2017060622 1.295e-07
2017060623 1.189e-07
2017060700 1.185e-07
2017060701 1.157e-07
2017060702 1.164e-07
2017060703 1.159e-07
2017060704 1.418e-07
2017060705 1.471e-07
2017060706 1.355e-07
2017060707 1.488e-07
2017060708 1.418e-07
2017060709 1.334e-07
2017060710 nan
2017060711 1.196e-07
2017060712 1.264e-07
2017060713 1.237e-07
2017060714 1.231e-07
2017060715 1.252e-07
2017060716 1.328e-07
2017060717 1.337e-07
2017060718 1.38e-07
2017060719 1.316e-07
2017060720 1.403e-07
2017060721 1.489e-07
2017060722 1.87e-07
2017060723 2.003e-07
2017060800 1.846e-07
2017060801 2.154e-07
2017060802 1.92e-07
2017060803 1.505e-07
2017060804 1.463e-07
2017060805 1.853e-07
2017060806 2.369e-07
2017060807 2.19e-07
2017060808 1.927e-07
2017060809 1.513e-07
2017060810 1.547e-07
2017060811 1.437e-07
2017060812 1.348e-07
2017060813 1.354e-07
2017060814 1.501e-07
2017060815 1.531e-07
2017060816 1.622e-07
2017060817 1.666e-07
2017060818 1.583e-07
2017060819 1.571e-07
2017060820 1.81e-07
2017060821 2.235e-07
2017060822 2.698e-07
2017060823 2.563e-07
2017060900 2.919e-07
2017060901 2.65e-07
2017060902 2.344e-07
2017060903 2.183e-07
2017060904 2.155e-07
2017060905 2.081e-07
2017060906 2.785e-07
2017060907 2.788e-07
2017060908 3.076e-07
2017060909 2.676e-07
2017060910 1.738e-07
2017060911 1.691e-07
2017060912 1.485e-07
2017060913 1.45e-07
2017060914 1.352e-07
2017060915 1.37e-07
2017060916 1.492e-07
2017060917 1.583e-07
2017060918 1.376e-07
2017060919 1.464e-07
2017060920 1.728e-07
2017060921 1.736e-07
2017060922 1.831e-07
2017060923 2.413e-07
2017061000 1.873e-07
2017061001 1.387e-07
2017061002 1.275e-07
2017061003 1.256e-07
2017061004 1.284e-07
2017061005 1.409e-07
2017061006 1.386e-07
2017061007 1.401e-07
2017061008 1.335e-07
2017061009 1.41e-07
2017061010 1.338e-07
2017061011 1.311e-07
2017061012 1.344e-07
2017061013 1.368e-07
2017061014 1.367e-07
2017061015 1.375e-07
2017061016 1.335e-07
2017061017 1.321e-07
2017061018 1.454e-07
2017061019 1.469e-07
2017061020 1.58e-07
2017061021 2.436e-07
2017061022 3.108e-07
2017061023 3.279e-07
