2017060100 3.58e-08
2017060101 nan
2017060102 2.45e-08
2017060103 nan
2017060104 2.3e-08
2017060105 2.75e-08
2017060106 2.96e-08
2017060107 2.03e-08
2017060108 1.17e-08
2017060109 8.2e-09
2017060110 1.22e-08
2017060111 1.3e-08
2017060112 7.1e-09
2017060113 6.7e-09
2017060114 6.1e-09
2017060115 6.9e-09
2017060116 6.3e-09
2017060117 5e-09
2017060118 4.8e-09
2017060119 5.5e-09
2017060120 1.03e-08
2017060121 4.84e-08
2017060122 4.06e-08
2017060123 4.21e-08
2017060200 4e-08
2017060201 nan
2017060202 nan
2017060203 4.13e-08
2017060204 3.33e-08
2017060205 2.37e-08
2017060206 1.93e-08
2017060207 3.18e-08
2017060208 3.67e-08
2017060209 2.37e-08
2017060210 1.45e-08
2017060211 8.2e-09
2017060212 5.4e-09
2017060213 6.7e-09
2017060214 1.09e-08
2017060215 1.21e-08
2017060216 7.3e-09
2017060217 6.3e-09
2017060218 5.5e-09
2017060219 6.3e-09
2017060220 1.63e-08
2017060221 3.35e-08
2017060222 3.12e-08
2017060223 5.6e-08
2017060300 3.73e-08
2017060301 nan
2017060302 3.5e-08
2017060303 3.19e-08
2017060304 3.21e-08
2017060305 2.87e-08
2017060306 3.14e-08
2017060307 2.75e-08
2017060308 2.31e-08
2017060309 1.19e-08
2017060310 1.93e-08
2017060311 1.89e-08
2017060312 6.9e-09
2017060313 7.3e-09
2017060314 6.9e-09
2017060315 9.4e-09
2017060316 9.2e-09
2017060317 8e-09
2017060318 1.01e-08
2017060319 1.68e-08
2017060320 2.2e-08
2017060321 5.55e-08
2017060322 4.23e-08
2017060323 6.18e-08
2017060400 nan
2017060401 nan
2017060402 3.98e-08
2017060403 3.25e-08
2017060404 4.51e-08
2017060405 2.6e-08
2017060406 2.2e-08
2017060407 2.75e-08
2017060408 2.83e-08
2017060409 7.3e-09
2017060410 4.2e-09
2017060411 3.8e-09
2017060412 3.8e-09
2017060413 3.6e-09
2017060414 4.2e-09
2017060415 4e-09
2017060416 9.6e-09
2017060417 1.19e-08
2017060418 1.99e-08
2017060419 1.42e-08
2017060420 5e-09
2017060421 5.9e-09
2017060422 5.5e-09
2017060423 nan
2017060500 3.8e-09
2017060501 nan
2017060502 3.1e-09
2017060503 3.4e-09
2017060504 5.5e-09
2017060505 2.6e-08
2017060506 2.68e-08
2017060507 1.05e-08
2017060508 9.2e-09
2017060509 1.03e-08
2017060510 6.7e-09
2017060511 6.5e-09
2017060512 8.4e-09
2017060513 9.9e-09
2017060514 1.66e-08
2017060515 nan
2017060516 1.11e-08
2017060517 1.09e-08
2017060518 1.36e-08
2017060519 1.11e-08
2017060520 1.34e-08
2017060521 1.45e-08
2017060522 nan
2017060523 1.78e-08
2017060600 2.75e-08
2017060601 nan
2017060602 2.3e-08
2017060603 4.15e-08
2017060604 3.67e-08
2017060605 4.19e-08
2017060606 nan
2017060607 4.06e-08
2017060608 2.22e-08
2017060609 1.47e-08
2017060610 8.2e-09
2017060611 5.9e-09
2017060612 6.1e-09
2017060613 6.5e-09
2017060614 6.3e-09
2017060615 6.3e-09
2017060616 7.8e-09
2017060617 7.8e-09
2017060618 6.3e-09
2017060619 7.1e-09
2017060620 8.8e-09
2017060621 nan
2017060622 7.8e-09
2017060623 7.5e-09
2017060700 9.2e-09
2017060701 nan
2017060702 1.36e-08
2017060703 1.19e-08
2017060704 8.2e-09
2017060705 9.9e-09
2017060706 2.2e-08
2017060707 nan
2017060708 1.65e-08
2017060709 1.78e-08
2017060710 1.43e-08
2017060711 8.4e-09
2017060712 8.8e-09
2017060713 6.7e-09
2017060714 7.5e-09
2017060715 9.2e-09
2017060716 7.3e-09
2017060717 7.3e-09
2017060718 2.7e-08
2017060719 2.66e-08
2017060720 nan
2017060721 3.19e-08
2017060722 3.73e-08
2017060723 3.54e-08
2017060800 2.53e-08
2017060801 nan
2017060802 2.89e-08
2017060803 2.96e-08
2017060804 3.6e-08
2017060805 3.81e-08
2017060806 3.35e-08
2017060807 2.87e-08
2017060808 2.14e-08
2017060809 1.26e-08
2017060810 1.13e-08
2017060811 1.05e-08
2017060812 1.22e-08
2017060813 1.55e-08
2017060814 1.76e-08
2017060815 1.68e-08
2017060816 1.8e-08
2017060817 1.76e-08
2017060818 1.49e-08
2017060819 nan
2017060820 1.89e-08
2017060821 4.23e-08
2017060822 6.62e-08
2017060823 5.41e-08
2017060900 4.92e-08
2017060901 nan
2017060902 4.61e-08
2017060903 3.81e-08
2017060904 3.39e-08
2017060905 2.95e-08
2017060906 3.06e-08
2017060907 3.69e-08
2017060908 4.82e-08
2017060909 4.71e-08
2017060910 1.76e-08
2017060911 1.43e-08
2017060912 1.26e-08
2017060913 1.51e-08
2017060914 1.68e-08
2017060915 1.4e-08
2017060916 1.95e-08
2017060917 1.76e-08
2017060918 nan
2017060919 1.36e-08
2017060920 1.72e-08
2017060921 1.86e-08
2017060922 7.54e-08
2017060923 5.8e-08
2017061000 4.88e-08
2017061001 nan
2017061002 4.65e-08
2017061003 4.8e-08
2017061004 4.4e-08
2017061005 3.37e-08
2017061006 2.89e-08
2017061007 1.4e-08
2017061008 2.47e-08
2017061009 1.15e-08
2017061010 9.2e-09
2017061011 8e-09
2017061012 6.1e-09
2017061013 6.1e-09
2017061014 5e-09
2017061015 5.4e-09
2017061016 9e-09
2017061017 nan
2017061018 9e-09
2017061019 6.5e-09
2017061020 1.01e-08
2017061021 2.18e-08
2017061022 2.68e-08
2017061023 3.12e-08
