2017060100 2.03e-07
2017060101 1.995e-07
2017060102 1.979e-07
2017060103 1.851e-07
2017060104 1.762e-07
2017060105 1.822e-07
2017060106 1.919e-07
2017060107 2.167e-07
2017060108 2.465e-07
2017060109 2.439e-07
2017060110 nan
2017060111 2.087e-07
2017060112 2.027e-07
2017060113 2.056e-07
2017060114 2.019e-07
2017060115 2.11e-07
2017060116 2.022e-07
2017060117 1.971e-07
2017060118 2.145e-07
2017060119 2.048e-07
2017060120 2.231e-07
2017060121 3.345e-07
2017060122 1.883e-07
2017060123 1.827e-07
2017060200 1.79e-07
2017060201 1.875e-07
2017060202 1.845e-07
2017060203 1.838e-07
2017060204 1.866e-07
2017060205 1.841e-07
2017060206 1.931e-07
2017060207 1.876e-07
2017060208 1.964e-07
2017060209 2.14e-07
2017060210 2.021e-07
2017060211 1.963e-07
2017060212 1.891e-07
2017060213 1.799e-07
2017060214 1.822e-07
2017060215 1.881e-07
2017060216 2.081e-07
2017060217 2.085e-07
2017060218 2.259e-07
2017060219 2.197e-07
2017060220 2.198e-07
2017060221 2.094e-07
2017060222 1.97e-07
2017060223 1.998e-07
2017060300 1.99e-07
2017060301 2.003e-07
2017060302 2.167e-07
2017060303 2.045e-07
2017060304 1.873e-07
2017060305 1.814e-07
2017060306 2.095e-07
2017060307 1.896e-07
2017060308 1.735e-07
2017060309 1.85e-07
2017060310 1.947e-07
2017060311 1.973e-07
2017060312 1.992e-07
2017060313 1.923e-07
2017060314 1.951e-07
2017060315 1.899e-07
2017060316 2.15e-07
2017060317 2.136e-07
2017060318 2.554e-07
2017060319 2.409e-07
2017060320 2.236e-07
2017060321 2.089e-07
2017060322 2.122e-07
2017060323 1.821e-07
2017060400 1.824e-07
2017060401 1.833e-07
2017060402 1.706e-07
2017060403 1.676e-07
2017060404 1.725e-07
2017060405 1.74e-07
2017060406 1.781e-07
2017060407 1.711e-07
2017060408 1.659e-07
2017060409 1.641e-07
2017060410 1.575e-07
2017060411 1.582e-07
2017060412 1.597e-07
2017060413 1.548e-07
2017060414 1.554e-07
2017060415 1.546e-07
2017060416 1.55e-07
2017060417 1.564e-07
2017060418 1.799e-07
2017060419 1.872e-07
2017060420 1.946e-07
2017060421 2.012e-07
2017060422 2.218e-07
2017060423 2.212e-07
2017060500 2.364e-07
2017060501 2.234e-07
2017060502 1.839e-07
2017060503 1.844e-07
2017060504 1.741e-07
2017060505 1.776e-07
2017060506 1.742e-07
2017060507 1.754e-07
2017060508 1.794e-07
2017060509 1.843e-07
2017060510 1.963e-07
2017060511 1.911e-07
2017060512 1.901e-07
2017060513 1.936e-07
2017060514 1.848e-07
2017060515 2.06e-07
2017060516 2.006e-07
2017060517 1.957e-07
2017060518 2.094e-07
2017060519 2.055e-07
2017060520 1.932e-07
2017060521 2.17e-07
2017060522 2.205e-07
2017060523 2.387e-07
2017060600 2.541e-07
2017060601 2.488e-07
2017060602 2.435e-07
2017060603 2.343e-07
2017060604 2.308e-07
2017060605 2.328e-07
2017060606 2.595e-07
2017060607 2.817e-07
2017060608 2.451e-07
2017060609 2.081e-07
2017060610 1.952e-07
2017060611 1.763e-07
2017060612 1.747e-07
2017060613 1.847e-07
2017060614 1.754e-07
2017060615 1.651e-07
2017060616 1.671e-07
2017060617 1.704e-07
2017060618 1.734e-07
2017060619 1.643e-07
2017060620 1.662e-07
2017060621 1.891e-07
2017060622 1.721e-07
2017060623 1.603e-07
2017060700 1.583e-07
2017060701 1.514e-07
2017060702 1.508e-07
2017060703 1.508e-07
2017060704 1.532e-07
2017060705 1.543e-07
2017060706 1.68e-07
2017060707 1.688e-07
2017060708 1.764e-07
2017060709 1.667e-07
2017060710 1.644e-07
2017060711 1.804e-07
2017060712 1.837e-07
2017060713 1.782e-07
2017060714 1.703e-07
2017060715 1.661e-07
2017060716 1.827e-07
2017060717 1.985e-07
2017060718 2.015e-07
2017060719 2.034e-07
2017060720 1.942e-07
2017060721 2.177e-07
2017060722 2.64e-07
2017060723 2.876e-07
2017060800 2.604e-07
2017060801 2.181e-07
2017060802 1.912e-07
2017060803 1.716e-07
2017060804 1.804e-07
2017060805 2.376e-07
2017060806 2.85e-07
2017060807 3.095e-07
2017060808 3.126e-07
2017060809 2.783e-07
2017060810 2.103e-07
2017060811 2.269e-07
2017060812 2.221e-07
2017060813 2.112e-07
2017060814 1.88e-07
2017060815 1.973e-07
2017060816 2.154e-07
2017060817 2.262e-07
2017060818 3.106e-07
2017060819 3.603e-07
2017060820 3.617e-07
2017060821 4.496e-07
2017060822 4.253e-07
2017060823 3.598e-07
2017060900 2.844e-07
2017060901 2.866e-07
2017060902 2.965e-07
2017060903 3.151e-07
2017060904 2.918e-07
2017060905 2.968e-07
2017060906 3.02e-07
2017060907 3.145e-07
2017060908 3.198e-07
2017060909 2.606e-07
2017060910 2.126e-07
2017060911 2.267e-07
2017060912 2.178e-07
2017060913 2.026e-07
2017060914 1.881e-07
2017060915 1.945e-07
2017060916 2.514e-07
2017060917 3.35e-07
2017060918 4.34e-07
2017060919 5.594e-07
2017060920 5.286e-07
2017060921 4.2e-07
2017060922 2.816e-07
2017060923 3.623e-07
2017061000 2.514e-07
2017061001 2.159e-07
2017061002 1.814e-07
2017061003 1.607e-07
2017061004 1.576e-07
2017061005 1.614e-07
2017061006 1.81e-07
2017061007 1.894e-07
2017061008 2.095e-07
2017061009 2.049e-07
2017061010 1.792e-07
2017061011 1.718e-07
2017061012 1.758e-07
2017061013 1.831e-07
2017061014 1.833e-07
2017061015 1.802e-07
2017061016 1.962e-07
2017061017 2.039e-07
2017061018 2.257e-07
2017061019 2.345e-07
2017061020 3.043e-07
2017061021 4.048e-07
2017061022 4.259e-07
2017061023 5.33e-07
