2017060100 nan
2017060101 nan
2017060102 2.03e-08
2017060103 3.18e-08
2017060104 4.11e-08
2017060105 2.35e-08
2017060106 2.62e-08
2017060107 1.78e-08
2017060108 9.2e-09
2017060109 7.8e-09
2017060110 7.5e-09
2017060111 7.7e-09
2017060112 nan
2017060113 5.4e-09
2017060114 6.5e-09
2017060115 5.9e-09
2017060116 8.6e-09
2017060117 6.9e-09
2017060118 7.1e-09
2017060119 5.9e-09
2017060120 1.09e-08
2017060121 2.43e-08
2017060122 6.03e-08
2017060123 5.13e-08
2017060200 4.07e-08
2017060201 nan
2017060202 4.17e-08
2017060203 3.73e-08
2017060204 2.49e-08
2017060205 2.35e-08
2017060206 2.45e-08
2017060207 3.6e-08
2017060208 4.13e-08
2017060209 4.23e-08
2017060210 3.02e-08
2017060211 nan
2017060212 7.7e-09
2017060213 1.11e-08
2017060214 5.9e-09
2017060215 4.8e-09
2017060216 8.8e-09
2017060217 5.4e-09
2017060218 4.4e-09
2017060219 5.5e-09
2017060220 1.19e-08
2017060221 5.36e-08
2017060222 3.48e-08
2017060223 3.67e-08
2017060300 4.15e-08
2017060301 nan
2017060302 3.58e-08
2017060303 2.68e-08
2017060304 2.64e-08
2017060305 1.95e-08
2017060306 2.22e-08
2017060307 1.99e-08
2017060308 1.7e-08
2017060309 1.01e-08
2017060310 nan
2017060311 1.51e-08
2017060312 5.4e-09
2017060313 6.1e-09
2017060314 1.05e-08
2017060315 6.1e-09
2017060316 4.8e-09
2017060317 1.72e-08
2017060318 1.7e-08
2017060319 2.1e-08
2017060320 2.03e-08
2017060321 2.35e-08
2017060322 9.6e-09
2017060323 1.05e-08
2017060400 9.9e-09
2017060401 nan
2017060402 1.13e-08
2017060403 1.07e-08
2017060404 1.34e-08
2017060405 1.22e-08
2017060406 9.9e-09
2017060407 7.1e-09
2017060408 6.3e-09
2017060409 nan
2017060410 5.9e-09
2017060411 7.1e-09
2017060412 4.6e-09
2017060413 3.6e-09
2017060414 2.5e-09
2017060415 3.3e-09
2017060416 4.4e-09
2017060417 4.8e-09
2017060418 5.9e-09
2017060419 5.5e-09
2017060420 5.5e-09
2017060421 5.2e-09
2017060422 4.2e-09
2017060423 4.6e-09
2017060500 6.7e-09
2017060501 nan
2017060502 1.4e-08
2017060503 1.3e-08
2017060504 2.1e-08
2017060505 2.14e-08
2017060506 2.64e-08
2017060507 2.53e-08
2017060508 nan
2017060509 1.8e-08
2017060510 1.59e-08
2017060511 1.95e-08
2017060512 1.68e-08
2017060513 1.45e-08
2017060514 1.19e-08
2017060515 5.7e-09
2017060516 6.5e-09
2017060517 1.49e-08
2017060518 1.49e-08
2017060519 2.54e-08
2017060520 3.4e-08
2017060521 3.18e-08
2017060522 2.12e-08
2017060523 2.22e-08
2017060600 1.68e-08
2017060601 nan
2017060602 2.47e-08
2017060603 1.95e-08
2017060604 2.77e-08
2017060605 3.79e-08
2017060606 4.8e-08
2017060607 nan
2017060608 3.67e-08
2017060609 1.74e-08
2017060610 7.8e-09
2017060611 5.4e-09
2017060612 8e-09
2017060613 1.34e-08
2017060614 2.89e-08
2017060615 4.72e-08
2017060616 4.95e-08
2017060617 3.42e-08
2017060618 4.25e-08
2017060619 2.09e-08
2017060620 3.8e-09
2017060621 4.4e-09
2017060622 5.4e-09
2017060623 3.3e-09
2017060700 3.6e-09
2017060701 nan
2017060702 3.8e-09
2017060703 4e-09
2017060704 4.4e-09
2017060705 6.9e-09
2017060706 nan
2017060707 6.5e-09
2017060708 4.2e-09
2017060709 4.2e-09
2017060710 3.1e-09
2017060711 4e-09
2017060712 3.4e-09
2017060713 3.3e-09
2017060714 3.1e-09
2017060715 3.3e-09
2017060716 4e-09
2017060717 3.8e-09
2017060718 3.6e-09
2017060719 5.2e-09
2017060720 6.3e-09
2017060721 8.4e-09
2017060722 1.09e-08
2017060723 5.7e-09
2017060800 5e-09
2017060801 nan
2017060802 7.7e-09
2017060803 1.11e-08
2017060804 2.26e-08
2017060805 nan
2017060806 3.4e-08
2017060807 1.91e-08
2017060808 1.11e-08
2017060809 9.4e-09
2017060810 8e-09
2017060811 6.9e-09
2017060812 5e-09
2017060813 5.9e-09
2017060814 9.4e-09
2017060815 5.4e-09
2017060816 8e-09
2017060817 7.8e-09
2017060818 6.9e-09
2017060819 1.24e-08
2017060820 1.86e-08
2017060821 3.6e-08
2017060822 2.58e-08
2017060823 3.12e-08
2017060900 1.99e-08
2017060901 nan
2017060902 2.03e-08
2017060903 2.26e-08
2017060904 nan
2017060905 3.31e-08
2017060906 3.48e-08
2017060907 3.21e-08
2017060908 3.14e-08
2017060909 2.3e-08
2017060910 1.89e-08
2017060911 1.93e-08
2017060912 2.98e-08
2017060913 2.35e-08
2017060914 1.63e-08
2017060915 2.22e-08
2017060916 2.03e-08
2017060917 1.65e-08
2017060918 1.59e-08
2017060919 2.09e-08
2017060920 2.07e-08
2017060921 2.54e-08
2017060922 2.28e-08
2017060923 1.38e-08
2017061000 8e-09
2017061001 nan
2017061002 4e-09
2017061003 nan
2017061004 5.7e-09
2017061005 5.4e-09
2017061006 6.5e-09
2017061007 5.9e-09
2017061008 5.5e-09
2017061009 4.8e-09
2017061010 3.6e-09
2017061011 3.1e-09
2017061012 3.4e-09
2017061013 3.6e-09
2017061014 2.7e-09
2017061015 3.8e-09
2017061016 4e-09
2017061017 1.03e-08
2017061018 7.7e-09
2017061019 1.45e-08
2017061020 2.03e-08
2017061021 2.12e-08
2017061022 1.95e-08
2017061023 2.54e-08
