2017060100 2.95e-08
2017060101 nan
2017060102 1.47e-08
2017060103 1.19e-08
2017060104 nan
2017060105 1.74e-08
2017060106 2.09e-08
2017060107 2.79e-08
2017060108 2.43e-08
2017060109 1.61e-08
2017060110 1.61e-08
2017060111 1.21e-08
2017060112 7.5e-09
2017060113 6.1e-09
2017060114 5.4e-09
2017060115 6.1e-09
2017060116 5.2e-09
2017060117 5.2e-09
2017060118 6.9e-09
2017060119 9.8e-09
2017060120 1.45e-08
2017060121 2.87e-08
2017060122 3.1e-08
2017060123 3.62e-08
2017060200 3.4e-08
2017060201 nan
2017060202 3.62e-08
2017060203 nan
2017060204 2.53e-08
2017060205 2.62e-08
2017060206 2.16e-08
2017060207 2.31e-08
2017060208 2.56e-08
2017060209 1.82e-08
2017060210 1.42e-08
2017060211 1.19e-08
2017060212 1.07e-08
2017060213 1.43e-08
2017060214 1.78e-08
2017060215 9.9e-09
2017060216 7.3e-09
2017060217 6.9e-09
2017060218 7.1e-09
2017060219 9.8e-09
2017060220 2.05e-08
2017060221 3.42e-08
2017060222 4.67e-08
2017060223 3.86e-08
2017060300 4.32e-08
2017060301 nan
2017060302 nan
2017060303 1.84e-08
2017060304 2.41e-08
2017060305 3.27e-08
2017060306 2.03e-08
2017060307 1.55e-08
2017060308 1.68e-08
2017060309 1.78e-08
2017060310 1.36e-08
2017060311 9.2e-09
2017060312 4.6e-09
2017060313 4.4e-09
2017060314 4e-09
2017060315 5e-09
2017060316 4.4e-09
2017060317 4.8e-09
2017060318 1.28e-08
2017060319 2.91e-08
2017060320 2.91e-08
2017060321 2.26e-08
2017060322 2.35e-08
2017060323 1.43e-08
2017060400 1.42e-08
2017060401 nan
2017060402 1.7e-08
2017060403 1.59e-08
2017060404 2.26e-08
2017060405 2.28e-08
2017060406 1.22e-08
2017060407 1.07e-08
2017060408 1.13e-08
2017060409 8.2e-09
2017060410 5.4e-09
2017060411 7.5e-09
2017060412 3.4e-09
2017060413 5e-09
2017060414 3.8e-09
2017060415 3.8e-09
2017060416 3.4e-09
2017060417 4.6e-09
2017060418 3.6e-09
2017060419 4.2e-09
2017060420 6.5e-09
2017060421 8.6e-09
2017060422 1.87e-08
2017060423 2.37e-08
2017060500 nan
2017060501 nan
2017060502 1.24e-08
2017060503 1.17e-08
2017060504 1.05e-08
2017060505 1.09e-08
2017060506 1.13e-08
2017060507 1.15e-08
2017060508 1.21e-08
2017060509 7.8e-09
2017060510 4e-09
2017060511 3.6e-09
2017060512 4.6e-09
2017060513 5.2e-09
2017060514 5e-09
2017060515 5e-09
2017060516 5.7e-09
2017060517 6.3e-09
2017060518 8.4e-09
2017060519 1.03e-08
2017060520 1.19e-08
2017060521 1.42e-08
2017060522 2.89e-08
2017060523 nan
2017060600 1.11e-08
2017060601 nan
2017060602 1.7e-08
2017060603 1.87e-08
2017060604 2.24e-08
2017060605 2.54e-08
2017060606 2.53e-08
2017060607 1.78e-08
2017060608 8.6e-09
2017060609 5.5e-09
2017060610 4.2e-09
2017060611 3.6e-09
2017060612 4.6e-09
2017060613 3.8e-09
2017060614 5.5e-09
2017060615 1.17e-08
2017060616 8.4e-09
2017060617 8e-09
2017060618 8.6e-09
2017060619 9.9e-09
2017060620 7.1e-09
2017060621 5.4e-09
2017060622 nan
2017060623 6.1e-09
2017060700 5.9e-09
2017060701 nan
2017060702 3.8e-09
2017060703 4.4e-09
2017060704 4.2e-09
2017060705 6.9e-09
2017060706 5.7e-09
2017060707 6.5e-09
2017060708 8.6e-09
2017060709 6.1e-09
2017060710 5.5e-09
2017060711 4.6e-09
2017060712 4e-09
2017060713 4.8e-09
2017060714 5.5e-09
2017060715 3.8e-09
2017060716 4.4e-09
2017060717 4.8e-09
2017060718 5.7e-09
2017060719 6.3e-09
2017060720 1.24e-08
2017060721 nan
2017060722 8.6e-09
2017060723 6.7e-09
2017060800 5e-09
2017060801 nan
2017060802 3.6e-09
2017060803 5.9e-09
2017060804 7.7e-09
2017060805 1.05e-08
2017060806 9.8e-09
2017060807 7.7e-09
2017060808 8.4e-09
2017060809 6.7e-09
2017060810 5.7e-09
2017060811 4e-09
2017060812 3.6e-09
2017060813 3.4e-09
2017060814 3.8e-09
2017060815 3.3e-09
2017060816 4e-09
2017060817 3.8e-09
2017060818 3.6e-09
2017060819 5.7e-09
2017060820 nan
2017060821 2.93e-08
2017060822 4.57e-08
2017060823 3.52e-08
2017060900 2.56e-08
2017060901 nan
2017060902 1.72e-08
2017060903 1.09e-08
2017060904 1.45e-08
2017060905 1.61e-08
2017060906 1.95e-08
2017060907 1.87e-08
2017060908 1.8e-08
2017060909 1.55e-08
2017060910 6.1e-09
2017060911 5.4e-09
2017060912 4.6e-09
2017060913 4.4e-09
2017060914 5.4e-09
2017060915 4.8e-09
2017060916 4.8e-09
2017060917 6.1e-09
2017060918 1.66e-08
2017060919 nan
2017060920 2.26e-08
2017060921 1.91e-08
2017060922 5.7e-09
2017060923 6.1e-09
2017061000 3.1e-09
2017061001 nan
2017061002 6.5e-09
2017061003 7.5e-09
2017061004 7.5e-09
2017061005 1.3e-08
2017061006 9.6e-09
2017061007 9.8e-09
2017061008 6.1e-09
2017061009 3.6e-09
2017061010 3.6e-09
2017061011 2.7e-09
2017061012 2.7e-09
2017061013 2.5e-09
2017061014 3.1e-09
2017061015 2.7e-09
2017061016 2.7e-09
2017061017 2.7e-09
2017061018 nan
2017061019 4e-09
2017061020 1.13e-08
2017061021 3.02e-08
2017061022 2.93e-08
2017061023 3.92e-08
