2017060100 5.07e-09
2017060101 3.44e-09
2017060102 3.82e-09
2017060103 3.54e-09
2017060104 3.06e-09
2017060105 4.78e-09
2017060106 9.18e-09
2017060107 1.358e-08
2017060108 1.205e-08
2017060109 1.166e-08
2017060110 8.89e-09
2017060111 9.66e-09
2017060112 4.49e-09
2017060113 3.82e-09
2017060114 3.44e-09
2017060115 5.07e-09
2017060116 3.63e-09
2017060117 3.92e-09
2017060118 7.65e-09
2017060119 5.93e-09
2017060120 1.53e-08
2017060121 1.893e-08
2017060122 1.319e-08
2017060123 1.951e-08
2017060200 2.017e-08
2017060201 1.74e-08
2017060202 1.645e-08
2017060203 1.711e-08
2017060204 1.864e-08
2017060205 2.084e-08
2017060206 2.515e-08
2017060207 4.666e-08
2017060208 5.287e-08
2017060209 3.069e-08
2017060210 9.27e-09
2017060211 3.73e-09
2017060212 2.68e-09
2017060213 3.63e-09
2017060214 2.87e-09
2017060215 7.84e-09
2017060216 3.44e-09
2017060217 5.26e-09
2017060218 6.02e-09
2017060219 6.02e-09
2017060220 8.13e-09
2017060221 1.319e-08
2017060222 2.017e-08
2017060223 2.371e-08
2017060300 1.606e-08
2017060301 4.207e-08
2017060302 2.945e-08
2017060303 1.864e-08
2017060304 1.377e-08
2017060305 1.176e-08
2017060306 2.849e-08
2017060307 2.849e-08
2017060308 1.358e-08
2017060309 6.41e-09
2017060310 5.83e-09
2017060311 9.66e-09
2017060312 8.61e-09
2017060313 7.08e-09
2017060314 5.83e-09
2017060315 7.36e-09
2017060316 2.77e-09
2017060317 4.69e-09
2017060318 6.88e-09
2017060319 4.88e-09
2017060320 7.17e-09
2017060321 1.157e-08
2017060322 9.75e-09
2017060323 8.99e-09
2017060400 1.157e-08
2017060401 1.052e-08
2017060402 1.128e-08
2017060403 3.54e-09
2017060404 6.6e-09
2017060405 8.03e-09
2017060406 1.386e-08
2017060407 2.68e-09
2017060408 1.63e-09
2017060409 2.01e-09
2017060410 9.37e-09
2017060411 2.49e-09
2017060412 2.39e-09
2017060413 2.58e-09
2017060414 2.1e-09
2017060415 1.34e-09
2017060416 2.29e-09
2017060417 1.82e-09
2017060418 1.15e-09
2017060419 1.91e-09
2017060420 2.39e-09
2017060421 2.58e-09
2017060422 9.6e-10
2017060423 8.6e-10
2017060500 2.49e-09
2017060501 3.63e-09
2017060502 3.54e-09
2017060503 3.06e-09
2017060504 2.77e-09
2017060505 1.53e-09
2017060506 5.7e-10
2017060507 5.7e-10
2017060508 1.53e-09
2017060509 1.82e-09
2017060510 2.2e-09
2017060511 2.96e-09
2017060512 2.29e-09
2017060513 1.43e-09
2017060514 2.58e-09
2017060515 1.63e-09
2017060516 8.6e-10
2017060517 6.7e-10
2017060518 1.72e-09
2017060519 2.68e-09
2017060520 7.84e-09
2017060521 1.243e-08
2017060522 1.348e-08
2017060523 4.78e-09
2017060600 2.1e-09
2017060601 3.63e-09
2017060602 7.08e-09
2017060603 1.023e-08
2017060604 1.597e-08
2017060605 1.31e-08
2017060606 2.343e-08
2017060607 1.195e-08
2017060608 2.199e-08
2017060609 1.339e-08
2017060610 5.26e-09
2017060611 3.73e-09
2017060612 5.07e-09
2017060613 4.21e-09
2017060614 3.16e-09
2017060615 5.16e-09
2017060616 5.45e-09
2017060617 6.5e-09
2017060618 5.26e-09
2017060619 7.36e-09
2017060620 7.6e-10
2017060621 1.34e-09
2017060622 nan
2017060623 nan
2017060700 nan
2017060701 nan
2017060702 nan
2017060703 nan
2017060704 nan
2017060705 1.15e-09
2017060706 4.11e-09
2017060707 5.83e-09
2017060708 5.35e-09
2017060709 4.97e-09
2017060710 4.21e-09
2017060711 5.26e-09
2017060712 4.78e-09
2017060713 6.41e-09
2017060714 7.36e-09
2017060715 1.377e-08
2017060716 1.138e-08
2017060717 8.03e-09
2017060718 8.22e-09
2017060719 5.16e-09
2017060720 4.3e-09
2017060721 3.16e-09
2017060722 2.96e-09
2017060723 2.01e-09
2017060800 1.34e-09
2017060801 1.34e-09
2017060802 1.05e-09
2017060803 5.7e-10
2017060804 2.01e-09
2017060805 4.21e-09
2017060806 6.12e-09
2017060807 7.84e-09
2017060808 5.26e-09
2017060809 4.02e-09
2017060810 3.54e-09
2017060811 2.96e-09
2017060812 3.35e-09
2017060813 2.39e-09
2017060814 1.53e-09
2017060815 2.39e-09
2017060816 2.87e-09
2017060817 1.72e-09
2017060818 3.44e-09
2017060819 5.35e-09
2017060820 1.08e-08
2017060821 1.472e-08
2017060822 6.6e-09
2017060823 1.147e-08
2017060900 2.888e-08
2017060901 3.203e-08
2017060902 1.711e-08
2017060903 1.272e-08
2017060904 1.444e-08
2017060905 2.409e-08
2017060906 2.725e-08
2017060907 4.427e-08
2017060908 2.888e-08
2017060909 9.56e-09
2017060910 5.64e-09
2017060911 3.92e-09
2017060912 2.49e-09
2017060913 2.39e-09
2017060914 3.35e-09
2017060915 2.68e-09
2017060916 2.29e-09
2017060917 1.72e-09
2017060918 2.68e-09
2017060919 1.014e-08
2017060920 1.147e-08
2017060921 1.396e-08
2017060922 1.587e-08
2017060923 1.96e-08
2017061000 1.501e-08
2017061001 1.023e-08
2017061002 5.07e-09
2017061003 3.35e-09
2017061004 1.53e-09
2017061005 nan
2017061006 nan
2017061007 5.45e-09
2017061008 1.09e-08
2017061009 4.49e-09
2017061010 2.2e-09
2017061011 2.29e-09
2017061012 2.2e-09
2017061013 3.25e-09
2017061014 2.77e-09
2017061015 3.63e-09
2017061016 1.53e-09
2017061017 8.6e-10
2017061018 2.39e-09
2017061019 5.74e-09
2017061020 6.69e-09
2017061021 6.98e-09
2017061022 1.147e-08
2017061023 1.348e-08
