2017060100 1.576e-08
2017060101 1.674e-08
2017060102 1.329e-08
2017060103 9.98e-09
2017060104 8.38e-09
2017060105 1.127e-08
2017060106 1.259e-08
2017060107 2.319e-08
2017060108 3.375e-08
2017060109 3.637e-08
2017060110 nan
2017060111 2.01e-08
2017060112 1.415e-08
2017060113 1.558e-08
2017060114 1.512e-08
2017060115 1.872e-08
2017060116 1.499e-08
2017060117 1.141e-08
2017060118 1.058e-08
2017060119 1.374e-08
2017060120 1.116e-08
2017060121 1.493e-08
2017060122 7.29e-09
2017060123 6.53e-09
2017060200 6.98e-09
2017060201 1.24e-08
2017060202 1.157e-08
2017060203 9.98e-09
2017060204 1.079e-08
2017060205 1.169e-08
2017060206 1.521e-08
2017060207 1.516e-08
2017060208 1.742e-08
2017060209 1.948e-08
2017060210 1.907e-08
2017060211 1.532e-08
2017060212 9.84e-09
2017060213 8.49e-09
2017060214 8.62e-09
2017060215 1.34e-08
2017060216 1.705e-08
2017060217 1.668e-08
2017060218 1.378e-08
2017060219 1.085e-08
2017060220 1.447e-08
2017060221 1.164e-08
2017060222 1.019e-08
2017060223 1.157e-08
2017060300 1.259e-08
2017060301 1.407e-08
2017060302 1.714e-08
2017060303 1.499e-08
2017060304 1.251e-08
2017060305 1.155e-08
2017060306 1.766e-08
2017060307 1.35e-08
2017060308 7.84e-09
2017060309 7.43e-09
2017060310 8.37e-09
2017060311 8.92e-09
2017060312 9.31e-09
2017060313 7.65e-09
2017060314 8.16e-09
2017060315 7.66e-09
2017060316 1.315e-08
2017060317 1.241e-08
2017060318 1.51e-08
2017060319 1.443e-08
2017060320 1.3e-08
2017060321 1.053e-08
2017060322 1.114e-08
2017060323 7.62e-09
2017060400 7.86e-09
2017060401 1.052e-08
2017060402 6.78e-09
2017060403 5.44e-09
2017060404 6.37e-09
2017060405 6.93e-09
2017060406 6.48e-09
2017060407 5.71e-09
2017060408 6.23e-09
2017060409 6.46e-09
2017060410 4.32e-09
2017060411 4.59e-09
2017060412 4.23e-09
2017060413 4e-09
2017060414 3.66e-09
2017060415 2.69e-09
2017060416 3.59e-09
2017060417 4.22e-09
2017060418 7.09e-09
2017060419 9.34e-09
2017060420 1.243e-08
2017060421 1.555e-08
2017060422 1.849e-08
2017060423 2.035e-08
2017060500 2.427e-08
2017060501 1.865e-08
2017060502 1.016e-08
2017060503 1.081e-08
2017060504 8.9e-09
2017060505 1.024e-08
2017060506 9.25e-09
2017060507 1.04e-08
2017060508 1.273e-08
2017060509 1.26e-08
2017060510 1.329e-08
2017060511 1.2e-08
2017060512 1.201e-08
2017060513 1.051e-08
2017060514 9.04e-09
2017060515 1.56e-08
2017060516 1.152e-08
2017060517 1.021e-08
2017060518 1.312e-08
2017060519 1.161e-08
2017060520 1.034e-08
2017060521 1.546e-08
2017060522 1.685e-08
2017060523 2.352e-08
2017060600 2.676e-08
2017060601 2.686e-08
2017060602 2.885e-08
2017060603 2.798e-08
2017060604 2.981e-08
2017060605 3.196e-08
2017060606 3.07e-08
2017060607 3.13e-08
2017060608 2.329e-08
2017060609 2.036e-08
2017060610 1.376e-08
2017060611 1.418e-08
2017060612 9.24e-09
2017060613 1.828e-08
2017060614 1.442e-08
2017060615 1.297e-08
2017060616 1.034e-08
2017060617 7.96e-09
2017060618 8.1e-09
2017060619 6.63e-09
2017060620 7.6e-09
2017060621 1.248e-08
2017060622 8.53e-09
2017060623 5.25e-09
2017060700 4.87e-09
2017060701 2.94e-09
2017060702 3.32e-09
2017060703 3.09e-09
2017060704 3.96e-09
2017060705 6.94e-09
2017060706 1.194e-08
2017060707 1.527e-08
2017060708 1.094e-08
2017060709 8.73e-09
2017060710 9.89e-09
2017060711 1.023e-08
2017060712 8.35e-09
2017060713 1.259e-08
2017060714 1.051e-08
2017060715 8.12e-09
2017060716 1.332e-08
2017060717 1.397e-08
2017060718 1.492e-08
2017060719 1.195e-08
2017060720 1.289e-08
2017060721 1.764e-08
2017060722 2.82e-08
2017060723 4.341e-08
2017060800 3.721e-08
2017060801 3.024e-08
2017060802 2.011e-08
2017060803 1.313e-08
2017060804 1.229e-08
2017060805 4.538e-08
2017060806 3.942e-08
2017060807 4.137e-08
2017060808 4.544e-08
2017060809 4.066e-08
2017060810 2.58e-08
2017060811 2.244e-08
2017060812 1.341e-08
2017060813 1.089e-08
2017060814 1.344e-08
2017060815 1.655e-08
2017060816 2.158e-08
2017060817 1.404e-08
2017060818 1.572e-08
2017060819 1.459e-08
2017060820 2.358e-08
2017060821 3.97e-08
2017060822 4.308e-08
2017060823 3.79e-08
2017060900 2.919e-08
2017060901 3.136e-08
2017060902 4.306e-08
2017060903 5.433e-08
2017060904 5.092e-08
2017060905 5.859e-08
2017060906 5.538e-08
2017060907 6.304e-08
2017060908 6.267e-08
2017060909 3.836e-08
2017060910 2.05e-08
2017060911 1.774e-08
2017060912 1.379e-08
2017060913 1.423e-08
2017060914 1.291e-08
2017060915 1.554e-08
2017060916 1.589e-08
2017060917 1.575e-08
2017060918 1.288e-08
2017060919 1.748e-08
2017060920 1.961e-08
2017060921 1.892e-08
2017060922 1.955e-08
2017060923 3.176e-08
2017061000 2.842e-08
2017061001 2.331e-08
2017061002 1.275e-08
2017061003 9.57e-09
2017061004 9.26e-09
2017061005 1.19e-08
2017061006 1.943e-08
2017061007 2.137e-08
2017061008 2.367e-08
2017061009 1.94e-08
2017061010 1.123e-08
2017061011 8.81e-09
2017061012 1.048e-08
2017061013 8.51e-09
2017061014 1.001e-08
2017061015 1.23e-08
2017061016 1.371e-08
2017061017 1.144e-08
2017061018 9.15e-09
2017061019 1.189e-08
2017061020 1.509e-08
2017061021 2.215e-08
2017061022 3.562e-08
2017061023 4.745e-08
