2017060100 1.418e-07
2017060101 1.445e-07
2017060102 1.244e-07
2017060103 1.23e-07
2017060104 1.239e-07
2017060105 1.256e-07
2017060106 1.221e-07
2017060107 1.228e-07
2017060108 1.436e-07
2017060109 1.355e-07
2017060110 1.382e-07
2017060111 1.376e-07
2017060112 1.329e-07
2017060113 1.294e-07
2017060114 1.286e-07
2017060115 1.32e-07
2017060116 1.304e-07
2017060117 1.339e-07
2017060118 1.36e-07
2017060119 1.34e-07
2017060120 1.334e-07
2017060121 1.239e-07
2017060122 1.206e-07
2017060123 1.161e-07
2017060200 1.13e-07
2017060201 1.122e-07
2017060202 1.136e-07
2017060203 1.085e-07
2017060204 1.099e-07
2017060205 1.105e-07
2017060206 1.135e-07
2017060207 1.178e-07
2017060208 1.144e-07
2017060209 1.185e-07
2017060210 1.189e-07
2017060211 1.219e-07
2017060212 1.237e-07
2017060213 1.296e-07
2017060214 1.272e-07
2017060215 1.31e-07
2017060216 1.331e-07
2017060217 1.29e-07
2017060218 1.201e-07
2017060219 1.218e-07
2017060220 1.18e-07
2017060221 1.161e-07
2017060222 1.167e-07
2017060223 1.144e-07
2017060300 1.139e-07
2017060301 1.127e-07
2017060302 1.145e-07
2017060303 1.132e-07
2017060304 1.131e-07
2017060305 1.123e-07
2017060306 1.126e-07
2017060307 1.175e-07
2017060308 1.192e-07
2017060309 1.197e-07
2017060310 1.226e-07
2017060311 1.294e-07
2017060312 1.304e-07
2017060313 1.3e-07
2017060314 1.315e-07
2017060315 1.32e-07
2017060316 1.337e-07
2017060317 1.37e-07
2017060318 1.438e-07
2017060319 1.551e-07
2017060320 1.332e-07
2017060321 1.232e-07
2017060322 1.248e-07
2017060323 1.161e-07
2017060400 1.139e-07
2017060401 1.171e-07
2017060402 1.143e-07
2017060403 1.148e-07
2017060404 1.114e-07
2017060405 1.107e-07
2017060406 1.114e-07
2017060407 1.098e-07
2017060408 1.119e-07
2017060409 1.08e-07
2017060410 1.105e-07
2017060411 1.038e-07
2017060412 1.035e-07
2017060413 1.072e-07
2017060414 1.054e-07
2017060415 1.043e-07
2017060416 1.008e-07
2017060417 1.031e-07
2017060418 1.048e-07
2017060419 1.113e-07
2017060420 1.173e-07
2017060421 1.2e-07
2017060422 1.165e-07
2017060423 1.16e-07
2017060500 1.227e-07
2017060501 1.196e-07
2017060502 1.209e-07
2017060503 1.221e-07
2017060504 1.226e-07
2017060505 1.227e-07
2017060506 1.238e-07
2017060507 1.235e-07
2017060508 1.249e-07
2017060509 1.255e-07
2017060510 1.236e-07
2017060511 1.247e-07
2017060512 1.275e-07
2017060513 1.325e-07
2017060514 1.314e-07
2017060515 1.347e-07
2017060516 1.367e-07
2017060517 1.329e-07
2017060518 1.395e-07
2017060519 1.405e-07
2017060520 1.346e-07
2017060521 1.25e-07
2017060522 1.168e-07
2017060523 1.163e-07
2017060600 1.131e-07
2017060601 1.141e-07
2017060602 1.134e-07
2017060603 1.132e-07
2017060604 1.154e-07
2017060605 1.161e-07
2017060606 1.175e-07
2017060607 1.192e-07
2017060608 1.195e-07
2017060609 1.193e-07
2017060610 nan
2017060611 nan
2017060612 1.113e-07
2017060613 1.096e-07
2017060614 1.09e-07
2017060615 1.036e-07
2017060616 1.077e-07
2017060617 1.075e-07
2017060618 1.1e-07
2017060619 1.097e-07
2017060620 1.099e-07
2017060621 1.141e-07
2017060622 1.15e-07
2017060623 1.083e-07
2017060700 1.075e-07
2017060701 1.028e-07
2017060702 1.015e-07
2017060703 1.009e-07
2017060704 1.031e-07
2017060705 1.041e-07
2017060706 1.022e-07
2017060707 1.024e-07
2017060708 1.047e-07
2017060709 1.028e-07
2017060710 1.04e-07
2017060711 1.039e-07
2017060712 1.055e-07
2017060713 1.054e-07
2017060714 1.044e-07
2017060715 1.039e-07
2017060716 1.04e-07
2017060717 1.043e-07
2017060718 1.041e-07
2017060719 1.038e-07
2017060720 1.046e-07
2017060721 1.05e-07
2017060722 1.044e-07
2017060723 1.028e-07
2017060800 1.028e-07
2017060801 1.028e-07
2017060802 1.029e-07
2017060803 1.037e-07
2017060804 1.032e-07
2017060805 1.034e-07
2017060806 1.032e-07
2017060807 1.049e-07
2017060808 1.053e-07
2017060809 1.084e-07
2017060810 1.269e-07
2017060811 1.304e-07
2017060812 1.305e-07
2017060813 1.256e-07
2017060814 1.239e-07
2017060815 1.203e-07
2017060816 1.204e-07
2017060817 1.229e-07
2017060818 1.249e-07
2017060819 1.281e-07
2017060820 1.282e-07
2017060821 1.259e-07
2017060822 1.087e-07
2017060823 1.066e-07
2017060900 1.083e-07
2017060901 1.099e-07
2017060902 1.097e-07
2017060903 1.109e-07
2017060904 1.108e-07
2017060905 1.076e-07
2017060906 1.099e-07
2017060907 1.235e-07
2017060908 1.211e-07
2017060909 1.329e-07
2017060910 1.326e-07
2017060911 1.215e-07
2017060912 1.143e-07
2017060913 1.12e-07
2017060914 1.051e-07
2017060915 1.038e-07
2017060916 1.039e-07
2017060917 1.04e-07
2017060918 1.072e-07
2017060919 1.117e-07
2017060920 1.215e-07
2017060921 1.148e-07
2017060922 1.249e-07
2017060923 1.231e-07
2017061000 1.245e-07
2017061001 1.267e-07
2017061002 1.238e-07
2017061003 1.057e-07
2017061004 1.025e-07
2017061005 1.088e-07
2017061006 1.122e-07
2017061007 1.147e-07
2017061008 1.171e-07
2017061009 1.175e-07
2017061010 1.252e-07
2017061011 1.163e-07
2017061012 1.134e-07
2017061013 1.122e-07
2017061014 1.136e-07
2017061015 1.147e-07
2017061016 1.155e-07
2017061017 1.172e-07
2017061018 1.183e-07
2017061019 1.193e-07
2017061020 1.248e-07
2017061021 1.232e-07
2017061022 1.265e-07
2017061023 1.241e-07
