2017060100 9.8e-09
2017060101 nan
2017060102 9.8e-09
2017060103 1.03e-08
2017060104 1.03e-08
2017060105 1.13e-08
2017060106 1.15e-08
2017060107 9.6e-09
2017060108 8.2e-09
2017060109 6.7e-09
2017060110 6.3e-09
2017060111 5.9e-09
2017060112 6.1e-09
2017060113 6.1e-09
2017060114 7.5e-09
2017060115 6.1e-09
2017060116 5.7e-09
2017060117 5.9e-09
2017060118 5.7e-09
2017060119 6.1e-09
2017060120 8.8e-09
2017060121 nan
2017060122 1.19e-08
2017060123 1.13e-08
2017060200 1.15e-08
2017060201 nan
2017060202 8.6e-09
2017060203 8.8e-09
2017060204 8e-09
2017060205 9.2e-09
2017060206 9.2e-09
2017060207 7.7e-09
2017060208 1.07e-08
2017060209 1.09e-08
2017060210 7.7e-09
2017060211 5.7e-09
2017060212 5.5e-09
2017060213 5.2e-09
2017060214 5e-09
2017060215 4.6e-09
2017060216 4.4e-09
2017060217 4.4e-09
2017060218 5e-09
2017060219 7.3e-09
2017060220 nan
2017060221 1.49e-08
2017060222 1.32e-08
2017060223 1.09e-08
2017060300 1.19e-08
2017060301 nan
2017060302 1.36e-08
2017060303 1.03e-08
2017060304 1.09e-08
2017060305 1.22e-08
2017060306 1.13e-08
2017060307 8.6e-09
2017060308 6.9e-09
2017060309 4.6e-09
2017060310 4.6e-09
2017060311 4.2e-09
2017060312 4.4e-09
2017060313 4.6e-09
2017060314 4.2e-09
2017060315 4e-09
2017060316 3.8e-09
2017060317 3.6e-09
2017060318 4e-09
2017060319 nan
2017060320 5.2e-09
2017060321 5.7e-09
2017060322 5.4e-09
2017060323 5.7e-09
2017060400 6.3e-09
2017060401 nan
2017060402 5.5e-09
2017060403 6.3e-09
2017060404 6.7e-09
2017060405 6.3e-09
2017060406 5.9e-09
2017060407 6.7e-09
2017060408 6.7e-09
2017060409 7.5e-09
2017060410 6.5e-09
2017060411 5.7e-09
2017060412 5.2e-09
2017060413 4.6e-09
2017060414 4.4e-09
2017060415 4e-09
2017060416 3.8e-09
2017060417 4.2e-09
2017060418 nan
2017060419 5e-09
2017060420 5.9e-09
2017060421 7.8e-09
2017060422 9.8e-09
2017060423 1.11e-08
2017060500 8.4e-09
2017060501 nan
2017060502 8e-09
2017060503 8.2e-09
2017060504 9e-09
2017060505 9.8e-09
2017060506 6.3e-09
2017060507 5.7e-09
2017060508 5.4e-09
2017060509 3.4e-09
2017060510 3.8e-09
2017060511 4e-09
2017060512 3.4e-09
2017060513 3.6e-09
2017060514 4.2e-09
2017060515 4.6e-09
2017060516 4.4e-09
2017060517 nan
2017060518 5.5e-09
2017060519 5.7e-09
2017060520 6.5e-09
2017060521 1.36e-08
2017060522 7.8e-09
2017060523 5.7e-09
2017060600 6.1e-09
2017060601 nan
2017060602 8e-09
2017060603 6.3e-09
2017060604 6.9e-09
2017060605 5.7e-09
2017060606 5e-09
2017060607 4.6e-09
2017060608 5.2e-09
2017060609 5.4e-09
2017060610 5.2e-09
2017060611 3.8e-09
2017060612 3.6e-09
2017060613 3.4e-09
2017060614 3.4e-09
2017060615 4e-09
2017060616 nan
2017060617 3.6e-09
2017060618 4e-09
2017060619 3.4e-09
2017060620 3.4e-09
2017060621 5.4e-09
2017060622 5e-09
2017060623 4e-09
2017060700 3.4e-09
2017060701 nan
2017060702 3.8e-09
2017060703 3.4e-09
2017060704 3.1e-09
2017060705 3.1e-09
2017060706 3.1e-09
2017060707 3.3e-09
2017060708 3.1e-09
2017060709 3.1e-09
2017060710 2.9e-09
2017060711 2.9e-09
2017060712 3.1e-09
2017060713 3.1e-09
2017060714 2.7e-09
2017060715 nan
2017060716 2.9e-09
2017060717 3.3e-09
2017060718 3.4e-09
2017060719 3.6e-09
2017060720 4e-09
2017060721 4.2e-09
2017060722 3.8e-09
2017060723 3.6e-09
2017060800 3.3e-09
2017060801 nan
2017060802 3.8e-09
2017060803 3.6e-09
2017060804 3.8e-09
2017060805 4e-09
2017060806 4.2e-09
2017060807 4.4e-09
2017060808 3.8e-09
2017060809 3.8e-09
2017060810 4.2e-09
2017060811 3.6e-09
2017060812 3.6e-09
2017060813 4e-09
2017060814 nan
2017060815 3.6e-09
2017060816 3.4e-09
2017060817 3.8e-09
2017060818 3.4e-09
2017060819 3.4e-09
2017060820 6.1e-09
2017060821 8.6e-09
2017060822 7.7e-09
2017060823 9.8e-09
2017060900 1.21e-08
2017060901 nan
2017060902 9.2e-09
2017060903 9.2e-09
2017060904 1.09e-08
2017060905 9.2e-09
2017060906 6.3e-09
2017060907 6.5e-09
2017060908 6.3e-09
2017060909 5.5e-09
2017060910 3.6e-09
2017060911 3.6e-09
2017060912 3.6e-09
2017060913 nan
2017060914 3.6e-09
2017060915 3.4e-09
2017060916 2.9e-09
2017060917 3.3e-09
2017060918 3.3e-09
2017060919 4.6e-09
2017060920 5.4e-09
2017060921 5.2e-09
2017060922 5.4e-09
2017060923 7.3e-09
2017061000 4.8e-09
2017061001 nan
2017061002 2.5e-09
2017061003 3.1e-09
2017061004 4.2e-09
2017061005 5.9e-09
2017061006 7.3e-09
2017061007 4.6e-09
2017061008 3.6e-09
2017061009 2.9e-09
2017061010 2.9e-09
2017061011 3.3e-09
2017061012 nan
2017061013 4e-09
2017061014 4.2e-09
2017061015 4e-09
2017061016 4e-09
2017061017 3.8e-09
2017061018 4e-09
2017061019 5.5e-09
2017061020 6.7e-09
2017061021 1.05e-08
2017061022 8.8e-09
2017061023 9.6e-09
