2017060100 5.242e-08
2017060101 5.194e-08
2017060102 5.291e-08
2017060103 5.151e-08
2017060104 5.015e-08
2017060105 5.024e-08
2017060106 5.102e-08
2017060107 5.151e-08
2017060108 5.276e-08
2017060109 5.902e-08
2017060110 6.007e-08
2017060111 6.004e-08
2017060112 5.805e-08
2017060113 5.737e-08
2017060114 6.164e-08
2017060115 6.241e-08
2017060116 6.295e-08
2017060117 6.12e-08
2017060118 4.364e-08
2017060119 4.142e-08
2017060120 4.171e-08
2017060121 4.263e-08
2017060122 5.005e-08
2017060123 4.544e-08
2017060200 4.355e-08
2017060201 4.311e-08
2017060202 4.243e-08
2017060203 4.233e-08
2017060204 4.243e-08
2017060205 4.462e-08
2017060206 4.253e-08
2017060207 4.175e-08
2017060208 4.602e-08
2017060209 5.152e-08
2017060210 5.286e-08
2017060211 5.213e-08
2017060212 4.811e-08
2017060213 4.908e-08
2017060214 5.141e-08
2017060215 5.601e-08
2017060216 4.85e-08
2017060217 4.694e-08
2017060218 4.82e-08
2017060219 4.792e-08
2017060220 5.078e-08
2017060221 5.32e-08
2017060222 5.093e-08
2017060223 5e-08
2017060300 4.5e-08
2017060301 4.428e-08
2017060302 4.297e-08
2017060303 4.21e-08
2017060304 4.156e-08
2017060305 4.369e-08
2017060306 4.379e-08
2017060307 4.156e-08
2017060308 4.457e-08
2017060309 4.866e-08
2017060310 5.611e-08
2017060311 5.796e-08
2017060312 6.193e-08
2017060313 5.922e-08
2017060314 6.096e-08
2017060315 6.606e-08
2017060316 7.604e-08
2017060317 7.61e-08
2017060318 7.784e-08
2017060319 7.764e-08
2017060320 7.881e-08
2017060321 7.978e-08
2017060322 8.138e-08
2017060323 7.847e-08
2017060400 7.619e-08
2017060401 7.59e-08
2017060402 7.473e-08
2017060403 7.435e-08
2017060404 7.255e-08
2017060405 7.027e-08
2017060406 7.095e-08
2017060407 7.115e-08
2017060408 7.184e-08
2017060409 6.693e-08
2017060410 6.339e-08
2017060411 6.261e-08
2017060412 6.231e-08
2017060413 6.077e-08
2017060414 5.659e-08
2017060415 5.116e-08
2017060416 4.578e-08
2017060417 4.442e-08
2017060418 4.796e-08
2017060419 5.218e-08
2017060420 5.742e-08
2017060421 5.102e-08
2017060422 4.772e-08
2017060423 4.763e-08
2017060500 4.738e-08
2017060501 4.811e-08
2017060502 4.563e-08
2017060503 4.466e-08
2017060504 4.53e-08
2017060505 4.607e-08
2017060506 4.626e-08
2017060507 4.588e-08
2017060508 4.566e-08
2017060509 5.645e-08
2017060510 5.985e-08
2017060511 5.81e-08
2017060512 5.499e-08
2017060513 5.374e-08
2017060514 5.538e-08
2017060515 5.659e-08
2017060516 5.48e-08
2017060517 5.175e-08
2017060518 5.66e-08
2017060519 5.402e-08
2017060520 5.078e-08
2017060521 4.796e-08
2017060522 4.874e-08
2017060523 4.714e-08
2017060600 4.884e-08
2017060601 4.86e-08
2017060602 4.796e-08
2017060603 4.825e-08
2017060604 4.859e-08
2017060605 4.743e-08
2017060606 4.515e-08
2017060607 4.632e-08
2017060608 4.602e-08
2017060609 4.927e-08
2017060610 5.51e-08
2017060611 5.082e-08
2017060612 5.413e-08
2017060613 4.893e-08
2017060614 5.015e-08
2017060615 5.092e-08
2017060616 4.52e-08
2017060617 4.272e-08
2017060618 4.641e-08
2017060619 4.646e-08
2017060620 4.341e-08
2017060621 4.399e-08
2017060622 4.374e-08
2017060623 3.996e-08
2017060700 4.011e-08
2017060701 3.753e-08
2017060702 4.112e-08
2017060703 4.243e-08
2017060704 4.306e-08
2017060705 4.36e-08
2017060706 4.471e-08
2017060707 4.792e-08
2017060708 5.034e-08
2017060709 5.431e-08
2017060710 6.457e-08
2017060711 6.343e-08
2017060712 6.096e-08
2017060713 6.12e-08
2017060714 6.096e-08
2017060715 6.072e-08
2017060716 5.902e-08
2017060717 6.111e-08
2017060718 6.227e-08
2017060719 6.387e-08
2017060720 6.479e-08
2017060721 6.382e-08
2017060722 6.028e-08
2017060723 6.12e-08
2017060800 6.067e-08
2017060801 6.154e-08
2017060802 6.048e-08
2017060803 5.975e-08
2017060804 5.941e-08
2017060805 6.004e-08
2017060806 5.917e-08
2017060807 5.863e-08
2017060808 5.771e-08
2017060809 1.0767e-07
2017060810 6.673e-08
2017060811 6.596e-08
2017060812 6.343e-08
2017060813 6.256e-08
2017060814 6.339e-08
2017060815 6.489e-08
2017060816 6.339e-08
2017060817 6.683e-08
2017060818 7.168e-08
2017060819 7.323e-08
2017060820 7.696e-08
2017060821 7.813e-08
2017060822 7.483e-08
2017060823 7.085e-08
2017060900 6.989e-08
2017060901 6.887e-08
2017060902 6.668e-08
2017060903 6.368e-08
2017060904 6.378e-08
2017060905 6.334e-08
2017060906 6.266e-08
2017060907 6.241e-08
2017060908 6.624e-08
2017060909 7.62e-08
2017060910 7.129e-08
2017060911 7.313e-08
2017060912 7.187e-08
2017060913 7.27e-08
2017060914 6.974e-08
2017060915 6.983e-08
2017060916 7.066e-08
2017060917 7.134e-08
2017060918 6.906e-08
2017060919 7.013e-08
2017060920 6.829e-08
2017060921 6.649e-08
2017060922 6.678e-08
2017060923 6.726e-08
2017061000 7.12e-08
2017061001 7.008e-08
2017061002 7.056e-08
2017061003 7.119e-08
2017061004 7.066e-08
2017061005 6.79e-08
2017061006 6.766e-08
2017061007 6.877e-08
2017061008 7.493e-08
2017061009 7.304e-08
2017061010 7.255e-08
2017061011 7.12e-08
2017061012 6.324e-08
2017061013 6.421e-08
2017061014 6.164e-08
2017061015 6.222e-08
2017061016 6.028e-08
2017061017 6.688e-08
2017061018 7.104e-08
2017061019 7.352e-08
2017061020 7.517e-08
2017061021 7.434e-08
2017061022 7.163e-08
2017061023 7.206e-08
