2017060100 1.5e-07
2017060101 nan
2017060102 1.37e-07
2017060103 nan
2017060104 1.75e-07
2017060105 2.2e-07
2017060106 1.68e-07
2017060107 1.48e-07
2017060108 1.4e-07
2017060109 1.36e-07
2017060110 1.88e-07
2017060111 1.9e-07
2017060112 1.71e-07
2017060113 1.81e-07
2017060114 1.96e-07
2017060115 1.93e-07
2017060116 1.78e-07
2017060117 1.64e-07
2017060118 1.53e-07
2017060119 1.44e-07
2017060120 1.77e-07
2017060121 2.14e-07
2017060122 1.85e-07
2017060123 1.96e-07
2017060200 1.78e-07
2017060201 nan
2017060202 nan
2017060203 1.55e-07
2017060204 1.41e-07
2017060205 1.36e-07
2017060206 1.53e-07
2017060207 1.72e-07
2017060208 1.55e-07
2017060209 1.25e-07
2017060210 1.48e-07
2017060211 1.4e-07
2017060212 1.41e-07
2017060213 1.32e-07
2017060214 1.58e-07
2017060215 1.85e-07
2017060216 1.3e-07
2017060217 1.18e-07
2017060218 5.8e-08
2017060219 5.8e-08
2017060220 5.8e-08
2017060221 1.61e-07
2017060222 1.5e-07
2017060223 1.54e-07
2017060300 1.74e-07
2017060301 nan
2017060302 1.64e-07
2017060303 1.49e-07
2017060304 1.44e-07
2017060305 1.49e-07
2017060306 1.75e-07
2017060307 1.56e-07
2017060308 1.82e-07
2017060309 1.67e-07
2017060310 1.9e-07
2017060311 1.95e-07
2017060312 1.56e-07
2017060313 1.47e-07
2017060314 1.51e-07
2017060315 1.5e-07
2017060316 1.54e-07
2017060317 1.64e-07
2017060318 1.83e-07
2017060319 2.09e-07
2017060320 2.45e-07
2017060321 3.12e-07
2017060322 3.27e-07
2017060323 3.6e-07
2017060400 nan
2017060401 nan
2017060402 3.02e-07
2017060403 2.95e-07
2017060404 2.78e-07
2017060405 2.49e-07
2017060406 2.41e-07
2017060407 2.38e-07
2017060408 1.86e-07
2017060409 1.21e-07
2017060410 1.19e-07
2017060411 1.28e-07
2017060412 1.29e-07
2017060413 5.8e-08
2017060414 1.16e-07
2017060415 5.8e-08
2017060416 1.22e-07
2017060417 5.8e-08
2017060418 5.8e-08
2017060419 5.8e-08
2017060420 5.8e-08
2017060421 5.8e-08
2017060422 5.8e-08
2017060423 nan
2017060500 1.21e-07
2017060501 nan
2017060502 1.3e-07
2017060503 1.28e-07
2017060504 1.35e-07
2017060505 1.69e-07
2017060506 1.71e-07
2017060507 1.58e-07
2017060508 1.6e-07
2017060509 1.7e-07
2017060510 1.67e-07
2017060511 1.57e-07
2017060512 1.89e-07
2017060513 1.88e-07
2017060514 2.34e-07
2017060515 nan
2017060516 3.16e-07
2017060517 3.27e-07
2017060518 3.33e-07
2017060519 2.92e-07
2017060520 3.34e-07
2017060521 3.63e-07
2017060522 nan
2017060523 3.23e-07
2017060600 2.84e-07
2017060601 nan
2017060602 2.34e-07
2017060603 2.55e-07
2017060604 3.06e-07
2017060605 8.86e-07
2017060606 nan
2017060607 8.34e-07
2017060608 3.89e-07
2017060609 1.93e-07
2017060610 1.75e-07
2017060611 1.67e-07
2017060612 1.7e-07
2017060613 1.79e-07
2017060614 1.86e-07
2017060615 1.77e-07
2017060616 1.82e-07
2017060617 1.61e-07
2017060618 1.51e-07
2017060619 1.39e-07
2017060620 1.34e-07
2017060621 nan
2017060622 1.32e-07
2017060623 1.2e-07
2017060700 5.8e-08
2017060701 nan
2017060702 5.8e-08
2017060703 5.8e-08
2017060704 5.8e-08
2017060705 5.8e-08
2017060706 1.42e-07
2017060707 nan
2017060708 1.19e-07
2017060709 5.8e-08
2017060710 5.8e-08
2017060711 5.8e-08
2017060712 1.2e-07
2017060713 1.32e-07
2017060714 1.43e-07
2017060715 1.43e-07
2017060716 1.29e-07
2017060717 1.26e-07
2017060718 5.8e-08
2017060719 5.8e-08
2017060720 nan
2017060721 5.8e-08
2017060722 1.3e-07
2017060723 1.29e-07
2017060800 5.8e-08
2017060801 nan
2017060802 5.8e-08
2017060803 5.8e-08
2017060804 5.8e-08
2017060805 1.32e-07
2017060806 1.6e-07
2017060807 1.42e-07
2017060808 1.23e-07
2017060809 5.8e-08
2017060810 1.23e-07
2017060811 1.42e-07
2017060812 1.47e-07
2017060813 1.64e-07
2017060814 2.12e-07
2017060815 2.41e-07
2017060816 2.7e-07
2017060817 2.67e-07
2017060818 4.22e-07
2017060819 nan
2017060820 3.29e-07
2017060821 3.41e-07
2017060822 4.35e-07
2017060823 3.84e-07
2017060900 3.08e-07
2017060901 nan
2017060902 2.07e-07
2017060903 1.82e-07
2017060904 1.79e-07
2017060905 1.99e-07
2017060906 2.07e-07
2017060907 2.29e-07
2017060908 5.72e-07
2017060909 1.118e-06
2017060910 3.35e-07
2017060911 2.48e-07
2017060912 2.32e-07
2017060913 2.19e-07
2017060914 1.83e-07
2017060915 1.72e-07
2017060916 1.91e-07
2017060917 2.4e-07
2017060918 nan
2017060919 2.05e-07
2017060920 2.07e-07
2017060921 2.14e-07
2017060922 3.46e-07
2017060923 4.11e-07
2017061000 2.5e-07
2017061001 nan
2017061002 1.92e-07
2017061003 1.92e-07
2017061004 1.74e-07
2017061005 1.62e-07
2017061006 1.4e-07
2017061007 1.19e-07
2017061008 5.8e-08
2017061009 5.8e-08
2017061010 5.8e-08
2017061011 5.8e-08
2017061012 5.8e-08
2017061013 5.8e-08
2017061014 5.8e-08
2017061015 5.8e-08
2017061016 5.8e-08
2017061017 nan
2017061018 5.8e-08
2017061019 5.8e-08
2017061020 5.8e-08
2017061021 1.57e-07
2017061022 1.42e-07
2017061023 1.49e-07
