2017060100 2.6e-07
2017060101 nan
2017060102 2.25e-07
2017060103 2.21e-07
2017060104 6.16e-07
2017060105 2.61e-07
2017060106 2.95e-07
2017060107 2.83e-07
2017060108 2.36e-07
2017060109 2.36e-07
2017060110 2.5e-07
2017060111 2.55e-07
2017060112 2.56e-07
2017060113 2.5e-07
2017060114 2.5e-07
2017060115 2.33e-07
2017060116 2.29e-07
2017060117 2.18e-07
2017060118 2.17e-07
2017060119 2.34e-07
2017060120 nan
2017060121 2.43e-07
2017060122 2.36e-07
2017060123 2.24e-07
2017060200 2.18e-07
2017060201 nan
2017060202 2.16e-07
2017060203 2.1e-07
2017060204 2.13e-07
2017060205 2.42e-07
2017060206 2.24e-07
2017060207 2.38e-07
2017060208 2.57e-07
2017060209 2.76e-07
2017060210 2.63e-07
2017060211 2.38e-07
2017060212 2.47e-07
2017060213 2.54e-07
2017060214 2.48e-07
2017060215 2.27e-07
2017060216 2.53e-07
2017060217 2.09e-07
2017060218 2.12e-07
2017060219 nan
2017060220 2.62e-07
2017060221 2.74e-07
2017060222 3.02e-07
2017060223 3.02e-07
2017060300 2.9e-07
2017060301 nan
2017060302 2.69e-07
2017060303 2.6e-07
2017060304 2.66e-07
2017060305 2.68e-07
2017060306 2.88e-07
2017060307 2.8e-07
2017060308 3.02e-07
2017060309 3.18e-07
2017060310 3.03e-07
2017060311 3.01e-07
2017060312 2.83e-07
2017060313 2.7e-07
2017060314 3.01e-07
2017060315 2.91e-07
2017060316 2.76e-07
2017060317 2.73e-07
2017060318 nan
2017060319 2.88e-07
2017060320 2.91e-07
2017060321 2.92e-07
2017060322 3.03e-07
2017060323 2.76e-07
2017060400 2.73e-07
2017060401 nan
2017060402 2.69e-07
2017060403 2.69e-07
2017060404 2.75e-07
2017060405 2.76e-07
2017060406 2.84e-07
2017060407 3.12e-07
2017060408 3.15e-07
2017060409 3.23e-07
2017060410 3.22e-07
2017060411 3.27e-07
2017060412 3.23e-07
2017060413 3.06e-07
2017060414 2.67e-07
2017060415 2.6e-07
2017060416 2.28e-07
2017060417 nan
2017060418 2.38e-07
2017060419 2.35e-07
2017060420 2.39e-07
2017060421 2.63e-07
2017060422 2.87e-07
2017060423 2.66e-07
2017060500 2.49e-07
2017060501 nan
2017060502 2.24e-07
2017060503 2.27e-07
2017060504 2.29e-07
2017060505 2.5e-07
2017060506 2.97e-07
2017060507 2.92e-07
2017060508 3.08e-07
2017060509 3.19e-07
2017060510 2.7e-07
2017060511 2.31e-07
2017060512 2.34e-07
2017060513 2.21e-07
2017060514 2.41e-07
2017060515 2.28e-07
2017060516 nan
2017060517 2.1e-07
2017060518 2.09e-07
2017060519 2.21e-07
2017060520 2.38e-07
2017060521 2.39e-07
2017060522 2.2e-07
2017060523 2.25e-07
2017060600 2.09e-07
2017060601 nan
2017060602 2.18e-07
2017060603 2.13e-07
2017060604 2.1e-07
2017060605 2.43e-07
2017060606 2.74e-07
2017060607 3.19e-07
2017060608 2.8e-07
2017060609 2.64e-07
2017060610 2.75e-07
2017060611 2.73e-07
2017060612 2.9e-07
2017060613 3.46e-07
2017060614 3.3e-07
2017060615 nan
2017060616 2.97e-07
2017060617 3.25e-07
2017060618 3.12e-07
2017060619 2.92e-07
2017060620 2.83e-07
2017060621 2.73e-07
2017060622 2.26e-07
2017060623 2.04e-07
2017060700 1.98e-07
2017060701 nan
2017060702 1.75e-07
2017060703 1.69e-07
2017060704 1.69e-07
2017060705 1.93e-07
2017060706 2.31e-07
2017060707 2.56e-07
2017060708 2.26e-07
2017060709 2.25e-07
2017060710 2e-07
2017060711 2e-07
2017060712 1.99e-07
2017060713 1.83e-07
2017060714 nan
2017060715 2.49e-07
2017060716 2.46e-07
2017060717 2.41e-07
2017060718 2.22e-07
2017060719 2.26e-07
2017060720 2.47e-07
2017060721 2.11e-07
2017060722 2.34e-07
2017060723 2.1e-07
2017060800 1.98e-07
2017060801 nan
2017060802 1.93e-07
2017060803 2e-07
2017060804 2.05e-07
2017060805 2.43e-07
2017060806 3.26e-07
2017060807 3.08e-07
2017060808 2.67e-07
2017060809 2.62e-07
2017060810 2.36e-07
2017060811 2.33e-07
2017060812 2.31e-07
2017060813 nan
2017060814 2.14e-07
2017060815 2.24e-07
2017060816 2.17e-07
2017060817 2.1e-07
2017060818 2.17e-07
2017060819 2.19e-07
2017060820 2.41e-07
2017060821 2.55e-07
2017060822 2.43e-07
2017060823 2.55e-07
2017060900 1.93e-07
2017060901 nan
2017060902 2.19e-07
2017060903 1.97e-07
2017060904 1.86e-07
2017060905 2.22e-07
2017060906 2.4e-07
2017060907 2.41e-07
2017060908 2.49e-07
2017060909 2.53e-07
2017060910 2.03e-07
2017060911 1.79e-07
2017060912 nan
2017060913 2.11e-07
2017060914 2.05e-07
2017060915 2.21e-07
2017060916 2.36e-07
2017060917 2.4e-07
2017060918 2.28e-07
2017060919 2.49e-07
2017060920 2.53e-07
2017060921 2.75e-07
2017060922 2.95e-07
2017060923 2.63e-07
2017061000 2.56e-07
2017061001 nan
2017061002 2.11e-07
2017061003 2.11e-07
2017061004 2.11e-07
2017061005 2.18e-07
2017061006 2.28e-07
2017061007 2.21e-07
2017061008 2.28e-07
2017061009 2.31e-07
2017061010 2.24e-07
2017061011 nan
2017061012 2.07e-07
2017061013 2.03e-07
2017061014 2.02e-07
2017061015 2.19e-07
2017061016 2.03e-07
2017061017 2.03e-07
2017061018 2.12e-07
2017061019 1.89e-07
2017061020 2.05e-07
2017061021 2.18e-07
2017061022 2.68e-07
2017061023 2.83e-07
